27960.15 28000
30489.11 30500
37186.00 37200
36315.21 36400
32458.59 32500
39031.36 39100
1368.62 1400
1268.90 1300
1400.65 1500
1058.99 1100
1039.82 1100
30464.29 30500
30299.58 30300
30239.10 30300
31317.49 31400
36543.61 36600
37510.59 37600
37981.59 38000
37826.20 37900
1257.82 1300
1308.67 1400
857.79 900
943.48 1000
29899.95 29900
31035.09 31100
37652.55 37700
37270.51 37300
1241.27 1300
1129.98 1200
1316.40 1400
999.83 1000
29820.38 29900
32175.06 32200
37298.57 37300
37633.84 37700
781.90 800
764.12 800
818.39 900
756.92 800
713.75 800
554.74 600
31789.66 31800
31326.93 31400
37668.34 37700
38981.99 39000
1438.71 1500
1465.45 1500
1328.41 1400
902.06 1000
802.08 900
31304.65 31400
30783.28 30800
30210.34 30300
31568.66 31600
32128.14 32200
37762.14 37800
39029.04 39100
37150.33 37200
37726.36 37800
38509.16 38600
1274.26 1300
1351.70 1400
1451.18 1500
1032.75 1100
512.19 600
31604.77 31700
30176.59 30200
30815.20 30900
31884.40 31900
30548.95 30600
32079.36 32100
31263.25 31300
31019.19 31100
34052.06 34100
36245.41 36300
36656.10 36700
37785.19 37800
37341.33 37400
37876.66 37900
38747.32 38800
39091.05 39100
1209.02 1300
1496.45 1500
1538.17 1600
1227.39 1300
1398.71 1400
898.29 900
981.85 1000
912.44 1000
29472.86 29500
30463.96 30500
36225.42 36300
37938.31 38000
29023.32 29100
38022.24 38100
1582.89 1600
1621.25 1700
1357.79 1400
1037.70 1100
978.25 1000
30494.55 30500
37875.61 37900
744.55 800
767.01 800
813.79 900
547.58 600
31045.83 31100
31434.25 31500
38210.59 38300
38297.56 38300
32170.03 32200
39543.88 39600
1331.10 1400
1374.96 1400
966.72 1000
883.60 900
27891.84 27900
28309.27 28400
36635.45 36700
37165.37 37200
703.64 800
926.67 1000
716.07 800
707.10 800
942.45 1000
673.75 700
835.40 900
870.00 900
584.12 600
646.39 700
30162.45 30200
31925.58 32000
31426.28 31500
34948.63 35000
34602.40 34700
37812.83 37900
30837.30 30900
37394.58 37400
28148.11 28200
29014.94 29100
30674.78 30700
31488.16 31500
39070.19 39100
36873.51 36900
37960.22 38000
37450.13 37500
1250.52 1300
1045.97 1100
1046.85 1100
1196.69 1200
1158.06 1200
962.34 1000
733.63 800
879.81 900
742.63 800
1046.99 1100
32474.50 32500
37345.11 37400
31562.63 31600
38634.64 38700
1305.94 1400
1076.58 1100
32099.23 32100
38371.12 38400
1357.71 1400
1401.72 1500
1276.57 1300
1105.57 1200
30294.66 30300
30367.90 30400
30586.29 30600
38251.46 38300
37209.38 37300
37893.94 37900
741.74 800
767.32 800
696.33 700
720.79 800
613.83 700
555.28 600
31635.27 31700
31636.82 31700
37402.93 37500
37578.78 37600
31990.05 32000
38480.92 38500
1405.88 1500
1321.63 1400
1283.49 1300
830.83 900
903.91 1000
29037.16 29100
37873.54 37900
1160.56 1200
1244.12 1300
1178.07 1200
955.97 1000
30461.52 30500
37563.77 37600
30809.91 30900
30067.55 30100
38165.30 38200
38112.85 38200
1064.94 1100
1170.35 1200
1204.90 1300
943.95 1000
771.37 800
31331.31 31400
36967.03 37000
30128.56 30200
31220.06 31300
37198.28 37200
38075.34 38100
1183.73 1200
1263.72 1300
1295.40 1300
951.01 1000
31001.92 31100
30863.18 30900
30178.67 30200
36924.41 37000
38249.79 38300
38127.20 38200
1322.04 1400
1293.06 1300
1369.56 1400
1022.44 1100
30229.51 30300
30066.20 30100
30123.38 30200
37005.97 37100
37396.36 37400
37814.11 37900
28548.57 28600
31993.70 32000
37137.42 37200
38649.65 38700
733.23 800
1560.44 1600
723.15 800
692.03 700
1350.25 1400
694.52 700
1540.16 1600
1079.77 1100
585.95 600
603.33 700
30072.48 30100
30862.75 30900
37492.67 37500
38554.34 38600
29504.08 29600
30967.73 31000
30553.81 30600
30642.38 30700
30151.02 30200
37610.04 37700
38001.58 38100
36995.71 37000
38258.31 38300
38313.75 38400
730.01 800
1216.75 1300
724.47 800
1106.10 1200
808.53 900
731.26 800
1117.32 1200
649.36 700
959.38 1000
843.80 900
31060.89 31100
30282.97 30300
32250.62 32300
37672.59 37700
37665.86 37700
37911.94 38000
1311.61 1400
1384.23 1400
1594.69 1600
1144.74 1200
844.62 900
31124.84 31200
30526.14 30600
31016.59 31100
30981.24 31000
36931.10 37000
38142.72 38200
38824.03 38900
38249.71 38300
1523.99 1600
1423.20 1500
1136.80 1200
1128.79 1200
30916.35 31000
30713.27 30800
36166.23 36200
38153.14 38200
30261.64 30300
31589.21 31600
30074.02 30100
37184.31 37200
36822.41 36900
39064.60 39100
1227.42 1300
1056.03 1100
1057.81 1100
772.96 800
780.03 800
30743.42 30800
29964.93 30000
31895.23 31900
31168.27 31200
31067.56 31100
31231.31 31300
35117.72 35200
35065.79 35100
36652.20 36700
36920.90 37000
39589.97 39600
38449.91 38500
719.67 800
776.00 800
797.74 800
738.70 800
574.15 600
570.00 600
603.97 700
28477.29 28500
28996.23 29000
32183.82 32200
39042.45 39100
37057.39 37100
39025.34 39100
1195.35 1200
793.83 800
1249.56 1300
1159.99 1200
682.13 700
744.70 800
1045.88 1100
1288.62 1300
731.99 800
568.60 600
556.10 600
899.92 900
998.82 1000
719.43 800
32478.67 32500
38738.21 38800
1347.92 1400
1491.61 1500
1046.94 1100
32523.89 32600
32595.81 32600
31508.55 31600
32670.63 32700
38978.35 39000
38916.77 39000
39222.75 39300
38934.12 39000
1373.96 1400
1413.30 1500
1464.50 1500
1141.28 1200
930.97 1000
31441.46 31500
38086.39 38100
29058.80 29100
29940.60 30000
31009.66 31100
32115.35 32200
31164.81 31200
37047.76 37100
37398.83 37400
38940.23 39000
38324.94 38400
37729.29 37800
1311.22 1400
1156.32 1200
788.81 800
1457.51 1500
1139.34 1200
765.02 800
1311.78 1400
1117.50 1200
768.48 800
1039.52 1100
863.68 900
586.08 600
903.00 1000
677.55 700
820.50 900
995.71 1000
766.15 800
28431.70 28500
28714.90 28800
29861.89 29900
32757.22 32800
35027.67 35100
36650.92 36700
36919.28 37000
37572.16 37600
739.54 800
666.35 700
738.76 800
681.94 700
632.99 700
502.54 600
515.39 600
29646.08 29700
30605.69 30700
29913.11 30000
30532.95 30600
36279.91 36300
37715.82 37800
38277.96 38300
37608.28 37700
1227.28 1300
780.93 800
1186.09 1200
760.63 800
696.02 700
1142.19 1200
798.23 800
591.85 600
618.53 700
30064.25 30100
31052.50 31100
33681.57 33700
37604.40 37700
820.04 900
873.14 900
697.62 700
608.41 700
591.96 600
30205.82 30300
31382.45 31400
38466.72 38500
38642.61 38700
31329.34 31400
31335.80 31400
35095.36 35100
37672.95 37700
1051.14 1100
32035.08 32100
31817.68 31900
31835.55 31900
35724.94 35800
36997.35 37000
38825.33 38900
1392.82 1400
1497.93 1500
1508.52 1600
1229.59 1300
25525.28 25600
30630.36 30700
31770.10 31800
30851.36 30900
36025.25 36100
36005.56 36100
36838.32 36900
34775.54 34800
30579.72 30600
31274.36 31300
35312.09 35400
37637.02 37700
28077.53 28100
28317.94 28400
30414.49 30500
37702.59 37800
36966.97 37000
37488.40 37500
1139.89 1200
758.34 800
1183.97 1200
688.97 700
696.79 700
1219.91 1300
740.39 800
627.65 700
816.12 900
692.38 700
827.78 900
31316.60 31400
38457.74 38500
30156.14 30200
32451.70 32500
38560.42 38600
37897.67 37900
1530.89 1600
1574.60 1600
1186.57 1200
1205.87 1300
30647.12 30700
31166.29 31200
30338.01 30400
30985.04 31000
35999.87 36000
37682.30 37700
38348.02 38400
37856.50 37900
1168.60 1200
1313.94 1400
1096.34 1100
846.15 900
764.20 800
29646.46 29700
39045.37 39100
32323.95 32400
31881.46 31900
30965.90 31000
35569.28 35600
36014.36 36100
39008.65 39100
30480.33 30500
30232.01 30300
37663.91 37700
37704.32 37800
1142.79 1200
1035.80 1100
1113.46 1200
761.98 800
31038.57 31100
35144.76 35200
28634.25 28700
38185.18 38200
1326.33 1400
1500.47 1600
1292.33 1300
1031.98 1100
30408.92 30500
31232.19 31300
37799.24 37800
38474.03 38500
31314.49 31400
31767.85 31800
38000.38 38100
38898.43 38900
1498.36 1500
1433.98 1500
1418.39 1500
1395.23 1400
1279.69 1300
1246.65 1300
909.12 1000
1029.48 1100
1034.68 1100
911.63 1000
32429.35 32500
38923.05 39000
1267.58 1300
1352.30 1400
1463.76 1500
866.06 900
850.30 900
31587.51 31600
31205.48 31300
38421.21 38500
39098.99 39100
1179.81 1200
1197.27 1200
1235.02 1300
977.71 1000
28205.88 28300
37166.31 37200
647.15 700
544.13 600
31740.84 31800
30806.93 30900
31555.98 31600
37818.05 37900
38698.80 38700
38398.74 38400
1274.57 1300
1368.14 1400
1172.00 1200
1082.84 1100
780.48 800
31704.41 31800
38917.21 39000
1099.80 1100
1002.39 1100
1036.32 1100
1100.93 1200
31305.09 31400
30092.58 30100
36309.12 36400
38233.10 38300
1402.47 1500
1492.74 1500
1579.68 1600
1189.43 1200
29424.23 29500
30039.07 30100
30578.46 30600
34953.62 35000
37081.47 37100
37267.81 37300
560.00 600
476.50 500
31340.24 31400
34871.18 34900
30365.88 30400
37756.41 37800
740.23 800
679.85 700
651.25 700
652.30 700
555.70 600
28937.92 29000
31840.76 31900
36985.74 37000
38785.32 38800
1430.53 1500
1039.94 1100
834.50 900
902.89 1000
1491.29 1500
995.36 1000
873.95 900
600.86 700
1071.11 1100
31642.23 31700
30238.02 30300
37592.81 37600
38632.24 38700
1701.71 1800
1475.36 1500
916.17 1000
956.82 1000
29802.38 29900
37106.02 37200
30169.48 30200
31812.35 31900
31915.61 32000
34724.13 34800
36137.78 36200
37120.39 37200
31058.83 31100
31204.73 31300
38205.66 38300
38483.05 38500
1262.45 1300
1275.04 1300
1137.37 1200
1074.60 1100
1251.68 1300
1086.77 1100
766.52 800
882.35 900
762.98 800
813.01 900
31011.78 31100
30115.63 30200
36309.25 36400
37508.62 37600
29886.38 29900
31244.36 31300
31173.62 31200
34858.27 34900
37603.46 37700
39224.86 39300
30354.58 30400
36546.80 36600
30189.15 30200
31055.17 31100
37042.04 37100
37834.28 37900
30659.35 30700
37453.93 37500
28238.13 28300
29883.33 29900
32034.49 32100
37051.09 37100
36523.14 36600
36911.67 37000
660.92 700
662.46 700
725.37 800
720.63 800
553.40 600
638.26 700
28815.23 28900
31768.92 31800
38168.62 38200
37750.62 37800
1178.41 1200
1088.59 1100
1243.76 1300
1013.06 1100
853.91 900
1000.88 1100
31549.27 31600
37086.03 37100
30698.77 30700
30896.26 30900
37613.76 37700
38089.40 38100
30135.69 30200
29929.00 30000
30315.82 30400
31478.09 31500
36504.68 36600
36993.50 37000
36841.61 36900
37700.40 37800
1162.56 1200
1211.05 1300
789.82 800
809.32 900
29560.21 29600
30332.92 30400
31459.98 31500
36846.44 36900
36928.98 37000
38907.68 39000
762.02 800
