17054.38 17100
19883.05 19900
21438.01 21500
20324.75 20400
20946.63 21000
20953.16 21000
511.04 600
490.86 500
563.45 600
492.96 500
481.94 500
506.01 600
541.52 600
462.98 500
448.20 500
462.32 500
464.44 500
501.59 600
20357.69 20400
21141.83 21200
21892.08 21900
10713.03 10800
14925.31 15000
17130.45 17200
21179.09 21200
21092.26 21100
20554.22 20600
383.05 400
390.56 400
427.85 500
392.77 400
478.51 500
2215.36 2300
14674.64 14700
20244.78 20300
21152.29 21200
22083.08 22100
442.72 500
481.84 500
508.12 600
399.92 400
449.24 500
512.64 600
466.98 500
468.85 500
471.92 500
535.58 600
9371.78 9400
17799.99 17800
344.97 400
266.58 300
324.06 400
303.05 400
217.13 300
10802.38 10900
13045.00 13100
16832.95 16900
20607.97 20700
21555.68 21600
23121.82 23200
19611.00 19700
19328.16 19400
19974.90 20000
21901.06 22000
21048.05 21100
19026.51 19100
20495.48 20500
21155.80 21200
21799.60 21800
20466.45 20500
16578.46 16600
17153.30 17200
20805.78 20900
21133.88 21200
21214.87 21300
20897.10 20900
20650.06 20700
416.41 500
401.87 500
393.51 400
418.68 500
302.67 400
490.73 500
21273.34 21300
21484.63 21500
239.78 300
189.71 200
171.61 200
162.31 200
8403.61 8500
11875.39 11900
20753.04 20800
19588.31 19600
18860.09 18900
241.37 300
197.54 200
199.41 200
168.61 200
228.59 300
164.46 200
192.17 200
191.83 200
229.91 300
187.26 200
234.40 300
164.78 200
172.32 200
200.64 300
264.11 300
181.59 200
193.56 200
162.89 200
212.16 300
199.04 200
150.05 200
223.33 300
225.00 300
229.08 300
200.23 300
187.35 200
10285.16 10300
16590.00 16600
18931.79 19000
20808.39 20900
21655.40 21700
589.46 600
555.71 600
592.28 600
506.98 600
515.18 600
489.45 500
564.93 600
573.92 600
521.83 600
20529.56 20600
21724.87 21800
21073.83 21100
21799.32 21800
20281.81 20300
20612.80 20700
21233.66 21300
442.33 500
463.34 500
497.77 500
447.75 500
437.92 500
466.54 500
449.77 500
430.33 500
430.37 500
433.38 500
446.54 500
501.89 600
19537.33 19600
19164.11 19200
20567.05 20600
22118.02 22200
223.33 300
224.70 300
184.77 200
256.06 300
216.77 300
183.38 200
199.05 200
191.78 200
172.61 200
203.75 300
190.52 200
9981.14 10000
17077.18 17100
20597.18 20600
22105.33 22200
20892.38 20900
20227.12 20300
20909.80 21000
21040.30 21100
367.69 400
367.15 400
340.15 400
386.57 400
431.09 500
19561.50 19600
20472.09 20500
20992.60 21000
20810.43 20900
229.83 300
178.06 200
201.97 300
177.72 200
168.23 200
228.54 300
228.12 300
191.52 200
216.49 300
152.86 200
183.06 200
178.89 200
196.08 200
229.97 300
209.59 300
151.89 200
182.17 200
166.84 200
180.45 200
182.51 200
212.74 300
169.38 200
215.91 300
196.38 200
200.45 300
157.21 200
186.90 200
194.89 200
193.56 200
201.84 300
173.44 200
231.74 300
172.48 200
197.11 200
202.51 300
181.69 200
197.31 200
181.29 200
194.31 200
195.19 200
190.28 200
206.54 300
191.00 200
208.01 300
202.19 300
170.59 200
153.97 200
183.14 200
218.38 300
150.04 200
11016.60 11100
11293.26 11300
13737.81 13800
16455.47 16500
21685.44 21700
21267.89 21300
21339.82 21400
21463.86 21500
21942.88 22000
497.13 500
495.88 500
410.70 500
449.96 500
412.86 500
617.01 700
15555.58 15600
22323.64 22400
461.52 500
446.51 500
447.75 500
461.70 500
456.83 500
443.72 500
458.00 500
554.48 600
18552.89 18600
20661.16 20700
20961.68 21000
21067.76 21100
275.99 300
224.25 300
207.95 300
215.43 300
156.39 200
180.64 200
225.27 300
243.34 300
11005.57 11100
19320.32 19400
19331.47 19400
19775.67 19800
20873.14 20900
20432.78 20500
22315.84 22400
21150.73 21200
21386.55 21400
187.73 200
184.71 200
178.32 200
150.27 200
179.70 200
176.57 200
164.33 200
175.62 200
165.98 200
179.44 200
175.64 200
194.99 200
166.91 200
192.56 200
175.89 200
167.59 200
191.13 200
200.53 300
157.67 200
162.50 200
160.80 200
10964.26 11000
17521.21 17600
21067.45 21100
20862.15 20900
20985.68 21000
21559.05 21600
20617.68 20700
20373.99 20400
168.78 200
195.19 200
218.19 300
198.83 200
239.17 300
156.03 200
174.23 200
205.95 300
200.87 300
200.59 300
191.46 200
200.66 300
212.51 300
205.21 300
183.77 200
10210.55 10300
15958.08 16000
20506.60 20600
22332.26 22400
22237.83 22300
18139.10 18200
18528.14 18600
19142.15 19200
21670.57 21700
22132.58 22200
21094.40 21100
20784.51 20800
21409.16 21500
493.15 500
440.77 500
437.84 500
462.34 500
503.86 600
457.75 500
482.54 500
450.00 500
532.49 600
455.83 500
444.21 500
383.77 400
501.84 600
501.68 600
553.58 600
587.60 600
10228.35 10300
16848.53 16900
19585.42 19600
20659.56 20700
21681.73 21700
22241.43 22300
20734.73 20800
472.46 500
19229.21 19300
21476.26 21500
504.39 600
419.71 500
513.96 600
488.69 500
470.44 500
489.00 500
467.52 500
534.00 600
400.13 500
480.97 500
466.85 500
205.58 300
149.65 200
200.64 300
203.61 300
184.01 200
200.08 300
199.91 200
200.19 300
181.94 200
9011.51 9100
14387.17 14400
20830.77 20900
21600.77 21700
588.06 600
454.71 500
460.46 500
17641.17 17700
19058.08 19100
21067.24 21100
21080.14 21100
20454.28 20500
22019.42 22100
21325.06 21400
14621.79 14700
18461.51 18500
21875.34 21900
21012.87 21100
494.43 500
579.16 600
521.49 600
567.44 600
573.61 600
576.68 600
409.09 500
504.99 600
475.68 500
548.54 600
17974.58 18000
20866.87 20900
21401.97 21500
21988.86 22000
20476.49 20500
20713.16 20800
21438.87 21500
480.01 500
475.58 500
581.99 600
429.44 500
475.41 500
433.88 500
473.47 500
463.55 500
495.18 500
474.14 500
446.23 500
440.47 500
496.44 500
493.62 500
548.10 600
445.29 500
443.91 500
454.02 500
461.96 500
510.24 600
20383.44 20400
20949.24 21000
20240.79 20300
20584.89 20600
19998.45 20000
21046.30 21100
21030.76 21100
21347.64 21400
446.83 500
433.13 500
449.73 500
490.08 500
446.26 500
462.31 500
480.66 500
441.13 500
488.43 500
456.14 500
577.90 600
21244.91 21300
21270.84 21300
21058.88 21100
21858.87 21900
21199.75 21200
21069.89 21100
484.59 500
479.40 500
563.53 600
556.35 600
594.58 600
494.05 500
428.28 500
429.02 500
473.79 500
444.66 500
433.95 500
480.13 500
535.93 600
534.49 600
543.97 600
21212.92 21300
22116.46 22200
8944.07 9000
12805.45 12900
14924.78 15000
21406.42 21500
21066.89 21100
20378.05 20400
418.12 500
409.53 500
369.21 400
398.67 400
494.08 500
21238.23 21300
226.62 300
172.11 200
213.53 300
155.36 200
180.38 200
197.43 200
184.47 200
191.72 200
196.42 200
200.67 300
212.12 300
206.50 300
201.74 300
187.46 200
182.00 200
163.87 200
219.36 300
188.55 200
185.13 200
177.12 200
188.45 200
184.30 200
10567.50 10600
16502.36 16600
20731.44 20800
21207.34 21300
10598.06 10600
15901.04 16000
21340.43 21400
21660.83 21700
331.78 400
224.18 300
180.79 200
181.87 200
183.30 200
188.28 200
201.32 300
177.76 200
188.29 200
185.46 200
168.24 200
148.37 200
200.82 300
203.91 300
210.20 300
245.10 300
217.98 300
170.14 200
200.33 300
164.22 200
162.78 200
255.37 300
247.55 300
303.27 400
199.35 200
321.33 400
11156.41 11200
15393.88 15400
20224.18 20300
20528.03 20600
21496.91 21500
22217.27 22300
21440.28 21500
21520.40 21600
567.75 600
554.49 600
498.23 500
577.29 600
260.31 300
216.76 300
164.10 200
207.52 300
174.31 200
197.28 200
9703.39 9800
10703.40 10800
15489.07 15500
17902.76 18000
21609.07 21700
21562.37 21600
506.22 600
447.53 500
507.42 600
467.23 500
483.74 500
438.38 500
455.77 500
534.45 600
504.90 600
421.65 500
422.33 500
476.94 500
432.42 500
428.64 500
197.70 200
234.16 300
207.76 300
177.96 200
187.28 200
226.57 300
196.13 200
203.17 300
190.90 200
189.99 200
183.56 200
177.86 200
192.75 200
192.85 200
181.98 200
200.85 300
181.38 200
184.57 200
186.38 200
211.30 300
201.86 300
188.93 200
190.04 200
189.06 200
171.78 200
179.82 200
194.73 200
176.01 200
156.53 200
194.39 200
10278.00 10300
18905.74 19000
19100.48 19200
21488.20 21500
20943.15 21000
21995.12 22000
21307.26 21400
20072.47 20100
9189.75 9200
12822.77 12900
20195.11 20200
20208.94 20300
20933.28 21000
20763.60 20800
21287.96 21300
496.02 500
549.42 600
501.73 600
556.24 600
410.96 500
408.24 500
555.10 600
574.24 600
21156.09 21200
21562.64 21600
21059.83 21100
20650.82 20700
17196.47 17200
21821.72 21900
21686.64 21700
19758.38 19800
21723.92 21800
21032.60 21100
21268.97 21300
20656.71 20700
19863.13 19900
20495.24 20500
20688.18 20700
20427.29 20500
20569.62 20600
20593.61 20600
232.89 300
224.70 300
170.42 200
175.65 200
193.76 200
185.25 200
237.62 300
197.98 200
181.55 200
182.68 200
192.84 200
214.47 300
206.97 300
239.36 300
213.51 300
235.44 300
193.53 200
173.78 200
171.49 200
188.76 200
193.76 200
201.39 300
207.37 300
205.05 300
213.93 300
222.50 300
8647.42 8700
10648.10 10700
12722.28 12800
18799.28 18800
20199.67 20200
20106.09 20200
20766.03 20800
20384.44 20400
21037.64 21100
430.79 500
401.85 500
371.34 400
352.64 400
459.05 500
20668.88 20700
21073.40 21100
21035.20 21100
21002.67 21100
21023.91 21100
21754.40 21800
18755.04 18800
21034.90 21100
20231.12 20300
198.44 200
174.39 200
184.47 200
200.84 300
218.21 300
187.13 200
219.61 300
200.58 300
179.84 200
210.91 300
199.48 200
179.60 200
165.43 200
154.27 200
171.03 200
196.00 200
159.09 200
187.10 200
179.89 200
188.12 200
173.35 200
193.86 200
164.55 200
197.20 200
190.83 200
183.72 200
10247.70 10300
10467.49 10500
14887.61 14900
15453.95 15500
21381.52 21400
21875.22 21900
20480.68 20500
20418.76 20500
20438.87 20500
20983.74 21000
21226.92 21300
22541.07 22600
21567.57 21600
16710.64 16800
20623.29 20700
21732.19 21800
22099.86 22100
22287.61 22300
20566.76 20600
21640.86 21700
20542.13 20600
18718.75 18800
21448.40 21500
20877.90 20900
20664.35 20700
20492.17 20500
20666.35 20700
378.22 400
477.92 500
348.37 400
392.25 400
416.54 500
396.21 400
398.09 400
376.38 400
437.84 500
426.19 500
431.04 500
367.49 400
368.60 400
434.96 500
406.13 500
398.63 400
369.99 400
355.08 400
419.22 500
354.43 400
471.71 500
374.24 400
418.56 500
456.38 500
19729.38 19800
21535.13 21600
20229.26 20300
20649.45 20700
20469.82 20500
21475.45 21500
576.64 600
500.01 600
537.22 600
508.83 600
550.89 600
586.30 600
494.36 500
414.34 500
450.39 500
535.99 600
8928.05 9000
13731.59 13800
19642.63 19700
22036.42 22100
20504.64 20600
20238.32 20300
20419.17 20500
20971.09 21000
20326.29 20400
20807.80 20900
20547.25 20600
22382.42 22400
21649.05 21700
20633.77 20700
20874.81 20900
246.83 300
232.45 300
164.17 200
191.34 200
197.17 200
179.14 200
187.49 200
188.14 200
206.96 300
207.65 300
201.20 300
196.58 200
201.44 300
211.08 300
200.69 300
159.40 200
244.20 300
184.70 200
198.96 200
203.55 300
224.42 300
9702.00 9800
18586.46 18600
19642.77 19700
21806.18 21900
20610.14 20700
20857.19 20900
20786.61 20800
417.97 500
458.83 500
428.41 500
374.71 400
424.99 500
379.24 400
342.67 400
488.00 500
441.22 500
374.76 400
477.14 500
403.80 500
357.95 400
432.66 500
434.60 500
467.37 500
460.18 500
19445.90 19500
19688.85 19700
21319.60 21400
20663.94 20700
458.98 500
431.86 500
459.54 500
399.25 400
415.34 500
395.57 400
475.18 500
430.24 500
466.35 500
463.15 500
456.65 500
405.61 500
494.93 500
456.70 500
476.46 500
434.47 500
486.82 500
446.43 500
454.98 500
466.29 500
433.52 500
439.19 500
501.28 600
452.50 500
550.71 600
606.43 700
19187.55 19200
20832.14 20900
20690.18 20700
20785.67 20800
21948.42 22000
21390.12 21400
21103.50 21200
473.49 500
408.93 500
462.29 500
471.38 500
621.72 700
16774.92 16800
19575.58 19600
21002.81 21100
443.37 500
401.27 500
439.53 500
466.85 500
459.38 500
452.47 500
481.53 500
402.60 500
525.16 600
611.46 700
20001.17 20100
21763.56 21800
21055.89 21100
20722.76 20800
21361.75 21400
431.20 500
400.40 500
457.83 500
436.88 500
518.45 600
470.76 500
455.56 500
481.03 500
460.01 500
408.18 500
454.15 500
562.03 600
205.10 300
167.73 200
197.13 200
176.52 200
153.06 200
122.69 200
197.25 200
152.59 200
154.26 200
8400.43 8500
14325.96 14400
17376.85 17400
17221.74 17300
22016.83 22100
21090.94 21100
22040.34 22100
21318.27 21400
20676.03 20700
461.58 500
10536.77 10600
11581.40 11600
17443.75 17500
19500.03 19600
19906.90 20000
21256.34 21300
16189.53 16200
21335.23 21400
20722.65 20800
22153.89 22200
20039.61 20100
20978.01 21000
18882.51 18900
19294.85 19300
20879.44 20900
379.20 400
372.85 400
355.77 400
475.61 500
340.90 400
439.02 500
409.61 500
365.75 400
410.84 500
408.31 500
20828.03 20900
20807.64 20900
21634.11 21700
21986.68 22000
484.25 500
488.04 500
9945.90 10000
16806.95 16900
19162.31 19200
19501.20 19600
21478.23 21500
21917.43 22000
20925.84 21000
21318.72 21400
429.10 500
535.99 600
406.02 500
468.54 500
525.22 600
508.75 600
501.55 600
524.35 600
533.96 600
446.77 500
591.46 600
399.49 400
537.01 600
503.49 600
225.33 300
158.83 200
231.52 300
226.37 300
163.73 200
171.33 200
199.41 200
174.08 200
198.61 200
169.18 200
156.45 200
184.33 200
185.40 200
199.67 200
194.60 200
208.15 300
199.49 200
196.62 200
179.13 200
221.25 300
189.91 200
176.80 200
216.97 300
205.22 300
190.54 200
212.25 300
174.81 200
185.43 200
9563.08 9600
16276.34 16300
20446.12 20500
21800.86 21900
21567.73 21600
20274.81 20300
21478.34 21500
602.15 700
564.98 600
545.22 600
485.36 500
503.64 600
534.51 600
579.11 600
520.67 600
578.19 600
539.71 600
562.08 600
21472.59 21500
21351.72 21400
21493.82 21500
10290.98 10300
16910.48 17000
21390.32 21400
21905.77 22000
21074.29 21100
20804.83 20900
20957.68 21000
527.70 600
453.53 500
494.45 500
396.23 400
470.19 500
353.30 400
398.83 400
318.90 400
495.45 500
361.31 400
462.43 500
399.98 400
494.32 500
356.97 400
410.68 500
366.78 400
384.99 400
460.73 500
473.79 500
523.28 600
417.09 500
474.32 500
483.35 500
419.56 500
414.33 500
398.81 400
477.91 500
473.15 500
512.52 600
480.15 500
585.44 600
20878.83 20900
15887.16 15900
20947.55 21000
20603.63 20700
22305.29 22400
20352.18 20400
20313.84 20400
21917.07 22000
21411.19 21500
20451.11 20500
15706.45 15800
20724.48 20800
20674.55 20700
20517.05 20600
20494.60 20500
369.77 400
432.15 500
390.51 400
446.12 500
400.59 500
435.54 500
381.77 400
454.24 500
367.68 400
465.00 500
393.40 400
370.44 400
478.18 500
373.93 400
489.88 500
392.84 400
481.74 500
407.53 500
428.96 500
442.07 500
511.36 600
582.78 600
178.83 200
177.24 200
148.41 200
168.83 200
166.96 200
181.14 200
181.93 200
173.17 200
140.65 200
8576.30 8600
15470.37 15500
21623.25 21700
21995.25 22000
20496.42 20500
21893.28 21900
548.15 600
19958.93 20000
20840.69 20900
21209.88 21300
21531.65 21600
20365.58 20400
21502.95 21600
21080.95 21100
472.00 500
522.38 600
579.67 600
642.22 700
567.19 600
509.64 600
573.34 600
188.99 200
178.57 200
164.87 200
150.97 200
220.19 300
166.14 200
192.21 200
168.24 200
183.44 200
195.83 200
201.41 300
211.36 300
204.59 300
167.91 200
187.69 200
169.10 200
236.32 300
163.07 200
203.14 300
163.86 200
205.15 300
233.17 300
177.01 200
197.27 200
180.18 200
215.05 300
178.15 200
180.01 200
188.97 200
207.46 300
219.00 300
9887.54 9900
17972.45 18000
20232.66 20300
20723.40 20800
20229.61 20300
21903.45 22000
20573.20 20600
383.91 400
444.54 500
365.10 400
411.66 500
370.01 400
349.11 400
378.11 400
398.53 400
421.72 500
416.09 500
415.22 500
388.37 400
456.64 500
236.55 300
190.43 200
196.37 200
201.89 300
157.66 200
217.96 300
160.67 200
178.37 200
191.48 200
245.51 300
185.38 200
222.84 300
200.60 300
149.26 200
164.80 200
197.23 200
199.62 200
193.59 200
10998.88 11000
11084.57 11100
12900.10 13000
14742.55 14800
20351.16 20400
21452.39 21500
21899.00 21900
21046.34 21100
21644.53 21700
17662.38 17700
21900.49 22000
21556.28 21600
20303.86 20400
20701.11 20800
428.61 500
374.79 400
379.21 400
368.91 400
402.06 500
390.75 400
429.72 500
365.08 400
395.48 400
420.27 500
425.57 500
462.49 500
21387.83 21400
21344.64 21400
22187.78 22200
21222.35 21300
20701.04 20800
487.01 500
496.69 500
464.97 500
450.95 500
431.84 500
453.07 500
492.83 500
455.38 500
411.56 500
489.86 500
513.33 600
592.80 600
