2445.95 2500
2730.78 2800
16406.63 16500
17546.22 17600
20392.04 20400
21003.45 21100
20802.98 20900
21213.89 21300
22390.06 22400
24283.87 24300
24346.89 24400
24389.53 24400
27534.45 27600
28392.77 28400
28951.02 29000
27537.39 27600
28773.24 28800
29199.65 29200
28956.88 29000
29284.04 29300
30487.11 30500
29446.68 29500
30038.19 30100
30167.36 30200
15424.89 15500
17440.94 17500
11296.11 11300
11229.91 11300
9596.84 9600
3295.45 3300
13779.95 13800
18338.33 18400
24721.30 24800
25228.90 25300
27347.81 27400
29340.59 29400
29518.21 29600
29546.61 29600
29739.67 29800
29832.82 29900
32745.13 32800
31794.63 31800
32086.60 32100
31409.35 31500
32619.23 32700
32499.49 32500
29402.16 29500
32189.14 32200
29199.00 29200
30967.07 31000
29721.80 29800
30702.06 30800
19928.32 20000
17163.88 17200
14448.17 14500
10723.21 10800
9611.24 9700
10539.25 10600
359.96 400
224.04 300
283.72 300
267.45 300
272.83 300
298.11 300
278.21 300
273.54 300
312.55 400
281.77 300
222.06 300
275.02 300
236.33 300
286.15 300
227.84 300
298.75 300
245.47 300
305.71 400
259.11 300
283.39 300
233.89 300
300.59 400
253.70 300
246.95 300
277.16 300
136.05 200
249.03 300
191.26 200
208.42 300
199.16 200
199.40 200
209.40 300
138.90 200
152.18 200
2455.71 2500
4305.81 4400
16587.49 16600
17218.43 17300
2157.27 2200
18582.61 18600
21909.63 22000
22527.66 22600
23216.44 23300
25020.54 25100
25556.44 25600
28482.09 28500
27187.50 27200
28459.21 28500
30181.01 30200
28349.54 28400
27050.06 27100
27025.29 27100
28498.79 28500
28413.15 28500
29329.81 29400
31020.34 31100
27888.99 27900
28518.88 28600
18884.15 18900
14953.97 15000
13085.49 13100
12322.41 12400
17911.96 18000
22387.50 22400
22972.34 23000
27182.45 27200
26913.43 27000
29117.92 29200
29699.59 29700
29540.47 29600
29979.97 30000
32408.53 32500
30792.20 30800
31712.33 31800
30487.02 30500
30696.46 30700
30010.19 30100
31057.92 31100
30041.07 30100
28474.88 28500
27448.05 27500
14201.57 14300
14076.32 14100
9755.80 9800
301.09 400
177.33 200
240.99 300
264.55 300
273.35 300
289.33 300
158.52 200
262.75 300
266.88 300
212.10 300
270.33 300
258.05 300
174.80 200
169.44 200
284.79 300
221.30 300
276.12 300
288.29 300
176.65 200
242.30 300
130.29 200
156.73 200
221.57 300
198.13 200
212.48 300
219.28 300
208.43 300
213.54 300
188.19 200
206.73 300
187.88 200
185.40 200
209.47 300
205.93 300
119.80 200
125.17 200
130.47 200
115.68 200
1822.10 1900
2253.93 2300
6859.19 6900
9316.03 9400
10118.32 10200
13972.28 14000
17545.54 17600
21387.92 21400
23034.21 23100
25361.10 25400
27306.71 27400
27550.83 27600
26678.79 26700
27946.48 28000
27808.64 27900
28727.93 28800
28914.70 29000
26986.59 27000
29459.72 29500
29351.86 29400
28082.71 28100
29725.63 29800
27480.77 27500
29648.59 29700
27842.39 27900
27849.25 27900
28181.56 28200
26723.58 26800
26607.67 26700
28062.54 28100
17256.73 17300
11942.60 12000
9860.52 9900
5020.16 5100
9222.10 9300
11118.49 11200
25653.94 25700
27715.00 27800
30002.16 30100
28175.45 28200
29824.83 29900
28431.12 28500
29642.36 29700
28643.31 28700
29158.27 29200
2962.97 3000
30091.27 30100
30094.95 30100
31232.90 31300
29133.49 29200
31522.63 31600
29427.88 29500
30238.76 30300
28937.45 29000
32489.50 32500
29620.99 29700
29551.63 29600
31392.54 31400
32438.97 32500
28498.44 28500
29450.78 29500
13859.96 13900
9971.56 10000
11313.23 11400
209.08 300
301.71 400
221.92 300
230.86 300
244.27 300
192.49 200
272.63 300
233.30 300
219.39 300
262.60 300
211.20 300
219.48 300
275.22 300
241.23 300
225.70 300
204.78 300
213.76 300
229.34 300
264.03 300
248.62 300
256.70 300
232.16 300
207.80 300
214.41 300
242.34 300
197.05 200
200.47 300
227.31 300
254.43 300
175.84 200
217.21 300
290.66 300
205.89 300
187.46 200
183.18 200
202.92 300
156.46 200
182.89 200
195.20 200
178.77 200
185.08 200
185.51 200
166.33 200
178.00 200
162.28 200
174.44 200
163.53 200
166.19 200
159.29 200
195.89 200
172.40 200
2016.26 2100
5321.94 5400
7096.60 7100
8105.18 8200
11608.58 11700
11761.82 11800
12833.76 12900
14727.68 14800
15348.62 15400
16171.14 16200
24996.51 25000
26507.48 26600
26475.63 26500
27577.07 27600
27211.83 27300
29749.12 29800
29055.27 29100
28655.08 28700
28656.48 28700
29361.71 29400
30742.47 30800
28745.54 28800
28388.14 28400
24726.41 24800
27914.53 28000
26338.79 26400
28509.47 28600
23172.34 23200
9637.39 9700
10702.14 10800
5350.66 5400
5872.72 5900
21540.42 21600
24863.08 24900
25618.50 25700
26483.16 26500
27243.15 27300
28522.42 28600
29534.13 29600
29769.70 29800
27429.79 27500
29591.53 29600
31320.04 31400
30362.82 30400
31773.45 31800
32225.04 32300
29569.89 29600
31163.07 31200
30912.46 31000
30542.55 30600
30798.60 30800
28713.11 28800
20276.67 20300
15016.80 15100
15987.77 16000
14433.50 14500
10908.70 11000
10603.63 10700
10006.74 10100
170.60 200
161.70 200
145.56 200
132.02 200
127.71 200
136.01 200
139.19 200
173.75 200
169.89 200
163.05 200
154.77 200
140.34 200
114.29 200
178.46 200
140.08 200
147.32 200
146.51 200
150.74 200
158.28 200
149.31 200
143.33 200
150.03 200
139.68 200
136.52 200
179.86 200
165.00 200
179.91 200
148.82 200
141.23 200
134.79 200
150.85 200
141.52 200
200.83 300
149.18 200
147.15 200
137.21 200
134.01 200
136.48 200
119.84 200
222.57 300
166.99 200
210.83 300
222.63 300
143.26 200
301.36 400
204.16 300
144.79 200
225.68 300
284.41 300
165.72 200
258.23 300
258.57 300
163.51 200
246.32 300
240.56 300
195.74 200
151.90 200
144.46 200
275.08 300
222.60 300
291.58 300
244.95 300
229.97 300
131.81 200
121.28 200
268.50 300
141.86 200
272.79 300
128.76 200
237.11 300
274.18 300
136.91 200
130.64 200
324.92 400
269.57 300
149.01 200
203.85 300
237.50 300
153.78 200
188.28 200
212.50 300
125.13 200
111.32 200
137.49 200
131.21 200
135.41 200
244.73 300
177.36 200
161.66 200
116.10 200
173.77 200
213.47 300
177.96 200
165.25 200
212.66 300
185.79 200
149.62 200
200.03 300
210.09 300
191.50 200
116.42 200
189.05 200
129.01 200
125.90 200
209.41 300
189.49 200
143.56 200
192.77 200
142.89 200
194.72 200
204.09 300
186.37 200
121.17 200
204.74 300
115.64 200
192.04 200
209.80 300
164.22 200
196.84 200
163.41 200
226.78 300
133.55 200
162.41 200
141.21 200
171.24 200
1143.42 1200
5467.05 5500
9222.57 9300
23715.01 23800
27024.92 27100
27799.39 27800
29654.46 29700
28229.35 28300
28577.29 28600
29312.13 29400
30025.20 30100
28738.44 28800
27706.99 27800
28840.57 28900
26937.71 27000
30383.55 30400
28140.74 28200
28973.12 29000
30304.56 30400
28765.87 28800
28399.74 28400
30694.43 30700
13724.09 13800
13394.10 13400
8726.00 8800
3863.44 3900
8239.97 8300
8739.89 8800
22805.75 22900
23160.28 23200
27772.91 27800
29966.34 30000
28545.79 28600
32740.29 32800
30653.96 30700
29972.83 30000
31248.24 31300
29941.69 30000
30736.58 30800
31357.84 31400
29540.90 29600
32438.12 32500
26811.46 26900
30042.32 30100
22587.07 22600
17882.21 17900
11115.00 11200
138.58 200
123.48 200
134.15 200
127.30 200
157.83 200
163.33 200
170.22 200
125.75 200
142.05 200
136.16 200
123.76 200
138.28 200
133.29 200
110.50 200
158.44 200
142.39 200
148.83 200
175.84 200
161.17 200
130.56 200
125.21 200
150.38 200
156.73 200
141.70 200
158.12 200
138.12 200
133.00 200
179.07 200
151.21 200
157.05 200
124.45 200
179.15 200
140.21 200
175.98 200
821.58 900
1349.60 1400
3739.53 3800
4995.98 5000
6850.45 6900
25305.01 25400
25307.57 25400
26520.92 26600
26698.06 26700
26872.97 26900
27403.06 27500
28517.47 28600
28540.61 28600
28590.54 28600
29824.39 29900
29219.21 29300
29145.07 29200
28258.30 28300
28134.45 28200
29940.40 30000
29269.23 29300
31086.49 31100
27813.41 27900
26614.78 26700
22448.34 22500
16760.33 16800
9274.58 9300
10744.33 10800
10268.71 10300
11548.65 11600
12209.84 12300
1426.87 1500
1760.50 1800
2048.83 2100
3206.73 3300
6497.42 6500
7385.73 7400
9017.20 9100
19105.37 19200
19447.94 19500
23513.59 23600
24245.18 24300
24450.56 24500
25534.30 25600
28171.16 28200
27676.86 27700
28079.02 28100
27838.68 27900
27778.51 27800
30086.19 30100
29730.16 29800
31418.75 31500
29736.02 29800
28572.49 28600
32017.81 32100
28333.32 28400
33149.72 33200
30574.71 30600
22182.73 22200
14558.58 14600
18769.81 18800
15316.19 15400
13041.97 13100
17989.57 18000
10011.66 10100
10872.66 10900
278.97 300
206.47 300
194.91 200
210.27 300
233.92 300
262.04 300
201.77 300
182.61 200
230.90 300
258.96 300
254.33 300
258.52 300
222.94 300
203.57 300
258.30 300
233.65 300
226.31 300
195.31 200
214.69 300
191.18 200
168.87 200
230.76 300
278.35 300
214.20 300
240.01 300
210.49 300
193.02 200
231.76 300
241.95 300
244.28 300
197.08 200
199.37 200
243.08 300
259.33 300
326.77 400
183.39 200
239.60 300
284.73 300
224.99 300
240.52 300
183.07 200
160.56 200
204.06 300
181.54 200
200.45 300
203.53 300
235.30 300
206.00 300
216.23 300
178.85 200
206.08 300
185.25 200
189.20 200
231.26 300
151.86 200
174.14 200
146.59 200
166.52 200
179.52 200
212.52 300
189.91 200
167.66 200
161.91 200
133.91 200
196.14 200
146.97 200
165.57 200
225.83 300
221.70 300
174.69 200
209.86 300
2790.53 2800
3553.51 3600
4630.48 4700
20592.11 20600
20932.97 21000
22752.12 22800
22576.89 22600
24137.73 24200
25819.48 25900
27161.27 27200
27940.79 28000
28521.58 28600
30051.86 30100
29144.05 29200
28438.25 28500
27926.40 28000
29851.19 29900
29107.38 29200
28323.00 28400
17413.36 17500
16638.83 16700
14401.40 14500
17292.24 17300
10553.30 10600
8871.74 8900
2333.30 2400
4574.77 4600
7855.63 7900
12298.79 12300
12537.70 12600
21475.40 21500
25281.60 25300
27121.93 27200
27241.04 27300
28578.66 28600
31095.81 31100
30678.91 30700
30892.61 30900
30317.40 30400
29779.45 29800
31580.79 31600
32532.75 32600
30416.66 30500
33163.35 33200
32056.15 32100
31595.95 31600
26459.64 26500
11276.36 11300
10498.25 10500
10950.58 11000
9684.58 9700
279.77 300
274.61 300
255.98 300
264.06 300
293.65 300
281.69 300
226.76 300
222.49 300
237.31 300
264.20 300
283.24 300
246.64 300
290.68 300
205.36 300
211.47 300
286.71 300
239.16 300
265.90 300
203.82 300
215.67 300
307.72 400
236.13 300
244.95 300
224.41 300
230.78 300
230.33 300
206.17 300
245.35 300
198.81 200
184.27 200
221.20 300
207.14 300
383.44 400
200.39 300
156.41 200
211.57 300
161.28 200
173.21 200
188.44 200
199.30 200
186.09 200
177.85 200
215.11 300
205.63 300
173.29 200
176.50 200
217.89 300
206.28 300
190.46 200
162.06 200
207.43 300
212.77 300
213.73 300
195.98 200
1358.53 1400
1930.30 2000
3035.01 3100
4203.68 4300
8565.75 8600
14851.83 14900
15670.09 15700
18697.99 18700
23249.42 23300
24834.86 24900
26197.91 26200
26248.46 26300
26522.89 26600
26447.99 26500
28324.79 28400
27560.99 27600
27226.32 27300
28884.90 28900
28725.10 28800
28308.98 28400
27800.70 27900
27984.26 28000
28884.33 28900
27339.62 27400
22957.01 23000
22586.71 22600
10327.86 10400
12231.40 12300
2533.16 2600
3561.94 3600
17367.83 17400
19557.90 19600
22234.80 22300
27003.08 27100
27112.90 27200
29403.20 29500
30250.29 30300
31705.06 31800
31117.42 31200
31481.46 31500
27626.56 27700
30414.56 30500
31111.46 31200
30365.63 30400
32444.93 32500
28705.39 28800
28513.20 28600
21815.04 21900
18639.93 18700
14803.33 14900
3053.76 3100
6391.32 6400
6476.47 6500
18279.38 18300
19501.81 19600
23764.40 23800
26828.52 26900
28438.67 28500
28814.35 28900
29603.23 29700
28877.33 28900
29385.34 29400
28412.20 28500
30196.93 30200
26897.61 26900
29117.20 29200
29992.28 30000
27551.28 27600
27107.27 27200
28272.66 28300
24940.19 25000
24996.83 25000
25049.59 25100
25475.78 25500
27879.82 27900
30133.11 30200
29592.61 29600
29847.65 29900
31175.30 31200
30588.92 30600
31981.25 32000
31132.14 31200
31942.45 32000
29561.01 29600
29087.70 29100
31754.51 31800
24599.74 24600
15548.20 15600
6110.75 6200
16741.61 16800
22263.60 22300
26309.87 26400
27369.41 27400
26152.56 26200
28474.68 28500
27944.78 28000
29848.76 29900
28190.70 28200
28207.25 28300
29965.61 30000
30289.11 30300
27617.00 27700
30565.47 30600
27374.47 27400
27923.93 28000
27448.36 27500
27889.09 27900
27436.52 27500
27472.60 27500
20481.36 20500
22000.38 22100
8906.51 9000
1815.01 1900
20150.51 20200
20209.52 20300
21136.96 21200
23825.58 23900
27341.77 27400
27272.55 27300
29102.00 29200
29763.47 29800
29732.72 29800
28902.76 29000
32375.70 32400
31544.12 31600
29947.40 30000
30730.45 30800
29623.48 29700
31643.75 31700
31617.96 31700
30561.76 30600
29284.31 29300
28319.48 28400
29359.43 29400
19693.42 19700
20215.27 20300
17753.15 17800
11810.61 11900
10534.33 10600
182.80 200
141.04 200
155.66 200
155.08 200
151.43 200
133.32 200
137.23 200
131.52 200
129.93 200
125.90 200
194.52 200
134.18 200
136.05 200
125.49 200
154.59 200
159.30 200
144.96 200
135.58 200
142.07 200
128.60 200
130.83 200
134.94 200
138.13 200
121.68 200
100.03 200
148.11 200
148.93 200
133.18 200
136.63 200
144.82 200
3155.97 3200
11541.11 11600
15892.87 15900
20823.55 20900
21514.57 21600
24108.43 24200
25350.56 25400
26832.41 26900
27393.74 27400
28265.88 28300
28603.38 28700
29597.31 29600
27858.96 27900
27734.81 27800
28676.39 28700
29176.42 29200
27546.51 27600
30944.15 31000
28908.38 29000
26537.47 26600
28182.28 28200
25992.30 26000
22484.83 22500
24292.02 24300
16544.83 16600
13237.92 13300
8609.11 8700
2968.81 3000
4580.90 4600
9248.43 9300
19703.07 19800
23140.11 23200
25204.04 25300
28298.99 28300
27977.75 28000
29164.85 29200
28761.48 28800
29662.56 29700
29679.77 29700
30365.68 30400
29318.06 29400
30217.15 30300
30909.65 31000
31894.45 31900
29787.51 29800
29685.48 29700
31246.95 31300
30449.55 30500
21019.03 21100
14976.70 15000
11963.35 12000
11409.35 11500
11937.43 12000
10751.12 10800
11546.40 11600
12923.71 13000
135.49 200
143.64 200
128.11 200
125.90 200
152.46 200
129.11 200
160.15 200
166.83 200
111.93 200
321.81 400
285.13 300
130.05 200
308.73 400
278.81 300
343.28 400
335.47 400
311.74 400
239.23 300
292.75 300
317.66 400
308.50 400
242.58 300
214.65 300
261.80 300
222.89 300
245.71 300
283.06 300
247.31 300
302.45 400
255.26 300
241.33 300
263.80 300
240.76 300
245.54 300
4816.71 4900
20876.43 20900
25452.59 25500
25895.94 25900
27240.57 27300
27049.35 27100
27550.51 27600
27771.88 27800
29488.63 29500
28718.39 28800
27096.71 27100
28023.62 28100
29838.32 29900
29506.57 29600
29079.66 29100
28884.24 28900
29499.67 29500
27682.45 27700
14748.90 14800
10767.20 10800
10816.78 10900
8811.02 8900
11911.91 12000
1393.52 1400
1908.42 2000
3102.85 3200
3615.37 3700
7175.62 7200
14291.35 14300
22126.82 22200
24911.93 25000
27658.09 27700
27842.26 27900
29360.51 29400
29597.45 29600
30031.02 30100
31390.68 31400
30424.17 30500
30704.97 30800
31531.62 31600
30776.13 30800
29933.83 30000
32283.39 32300
28797.81 28800
32559.82 32600
30676.31 30700
29264.53 29300
24048.09 24100
19135.29 19200
16233.64 16300
14044.78 14100
10046.52 10100
196.91 200
193.49 200
122.92 200
121.43 200
143.60 200
102.20 200
141.91 200
201.13 300
156.09 200
172.38 200
125.28 200
124.93 200
140.66 200
155.61 200
137.67 200
170.23 200
150.65 200
133.36 200
160.18 200
140.88 200
138.83 200
126.58 200
136.29 200
122.46 200
172.55 200
138.01 200
129.31 200
139.65 200
126.37 200
132.12 200
97.61 100
130.12 200
138.36 200
150.02 200
125.26 200
124.56 200
155.38 200
136.23 200
140.46 200
118.75 200
128.95 200
141.35 200
159.34 200
145.07 200
129.15 200
128.96 200
1388.55 1400
5615.49 5700
8203.60 8300
11883.30 11900
13786.15 13800
18957.90 19000
22804.58 22900
25250.19 25300
25499.24 25500
28306.39 28400
27936.13 28000
29439.04 29500
29327.13 29400
29296.99 29300
25607.99 25700
29826.15 29900
30629.91 30700
28552.90 28600
29506.03 29600
29713.70 29800
28590.29 28600
27139.82 27200
26716.29 26800
29349.00 29400
19231.35 19300
10401.55 10500
9270.53 9300
4434.10 4500
7578.44 7600
15672.55 15700
25040.12 25100
25329.30 25400
27619.53 27700
29189.37 29200
28020.15 28100
29513.70 29600
29699.74 29700
32255.75 32300
30727.49 30800
29078.13 29100
30998.10 31000
30135.56 30200
29960.82 30000
30239.89 30300
30412.53 30500
32306.86 32400
30613.82 30700
32653.63 32700
33658.76 33700
29687.99 29700
27895.36 27900
15489.95 15500
15773.21 15800
11172.77 11200
5388.95 5400
15749.74 15800
18351.31 18400
20012.05 20100
23380.80 23400
23614.75 23700
23967.26 24000
24304.36 24400
25184.62 25200
26271.17 26300
26914.62 27000
28566.45 28600
28389.69 28400
28503.93 28600
28632.03 28700
29282.50 29300
28592.05 28600
27025.16 27100
28501.30 28600
27073.00 27100
19265.24 19300
17954.02 18000
16815.24 16900
14552.34 14600
11480.37 11500
12904.56 13000
3809.97 3900
5199.95 5200
8383.87 8400
11848.63 11900
23674.82 23700
23588.65 23600
29688.06 29700
29576.71 29600
29910.23 30000
28707.58 28800
29988.82 30000
30491.05 30500
32257.09 32300
30949.32 31000
27162.35 27200
31609.71 31700
29196.88 29200
31672.12 31700
32478.37 32500
31278.44 31300
28189.63 28200
30946.16 31000
30334.27 30400
25059.95 25100
16702.48 16800
11358.13 11400
149.22 200
156.57 200
157.64 200
133.16 200
149.77 200
147.69 200
139.07 200
153.32 200
158.36 200
150.85 200
149.30 200
169.92 200
140.73 200
148.82 200
119.67 200
132.06 200
139.42 200
153.61 200
115.04 200
137.60 200
171.44 200
204.79 300
176.71 200
149.95 200
150.11 200
1211.77 1300
5105.88 5200
8107.19 8200
19462.33 19500
22448.06 22500
24844.57 24900
24932.80 25000
28007.04 28100
27604.37 27700
28471.63 28500
27501.48 27600
29950.41 30000
29888.36 29900
27857.55 27900
28842.43 28900
28372.93 28400
31095.53 31100
28816.40 28900
28704.27 28800
21214.84 21300
22587.68 22600
13402.58 13500
15323.37 15400
13949.33 14000
17226.22 17300
18482.13 18500
22890.23 22900
23519.90 23600
29986.46 30000
29516.23 29600
30880.53 30900
30271.70 30300
32101.55 32200
29771.35 29800
31542.61 31600
31046.29 31100
32714.49 32800
31025.27 31100
31868.14 31900
31330.20 31400
23967.57 24000
20969.44 21000
18180.71 18200
18831.99 18900
13834.53 13900
12153.91 12200
14789.05 14800
21681.12 21700
23022.57 23100
23869.52 23900
25577.38 25600
26399.91 26400
28306.30 28400
29173.76 29200
28276.25 28300
28390.42 28400
29270.44 29300
29042.52 29100
29412.52 29500
27625.25 27700
30778.27 30800
28269.35 28300
28215.43 28300
27516.41 27600
29961.74 30000
29887.51 29900
28287.43 28300
25308.24 25400
27647.91 27700
15046.69 15100
14011.07 14100
9803.56 9900
9630.93 9700
2722.75 2800
2894.95 2900
7976.08 8000
20635.76 20700
21996.12 22000
22719.13 22800
22961.21 23000
27822.29 27900
26688.08 26700
28882.80 28900
28685.00 28700
28572.71 28600
30147.92 30200
29686.85 29700
31489.57 31500
29892.56 29900
30146.59 30200
31286.54 31300
30490.81 30500
30922.34 31000
31534.21 31600
32645.45 32700
28981.58 29000
32514.95 32600
29920.22 30000
18730.81 18800
19291.51 19300
12999.01 13000
12905.09 13000
18603.85 18700
13465.64 13500
12329.68 12400
12435.58 12500
13891.25 13900
1771.69 1800
14438.86 14500
14964.37 15000
15784.72 15800
21535.91 21600
25687.55 25700
26022.37 26100
27680.62 27700
27837.72 27900
28544.19 28600
28043.82 28100
27281.10 27300
28814.19 28900
30601.51 30700
28883.26 28900
31237.20 31300
26367.31 26400
27534.52 27600
27210.47 27300
23357.42 23400
13227.84 13300
8438.78 8500
11076.73 11100
1083.72 1100
4674.89 4700
8785.09 8800
14207.11 14300
26817.05 26900
26461.72 26500
26575.10 26600
26584.21 26600
28454.90 28500
30238.42 30300
31172.70 31200
31810.75 31900
31544.65 31600
30545.09 30600
27374.90 27400
29974.37 30000
32741.08 32800
27838.96 27900
29682.36 29700
31501.48 31600
31583.84 31600
29999.77 30000
32058.35 32100
26508.27 26600
14553.86 14600
12122.32 12200
10269.28 10300
200.29 300
263.67 300
231.19 300
183.01 200
208.67 300
207.13 300
275.93 300
230.18 300
267.30 300
303.46 400
232.29 300
248.15 300
243.99 300
200.88 300
182.79 200
304.77 400
243.55 300
254.27 300
255.19 300
211.26 300
275.73 300
223.93 300
252.83 300
254.23 300
253.07 300
280.95 300
228.28 300
242.06 300
231.15 300
202.04 300
225.22 300
241.11 300
295.51 300
257.57 300
250.57 300
258.25 300
206.32 300
193.45 200
248.14 300
181.94 200
237.41 300
231.61 300
275.77 300
188.36 200
254.13 300
222.88 300
231.84 300
236.49 300
308.42 400
258.41 300
174.39 200
250.49 300
249.51 300
253.42 300
264.59 300
222.62 300
258.19 300
273.54 300
300.16 400
215.36 300
286.98 300
219.09 300
275.94 300
248.31 300
281.39 300
227.59 300
245.66 300
197.35 200
299.23 300
221.91 300
249.98 300
194.64 200
283.26 300
196.30 200
237.71 300
221.90 300
249.01 300
243.45 300
271.20 300
242.79 300
213.61 300
178.93 200
199.24 200
199.02 200
233.62 300
156.83 200
195.23 200
195.27 200
192.93 200
186.54 200
195.02 200
166.58 200
171.96 200
193.85 200
156.62 200
208.53 300
152.74 200
173.93 200
191.74 200
154.52 200
206.03 300
166.88 200
198.33 200
195.55 200
140.71 200
196.83 200
192.29 200
160.83 200
218.62 300
159.23 200
205.94 300
181.96 200
171.87 200
224.81 300
181.46 200
196.19 200
170.49 200
168.73 200
139.91 200
211.42 300
152.76 200
214.35 300
163.77 200
144.77 200
156.65 200
220.07 300
5214.60 5300
9697.76 9700
16648.99 16700
17108.97 17200
18122.84 18200
21444.61 21500
22374.95 22400
22520.43 22600
27108.95 27200
27033.33 27100
27096.01 27100
27386.24 27400
28739.58 28800
28011.93 28100
29140.92 29200
29654.04 29700
28237.59 28300
27285.44 27300
29451.15 29500
29476.13 29500
27593.62 27600
26977.62 27000
27420.35 27500
30623.48 30700
21617.50 21700
19551.75 19600
15964.05 16000
21305.34 21400
15292.47 15300
11296.87 11300
12432.85 12500
16653.13 16700
17321.50 17400
23257.28 23300
23884.14 23900
25915.39 26000
26995.91 27000
29166.54 29200
29162.13 29200
29915.43 30000
29146.39 29200
31465.16 31500
30778.90 30800
30417.88 30500
32548.62 32600
29002.71 29100
31346.60 31400
29713.74 29800
31555.43 31600
31022.91 31100
30030.81 30100
28819.81 28900
24003.64 24100
10143.86 10200
10939.00 11000
13690.89 13700
273.29 300
284.16 300
241.22 300
259.99 300
264.54 300
236.55 300
237.55 300
253.98 300
269.54 300
241.55 300
283.83 300
224.43 300
267.08 300
286.12 300
257.68 300
258.22 300
270.56 300
291.11 300
285.20 300
295.12 300
284.38 300
324.39 400
281.18 300
268.28 300
285.57 300
168.28 200
273.96 300
284.34 300
222.19 300
210.52 300
244.52 300
212.74 300
187.45 200
170.64 200
214.39 300
214.58 300
222.10 300
266.80 300
234.81 300
285.94 300
264.07 300
239.82 300
245.21 300
199.90 200
195.61 200
204.90 300
227.86 300
3250.66 3300
4303.47 4400
4785.84 4800
5506.03 5600
20422.02 20500
23649.24 23700
25321.54 25400
27191.30 27200
28197.51 28200
28552.16 28600
28210.27 28300
30295.14 30300
29271.67 29300
29347.23 29400
28156.34 28200
29016.44 29100
29481.71 29500
26822.85 26900
30350.07 30400
28155.65 28200
28078.39 28100
29762.86 29800
30057.76 30100
26775.11 26800
27557.48 27600
13045.39 13100
11807.67 11900
5768.01 5800
14056.51 14100
28558.77 28600
27792.01 27800
29590.99 29600
28265.22 28300
28552.53 28600
29145.14 29200
30193.16 30200
30996.60 31000
30062.32 30100
30020.21 30100
30895.84 30900
31675.94 31700
30534.90 30600
29947.12 30000
30464.26 30500
29895.59 29900
28796.97 28800
30479.44 30500
28887.21 28900
23367.67 23400
9802.19 9900
11020.58 11100
10296.28 10300
218.08 300
243.33 300
262.01 300
281.64 300
224.49 300
246.29 300
289.19 300
212.79 300
256.86 300
259.48 300
255.21 300
293.95 300
231.75 300
215.74 300
266.28 300
255.21 300
228.89 300
291.29 300
268.92 300
252.85 300
242.52 300
223.77 300
224.02 300
239.62 300
270.49 300
250.89 300
282.14 300
294.08 300
297.15 300
256.19 300
203.17 300
262.30 300
254.53 300
202.54 300
298.42 300
192.89 200
222.92 300
185.89 200
200.66 300
195.24 200
197.36 200
166.23 200
149.89 200
176.13 200
198.66 200
187.15 200
190.26 200
162.20 200
196.21 200
176.76 200
166.52 200
185.55 200
161.56 200
187.49 200
203.39 300
178.57 200
134.31 200
2553.29 2600
4268.87 4300
4304.64 4400
5046.98 5100
5474.75 5500
6090.67 6100
17172.20 17200
16934.09 17000
17996.16 18000
23052.93 23100
23882.64 23900
24348.44 24400
25081.27 25100
26377.16 26400
24464.24 24500
27249.90 27300
26629.10 26700
28180.93 28200
27875.90 27900
27064.93 27100
28295.35 28300
28321.80 28400
26675.62 26700
28575.41 28600
27916.11 28000
28606.54 28700
26924.35 27000
27905.54 28000
20590.75 20600
15294.06 15300
14468.83 14500
20705.48 20800
13115.55 13200
11536.11 11600
12144.76 12200
9896.90 9900
10520.34 10600
2156.34 2200
3816.10 3900
5245.12 5300
13564.11 13600
14004.31 14100
16659.66 16700
16196.53 16200
16811.14 16900
19137.14 19200
19880.93 19900
26902.71 27000
27580.11 27600
30164.66 30200
29690.40 29700
31091.90 31100
31440.36 31500
30847.84 30900
30907.28 31000
30761.97 30800
32834.16 32900
29676.18 29700
32638.96 32700
28256.63 28300
23947.87 24000
23042.22 23100
21485.15 21500
2951.53 3000
6524.60 6600
20115.51 20200
21301.31 21400
21585.84 21600
28044.77 28100
27710.19 27800
28228.02 28300
28333.94 28400
27884.93 27900
28489.54 28500
29320.06 29400
29019.59 29100
28435.99 28500
29278.40 29300
29948.21 30000
27093.24 27100
29163.62 29200
26686.29 26700
27795.76 27800
27392.64 27400
27029.29 27100
23294.35 23300
18599.93 18600
16583.06 16600
12911.86 13000
22082.35 22100
21809.94 21900
24078.47 24100
25420.64 25500
27809.94 27900
29459.28 29500
29668.06 29700
29169.25 29200
30958.17 31000
24826.48 24900
31860.35 31900
31180.19 31200
30077.09 30100
31461.84 31500
29297.11 29300
32447.46 32500
29808.76 29900
19034.61 19100
19411.88 19500
15640.90 15700
12601.97 12700
13210.30 13300
1784.20 1800
4035.56 4100
10035.37 10100
14986.74 15000
15632.94 15700
17032.31 17100
24455.16 24500
25387.34 25400
24544.82 24600
25039.06 25100
26115.83 26200
26527.20 26600
26847.40 26900
27356.80 27400
28808.88 28900
25317.57 25400
28257.94 28300
28759.17 28800
29519.40 29600
27046.64 27100
30283.41 30300
23724.10 23800
12274.58 12300
10079.83 10100
11209.11 11300
13066.71 13100
12529.02 12600
10542.89 10600
10229.04 10300
3035.59 3100
3743.06 3800
5189.25 5200
6854.26 6900
7694.88 7700
8395.04 8400
9390.08 9400
18216.46 18300
27601.84 27700
26574.56 26600
29107.78 29200
30033.14 30100
29891.17 29900
28341.41 28400
30595.31 30600
29416.09 29500
31111.64 31200
31055.96 31100
29582.71 29600
30178.33 30200
29599.17 29600
30689.52 30700
31168.56 31200
30940.99 31000
32257.83 32300
22565.94 22600
14271.04 14300
12365.53 12400
13314.86 13400
255.37 300
216.24 300
199.20 200
198.52 200
220.57 300
218.50 300
228.17 300
277.87 300
238.43 300
208.29 300
223.35 300
234.32 300
251.44 300
227.13 300
234.62 300
233.14 300
225.26 300
205.23 300
228.38 300
191.96 200
209.79 300
177.65 200
211.63 300
222.19 300
233.60 300
199.00 200
246.56 300
172.00 200
204.18 300
204.12 300
204.35 300
200.54 300
186.46 200
192.63 200
193.54 200
217.18 300
175.87 200
194.02 200
179.38 200
228.96 300
207.99 300
230.61 300
226.79 300
198.53 200
175.72 200
191.28 200
173.03 200
171.43 200
181.14 200
195.99 200
166.92 200
169.73 200
183.13 200
166.85 200
157.46 200
189.51 200
167.15 200
181.18 200
169.49 200
175.51 200
181.62 200
174.53 200
167.87 200
184.14 200
163.65 200
1229.06 1300
1112.32 1200
7355.31 7400
7624.76 7700
9797.15 9800
18214.87 18300
24172.66 24200
27001.47 27100
28285.05 28300
29062.93 29100
29018.51 29100
29015.03 29100
28782.67 28800
29464.04 29500
28281.49 28300
28425.08 28500
28767.43 28800
28366.09 28400
29884.10 29900
27923.44 28000
27565.36 27600
25402.05 25500
27520.66 27600
27011.29 27100
27568.32 27600
19913.98 20000
13016.79 13100
2420.24 2500
15888.28 15900
17053.99 17100
21562.59 21600
26929.02 27000
26903.54 27000
28364.14 28400
28038.53 28100
29426.51 29500
29505.59 29600
29854.74 29900
30335.79 30400
31158.34 31200
30627.85 30700
28927.82 29000
32593.72 32600
32116.20 32200
30783.73 30800
29423.27 29500
30794.65 30800
29514.41 29600
25325.97 25400
23712.67 23800
10246.31 10300
9699.58 9700
10556.64 10600
11066.88 11100
258.63 300
246.35 300
231.96 300
230.84 300
262.69 300
225.82 300
239.66 300
199.81 200
201.74 300
243.56 300
246.87 300
236.12 300
226.76 300
222.03 300
221.93 300
256.89 300
174.99 200
212.56 300
251.86 300
202.54 300
211.23 300
184.82 200
277.34 300
236.19 300
267.86 300
249.70 300
193.13 200
206.72 300
238.47 300
220.62 300
225.54 300
290.66 300
219.64 300
225.42 300
212.84 300
295.76 300
199.30 200
191.59 200
212.66 300
237.47 300
234.58 300
271.30 300
237.02 300
205.22 300
235.20 300
176.32 200
239.43 300
224.05 300
215.85 300
178.77 200
206.88 300
231.74 300
217.64 300
178.58 200
250.33 300
173.04 200
181.04 200
227.56 300
223.58 300
206.72 300
172.97 200
226.17 300
225.99 300
187.33 200
257.86 300
240.76 300
230.94 300
230.26 300
262.77 300
202.24 300
224.70 300
285.63 300
292.47 300
170.72 200
212.52 300
243.02 300
212.52 300
206.75 300
218.70 300
226.12 300
218.76 300
249.26 300
194.37 200
239.98 300
204.79 300
186.60 200
197.35 200
253.89 300
229.85 300
191.85 200
201.12 300
205.54 300
177.67 200
231.20 300
216.68 300
182.13 200
171.99 200
194.63 200
173.49 200
192.63 200
180.89 200
180.36 200
167.72 200
165.49 200
168.64 200
170.55 200
157.76 200
181.38 200
181.88 200
210.23 300
176.42 200
181.30 200
161.28 200
171.41 200
173.25 200
153.59 200
162.16 200
177.12 200
191.62 200
168.65 200
153.02 200
161.71 200
215.64 300
153.26 200
177.56 200
173.40 200
188.60 200
194.28 200
193.47 200
198.01 200
180.55 200
164.13 200
205.95 300
157.60 200
184.60 200
201.67 300
169.04 200
211.73 300
147.91 200
198.07 200
177.99 200
170.68 200
151.62 200
156.25 200
5923.75 6000
10493.93 10500
13963.43 14000
18392.06 18400
25216.42 25300
25654.19 25700
23962.57 24000
25752.47 25800
26282.29 26300
27714.92 27800
27230.56 27300
28574.30 28600
28107.87 28200
28974.92 29000
27935.17 28000
27855.63 27900
29399.85 29400
26920.74 27000
27705.84 27800
28711.38 28800
28276.14 28300
23663.59 23700
19618.48 19700
11576.51 11600
11988.69 12000
11707.58 11800
11636.23 11700
8450.53 8500
10100.70 10200
2390.26 2400
2625.05 2700
5786.85 5800
7085.73 7100
12224.62 12300
17904.08 18000
22596.24 22600
23580.71 23600
24060.91 24100
23592.71 23600
24264.76 24300
26579.63 26600
27206.85 27300
28496.79 28500
30606.37 30700
29698.51 29700
31309.73 31400
31052.10 31100
32638.99 32700
30831.30 30900
32499.19 32500
31116.63 31200
27190.03 27200
16731.03 16800
17792.26 17800
16518.22 16600
18423.92 18500
17509.47 17600
14333.38 14400
12121.65 12200
2094.13 2100
6858.45 6900
10716.85 10800
15024.48 15100
16997.43 17000
22866.35 22900
26182.41 26200
27970.60 28000
28134.86 28200
27849.77 27900
29821.21 29900
25519.22 25600
28178.12 28200
28382.45 28400
29774.43 29800
29563.04 29600
27058.25 27100
28279.25 28300
26706.02 26800
22450.62 22500
20501.76 20600
21562.05 21600
16637.64 16700
20449.57 20500
22996.61 23000
26714.53 26800
27244.22 27300
27459.67 27500
29135.72 29200
30250.10 30300
30975.66 31000
30931.44 31000
30978.05 31000
31646.95 31700
30321.82 30400
31661.97 31700
28451.29 28500
30272.77 30300
30892.30 30900
21077.87 21100
17779.23 17800
14265.52 14300
2841.68 2900
4756.54 4800
10911.72 11000
11307.01 11400
12031.95 12100
22760.74 22800
23015.49 23100
23465.59 23500
24966.07 25000
24150.31 24200
25349.81 25400
25579.03 25600
27010.76 27100
26909.18 27000
27715.65 27800
29526.06 29600
27971.41 28000
28252.58 28300
26773.58 26800
29106.51 29200
29153.67 29200
28313.37 28400
28417.65 28500
26666.54 26700
29138.16 29200
25617.84 25700
26655.34 26700
22408.72 22500
24095.78 24100
15705.06 15800
7476.79 7500
10048.79 10100
15223.04 15300
16997.72 17000
20380.75 20400
25766.46 25800
29788.35 29800
30424.26 30500
29805.39 29900
30528.33 30600
31009.50 31100
32102.83 32200
31839.35 31900
32653.02 32700
30919.61 31000
31291.20 31300
27752.78 27800
31144.49 31200
32230.50 32300
32505.80 32600
31321.31 31400
29467.89 29500
29518.75 29600
29863.03 29900
24487.23 24500
18731.54 18800
16342.84 16400
24691.35 24700
24396.63 24400
28214.10 28300
27514.50 27600
27969.67 28000
29585.76 29600
28678.48 28700
29953.79 30000
27246.78 27300
27345.53 27400
29566.32 29600
30167.07 30200
28932.33 29000
26715.97 26800
26878.03 26900
26977.43 27000
27819.97 27900
13316.54 13400
14082.29 14100
8625.57 8700
13047.41 13100
24687.07 24700
25089.35 25100
27130.03 27200
28670.23 28700
28612.98 28700
30687.87 30700
30836.92 30900
30813.96 30900
30760.49 30800
30521.01 30600
29824.42 29900
32060.21 32100
30191.89 30200
30315.28 30400
29562.84 29600
30821.33 30900
26153.39 26200
27487.84 27500
17882.39 17900
12331.08 12400
13973.56 14000
9675.62 9700
9079.11 9100
237.55 300
191.03 200
191.56 200
221.19 300
123.20 200
205.04 300
135.31 200
219.87 300
149.92 200
205.55 300
192.99 200
203.29 300
175.25 200
106.50 200
210.62 300
136.85 200
197.50 200
268.63 300
107.07 200
121.03 200
273.67 300
268.93 300
264.08 300
133.25 200
217.33 300
218.74 300
195.47 200
255.14 300
241.57 300
221.42 300
220.91 300
146.14 200
180.81 200
143.47 200
259.19 300
245.32 300
150.40 200
126.41 200
243.44 300
188.76 200
129.39 200
146.30 200
137.21 200
120.69 200
129.81 200
150.23 200
145.51 200
151.47 200
291.13 300
130.38 200
316.95 400
137.73 200
147.22 200
163.24 200
161.26 200
124.76 200
247.33 300
144.57 200
146.17 200
224.61 300
142.00 200
163.48 200
187.63 200
263.49 300
160.73 200
113.51 200
200.72 300
119.75 200
169.30 200
158.37 200
131.39 200
102.38 200
169.89 200
131.73 200
131.38 200
110.54 200
184.53 200
122.60 200
103.67 200
125.54 200
117.02 200
194.31 200
113.48 200
165.76 200
125.36 200
189.21 200
182.06 200
159.22 200
185.69 200
197.33 200
166.30 200
136.99 200
159.07 200
199.07 200
99.05 100
170.43 200
143.23 200
125.36 200
203.45 300
197.69 200
117.61 200
175.31 200
146.22 200
172.34 200
20450.65 20500
22429.73 22500
27383.09 27400
26564.35 26600
26333.61 26400
27410.68 27500
27599.84 27600
27420.43 27500
27825.95 27900
28575.75 28600
30385.12 30400
30261.15 30300
28904.72 29000
29548.06 29600
27761.09 27800
26278.64 26300
29378.77 29400
27031.41 27100
18028.66 18100
10151.07 10200
1830.92 1900
15741.20 15800
20543.25 20600
23613.61 23700
24501.85 24600
27662.16 27700
29049.35 29100
28906.66 29000
30447.84 30500
31741.45 31800
30677.42 30700
31400.56 31500
31896.13 31900
31293.53 31300
31947.68 32000
29592.52 29600
22233.39 22300
24451.65 24500
18561.71 18600
16406.72 16500
16893.28 16900
11114.96 11200
13026.77 13100
9987.24 10000
278.43 300
228.20 300
296.30 300
248.02 300
268.28 300
247.39 300
192.09 200
219.66 300
196.53 200
203.10 300
191.74 200
195.58 200
202.08 300
191.08 200
202.25 300
208.75 300
197.82 200
194.62 200
1884.19 1900
2523.68 2600
4298.76 4300
14581.62 14600
21598.21 21600
22999.55 23000
23285.22 23300
23766.14 23800
24702.93 24800
25417.20 25500
25796.57 25800
25835.43 25900
28135.66 28200
27696.25 27700
27442.55 27500
29698.35 29700
29310.38 29400
29497.19 29500
27763.33 27800
30451.17 30500
29024.26 29100
30084.83 30100
29122.86 29200
29209.29 29300
20326.31 20400
13893.28 13900
12967.84 13000
18520.20 18600
20064.51 20100
22825.10 22900
26555.71 26600
26006.62 26100
28641.34 28700
27331.90 27400
30465.29 30500
28485.07 28500
28250.53 28300
29567.79 29600
29621.55 29700
29153.65 29200
31572.53 31600
29902.90 30000
31214.35 31300
30111.57 30200
28229.22 28300
29151.41 29200
29592.03 29600
31806.55 31900
29985.44 30000
19734.19 19800
22407.33 22500
10248.20 10300
11352.00 11400
9906.36 10000
200.86 300
122.71 200
124.56 200
154.52 200
117.13 200
121.80 200
258.02 300
132.00 200
211.66 300
224.79 300
158.64 200
182.59 200
154.66 200
161.68 200
241.21 300
183.49 200
208.66 300
134.62 200
147.32 200
142.61 200
156.27 200
153.30 200
131.17 200
235.20 300
144.25 200
171.71 200
112.53 200
158.13 200
162.87 200
136.00 200
148.30 200
134.51 200
123.94 200
140.57 200
154.92 200
127.34 200
133.43 200
128.37 200
133.19 200
151.49 200
237.45 300
122.45 200
121.11 200
137.14 200
140.58 200
103.02 200
125.70 200
135.02 200
110.91 200
136.30 200
150.77 200
145.36 200
140.19 200
228.21 300
166.19 200
128.82 200
148.37 200
221.57 300
140.62 200
150.71 200
191.96 200
130.85 200
140.59 200
157.54 200
189.68 200
245.42 300
141.85 200
177.37 200
151.75 200
135.18 200
270.42 300
141.41 200
137.45 200
129.13 200
206.05 300
148.15 200
198.09 200
163.71 200
132.10 200
201.87 300
140.86 200
230.64 300
137.75 200
139.27 200
216.36 300
151.41 200
163.20 200
203.12 300
145.63 200
175.69 200
223.30 300
150.76 200
150.75 200
108.01 200
198.72 200
119.22 200
146.15 200
198.35 200
172.50 200
167.91 200
190.61 200
129.45 200
124.57 200
212.92 300
122.77 200
123.13 200
148.61 200
158.17 200
233.60 300
142.30 200
117.04 200
155.81 200
177.52 200
125.73 200
134.87 200
162.49 200
120.71 200
160.73 200
124.55 200
140.57 200
125.38 200
162.55 200
117.36 200
135.99 200
135.46 200
180.33 200
113.73 200
125.45 200
112.58 200
129.11 200
96.01 100
170.45 200
146.71 200
192.09 200
112.73 200
120.60 200
128.68 200
141.00 200
130.65 200
171.89 200
136.89 200
132.15 200
173.68 200
100.68 200
128.85 200
205.76 300
138.76 200
159.36 200
137.91 200
181.13 200
126.64 200
158.18 200
163.10 200
143.87 200
149.45 200
126.67 200
119.28 200
177.49 200
112.68 200
146.55 200
105.97 200
128.52 200
184.33 200
110.73 200
136.17 200
189.45 200
106.45 200
3380.14 3400
4276.96 4300
10834.97 10900
18472.80 18500
19424.09 19500
21052.73 21100
22074.90 22100
24487.88 24500
26287.77 26300
27234.45 27300
28112.38 28200
28449.87 28500
28783.09 28800
29257.06 29300
28570.22 28600
29349.58 29400
29918.57 30000
28766.63 28800
29392.64 29400
26642.82 26700
27942.84 28000
19505.91 19600
16014.75 16100
11322.05 11400
11044.85 11100
1082.13 1100
2998.92 3000
10066.49 10100
14472.26 14500
16814.37 16900
23550.02 23600
23840.71 23900
28296.38 28300
29670.11 29700
30991.89 31000
28866.91 28900
32282.11 32300
29124.50 29200
30458.47 30500
30659.70 30700
30022.66 30100
31513.88 31600
28346.99 28400
29469.19 29500
30006.68 30100
31119.77 31200
31517.65 31600
26346.78 26400
17490.68 17500
16247.35 16300
13154.58 13200
1710.69 1800
8184.53 8200
10831.33 10900
11941.31 12000
18820.86 18900
23784.87 23800
26702.18 26800
26641.10 26700
28366.72 28400
26904.32 27000
27750.39 27800
27069.99 27100
29400.60 29500
29595.09 29600
29426.01 29500
30973.85 31000
31156.97 31200
27117.31 27200
29603.98 29700
29450.28 29500
26787.68 26800
27688.55 27700
27833.21 27900
27415.54 27500
23415.08 23500
24183.58 24200
23766.22 23800
24564.90 24600
25303.91 25400
24993.76 25000
26240.01 26300
28827.17 28900
29521.19 29600
31677.61 31700
29301.33 29400
32030.81 32100
30463.26 30500
30727.44 30800
31036.64 31100
29459.22 29500
31202.22 31300
31768.96 31800
31650.91 31700
30113.79 30200
29165.67 29200
32067.48 32100
31653.29 31700
29792.62 29800
18532.14 18600
17000.61 17100
14622.15 14700
12900.06 13000
9915.32 10000
10031.72 10100
249.42 300
259.47 300
275.29 300
250.35 300
226.87 300
249.12 300
274.42 300
249.08 300
270.33 300
226.48 300
263.30 300
273.50 300
241.97 300
252.83 300
311.56 400
263.36 300
273.82 300
322.86 400
259.97 300
279.39 300
279.61 300
299.90 300
258.09 300
3958.38 4000
5271.48 5300
11283.51 11300
14016.89 14100
23657.35 23700
25881.06 25900
27582.23 27600
27486.86 27500
26925.47 27000
28011.24 28100
27988.53 28000
28816.41 28900
28416.72 28500
27287.44 27300
28605.57 28700
28343.28 28400
29575.68 29600
28564.18 28600
28128.80 28200
30832.82 30900
27938.08 28000
29313.03 29400
27234.53 27300
27190.94 27200
26218.57 26300
27674.93 27700
24830.37 24900
13519.64 13600
10918.01 11000
1987.61 2000
15905.06 16000
16985.22 17000
24311.04 24400
25391.60 25400
26604.31 26700
28090.99 28100
28176.45 28200
29433.43 29500
27432.74 27500
29383.76 29400
30391.88 30400
29870.97 29900
29593.63 29600
30930.77 31000
28729.62 28800
31872.96 31900
32073.17 32100
29251.24 29300
31036.00 31100
30175.36 30200
23317.74 23400
24613.19 24700
23100.34 23200
25274.12 25300
17554.28 17600
16138.42 16200
12791.75 12800
14298.78 14300
11242.32 11300
13877.56 13900
11392.47 11400
320.68 400
311.79 400
314.95 400
283.75 300
226.68 300
293.75 300
309.59 400
294.34 300
332.74 400
279.83 300
264.05 300
270.34 300
215.84 300
251.82 300
290.73 300
282.25 300
259.04 300
280.27 300
224.10 300
287.13 300
301.24 400
282.26 300
275.36 300
226.37 300
284.51 300
260.27 300
267.56 300
325.23 400
202.04 300
208.80 300
215.27 300
193.60 200
202.22 300
191.18 200
217.61 300
206.56 300
201.04 300
184.14 200
185.34 200
194.16 200
182.65 200
174.07 200
226.80 300
162.30 200
183.31 200
212.39 300
209.42 300
193.00 200
194.90 200
211.15 300
194.36 200
192.70 200
177.21 200
199.46 200
197.74 200
205.13 300
203.21 300
190.63 200
205.52 300
252.05 300
181.10 200
173.90 200
215.83 300
279.25 300
2944.86 3000
8671.31 8700
19174.55 19200
21734.52 21800
21763.07 21800
22813.63 22900
25939.38 26000
26690.46 26700
27246.37 27300
27039.87 27100
27203.48 27300
27377.09 27400
30038.24 30100
28054.48 28100
28092.49 28100
28949.51 29000
28751.71 28800
27644.27 27700
29648.91 29700
28089.97 28100
28778.40 28800
28838.26 28900
27164.62 27200
29474.08 29500
18566.55 18600
13946.21 14000
16622.33 16700
22813.25 22900
26482.51 26500
27779.37 27800
27890.91 27900
28572.98 28600
27990.32 28000
29115.51 29200
30679.27 30700
29720.01 29800
30447.99 30500
31487.34 31500
32065.02 32100
30270.90 30300
30827.73 30900
29922.37 30000
28932.70 29000
31065.43 31100
31903.09 32000
30078.92 30100
28032.89 28100
31753.06 31800
18948.46 19000
11785.25 11800
13223.99 13300
12314.20 12400
9347.30 9400
178.95 200
261.65 300
223.30 300
214.12 300
266.61 300
240.66 300
242.91 300
228.79 300
260.60 300
241.15 300
196.97 200
240.03 300
227.92 300
184.06 200
232.23 300
193.45 200
214.13 300
228.90 300
235.50 300
275.67 300
251.33 300
258.77 300
206.78 300
245.90 300
228.44 300
191.56 200
215.96 300
197.51 200
232.82 300
228.27 300
164.90 200
242.27 300
265.87 300
229.77 300
306.09 400
191.65 200
260.95 300
281.06 300
254.64 300
230.40 300
282.60 300
271.33 300
300.72 400
268.06 300
212.46 300
256.07 300
266.04 300
259.11 300
299.41 300
207.44 300
248.16 300
232.12 300
246.87 300
238.86 300
212.48 300
222.51 300
294.36 300
222.61 300
215.32 300
308.17 400
254.49 300
248.49 300
211.04 300
238.84 300
257.75 300
278.62 300
21.49 100
249.10 300
216.39 300
182.14 200
249.68 300
180.86 200
148.58 200
228.18 300
176.53 200
207.40 300
184.43 200
196.56 200
201.78 300
143.80 200
199.91 200
189.64 200
236.24 300
172.27 200
158.56 200
219.86 300
186.87 200
198.85 200
206.86 300
175.05 200
221.87 300
167.91 200
233.32 300
156.10 200
195.20 200
167.94 200
189.80 200
176.14 200
202.51 300
187.88 200
195.10 200
249.07 300
182.18 200
186.42 200
193.67 200
180.80 200
193.83 200
192.93 200
175.96 200
218.92 300
198.55 200
203.67 300
191.59 200
190.90 200
166.09 200
185.38 200
1051.90 1100
2465.29 2500
6539.04 6600
15004.92 15100
15361.62 15400
17327.52 17400
17416.65 17500
24759.99 24800
25068.86 25100
27599.49 27600
27478.53 27500
28493.80 28500
27989.11 28000
29755.01 29800
28783.82 28800
27877.67 27900
28961.10 29000
29486.35 29500
29518.65 29600
30038.54 30100
26609.14 26700
29955.05 30000
27291.64 27300
28619.58 28700
20165.62 20200
20694.98 20700
20587.69 20600
15638.29 15700
14778.20 14800
17480.25 17500
22885.28 22900
24676.59 24700
24756.10 24800
29209.61 29300
29024.48 29100
30113.43 30200
29547.04 29600
30695.43 30700
33116.06 33200
30703.34 30800
28418.67 28500
32470.07 32500
31511.07 31600
32032.84 32100
31663.01 31700
31935.72 32000
32414.65 32500
29575.73 29600
29148.24 29200
25181.33 25200
15698.61 15700
17934.14 18000
16810.46 16900
9826.76 9900
227.72 300
223.60 300
237.26 300
208.08 300
287.43 300
215.08 300
237.63 300
187.39 200
205.08 300
224.42 300
220.32 300
237.39 300
195.99 200
186.93 200
248.43 300
228.06 300
230.53 300
226.84 300
187.18 200
235.79 300
226.79 300
220.29 300
224.56 300
253.80 300
205.26 300
160.59 200
182.76 200
151.20 200
142.39 200
4268.37 4300
10805.40 10900
15728.69 15800
20589.25 20600
26074.20 26100
25601.65 25700
28237.45 28300
29458.58 29500
30302.30 30400
28643.64 28700
28429.21 28500
27187.51 27200
29242.34 29300
30345.99 30400
29407.01 29500
29787.37 29800
29540.39 29600
20606.95 20700
20888.94 20900
22042.41 22100
10332.70 10400
12782.90 12800
3809.22 3900
5166.27 5200
22142.88 22200
21867.22 21900
22659.77 22700
23504.64 23600
27493.96 27500
28544.39 28600
29789.15 29800
31023.15 31100
29828.14 29900
29751.09 29800
30370.20 30400
29408.94 29500
30137.18 30200
29368.17 29400
30082.91 30100
31811.76 31900
30866.50 30900
29182.92 29200
28321.40 28400
18163.13 18200
18405.36 18500
17073.50 17100
14299.85 14300
16898.58 16900
17963.18 18000
24419.09 24500
28568.61 28600
28563.69 28600
28449.34 28500
29918.80 30000
28679.77 28700
28672.35 28700
28740.91 28800
27921.11 28000
24281.18 24300
20227.04 20300
19754.66 19800
23975.12 24000
29061.50 29100
28019.05 28100
28496.61 28500
30831.45 30900
29273.05 29300
31595.43 31600
30583.63 30600
31382.63 31400
30642.53 30700
17451.02 17500
17534.08 17600
12324.21 12400
