100.80 200
86.81 100
96.43 100
96.39 100
77.82 100
91.47 100
92.62 100
75.64 100
78.78 100
57.31 100
51.19 100
62.39 100
64.97 100
7976.04 8000
8056.25 8100
8819.56 8900
4149.81 4200
5959.81 6000
6974.28 7000
15851.38 15900
16037.25 16100
20729.82 20800
21271.97 21300
21100.81 21200
20879.81 20900
21265.90 21300
21102.95 21200
17985.04 18000
19606.01 19700
21625.83 21700
21431.33 21500
21127.04 21200
19345.53 19400
11232.07 11300
213.38 300
207.34 300
230.75 300
227.36 300
203.26 300
168.23 200
202.23 300
201.48 300
212.37 300
240.39 300
219.48 300
255.77 300
177.05 200
220.77 300
227.04 300
184.05 200
219.71 300
224.31 300
159.67 200
218.39 300
222.34 300
200.62 300
184.82 200
245.48 300
212.26 300
216.68 300
237.86 300
217.13 300
240.94 300
14541.91 14600
18952.89 19000
19492.81 19500
19738.21 19800
20156.67 20200
21136.95 21200
21322.40 21400
21656.24 21700
21855.62 21900
21771.44 21800
20702.64 20800
19380.35 19400
249.60 300
223.23 300
213.62 300
236.27 300
258.49 300
286.79 300
236.25 300
219.40 300
212.97 300
219.40 300
188.45 200
214.63 300
212.68 300
248.12 300
261.92 300
243.91 300
218.49 300
191.58 200
237.94 300
270.06 300
194.31 200
188.00 200
235.35 300
285.80 300
251.98 300
216.65 300
8082.66 8100
7723.69 7800
15703.68 15800
21196.07 21200
21501.11 21600
21755.23 21800
21977.73 22000
21293.90 21300
19424.05 19500
21678.03 21700
8946.08 9000
3925.55 4000
16953.99 17000
16915.25 17000
18846.45 18900
19667.28 19700
22636.75 22700
21813.18 21900
20450.46 20500
21232.36 21300
18971.10 19000
8587.37 8600
2745.57 2800
10033.70 10100
18246.24 18300
18236.62 18300
19900.38 20000
20360.79 20400
21385.94 21400
22113.88 22200
22053.44 22100
19447.41 19500
8239.12 8300
8293.42 8300
8810.73 8900
3159.02 3200
5307.20 5400
8277.41 8300
14505.20 14600
17100.30 17200
20541.74 20600
22115.66 22200
20458.93 20500
21847.42 21900
21424.60 21500
21024.28 21100
19006.15 19100
20595.70 20600
19385.21 19400
20764.46 20800
21228.21 21300
20942.54 21000
20256.24 20300
21253.80 21300
23775.01 23800
19718.35 19800
19997.58 20000
16836.38 16900
175.94 200
174.40 200
159.68 200
162.52 200
121.93 200
106.98 200
173.91 200
150.84 200
152.39 200
151.16 200
166.52 200
157.82 200
130.28 200
8138.55 8200
8535.58 8600
9534.62 9600
14422.28 14500
18000.44 18100
21578.63 21600
20331.78 20400
21393.65 21400
21985.25 22000
21550.10 21600
22093.21 22100
22035.00 22100
21232.68 21300
20737.37 20800
18412.12 18500
21969.00 22000
17457.49 17500
18961.15 19000
12320.85 12400
209.80 300
171.26 200
147.45 200
195.78 200
180.18 200
156.14 200
153.96 200
195.93 200
178.35 200
160.81 200
153.96 200
158.60 200
149.46 200
166.18 200
174.75 200
155.01 200
158.16 200
145.73 200
152.46 200
168.29 200
186.13 200
191.81 200
141.15 200
152.83 200
173.96 200
165.77 200
211.41 300
201.16 300
176.78 200
172.78 200
172.83 200
195.65 200
213.58 300
217.93 300
8260.59 8300
6805.52 6900
14921.23 15000
15964.28 16000
19701.60 19800
20304.06 20400
22635.99 22700
20081.73 20100
21005.03 21100
20040.39 20100
21638.93 21700
9913.15 10000
94.37 100
122.75 200
95.58 100
120.64 200
120.25 200
90.42 100
130.63 200
101.50 200
156.55 200
126.55 200
139.05 200
128.36 200
119.51 200
122.77 200
124.70 200
132.22 200
106.48 200
114.91 200
111.29 200
125.13 200
113.86 200
122.91 200
146.95 200
98.55 100
107.50 200
105.26 200
94.59 100
113.83 200
96.81 100
89.12 100
137.65 200
126.44 200
121.05 200
147.20 200
123.79 200
160.86 200
167.60 200
21429.23 21500
19440.07 19500
21617.71 21700
20176.62 20200
20370.95 20400
20655.95 20700
18806.02 18900
21127.84 21200
8551.78 8600
2218.84 2300
15446.69 15500
15857.37 15900
19283.48 19300
19499.09 19500
19930.87 20000
19365.80 19400
21113.01 21200
22269.14 22300
20728.24 20800
20015.68 20100
20220.42 20300
21219.21 21300
140.48 200
95.50 100
103.29 200
103.90 200
82.53 100
80.87 100
82.89 100
71.88 100
72.27 100
72.21 100
63.02 100
84.23 100
94.90 100
73.15 100
103.23 200
78.82 100
76.14 100
68.42 100
80.10 100
107.97 200
100.19 200
73.99 100
65.75 100
66.15 100
106.38 200
67.70 100
81.47 100
88.64 100
82.73 100
71.77 100
74.11 100
102.06 200
78.49 100
67.76 100
84.35 100
81.80 100
66.93 100
82.36 100
104.39 200
48.26 100
59.46 100
69.06 100
71.74 100
93.95 100
113.53 200
51.87 100
80.92 100
77.29 100
62.72 100
70.13 100
70.23 100
74.67 100
81.43 100
69.84 100
73.42 100
100.66 200
53.46 100
67.12 100
103.15 200
89.70 100
8451.85 8500
7919.34 8000
16286.42 16300
20183.59 20200
21469.66 21500
20845.53 20900
20017.92 20100
19515.14 19600
19542.16 19600
12364.66 12400
21363.30 21400
20672.25 20700
21144.72 21200
20807.49 20900
21253.29 21300
21735.12 21800
19896.57 19900
200.83 300
207.92 300
189.05 200
195.72 200
189.89 200
199.42 200
191.51 200
207.03 300
191.31 200
230.98 300
235.28 300
473.16 500
124.86 200
79.31 100
87.25 100
87.80 100
110.49 200
101.96 200
92.43 100
87.13 100
85.66 100
89.94 100
106.11 200
73.94 100
101.61 200
91.38 100
97.07 100
108.18 200
103.84 200
119.43 200
114.07 200
105.70 200
100.75 200
91.64 100
97.21 100
85.68 100
88.10 100
105.91 200
95.36 100
114.75 200
100.61 200
81.31 100
103.95 200
108.51 200
103.51 200
98.43 100
86.84 100
111.71 200
82.46 100
106.64 200
85.22 100
90.21 100
98.65 100
79.74 100
92.44 100
95.47 100
105.52 200
102.32 200
9038.67 9100
5288.17 5300
10940.52 11000
14011.30 14100
14324.00 14400
15061.65 15100
21304.26 21400
20397.50 20400
21305.78 21400
20389.55 20400
20595.25 20600
21638.86 21700
20873.84 20900
19535.69 19600
18954.06 19000
21072.30 21100
8230.58 8300
6309.79 6400
12387.01 12400
12875.04 12900
19816.48 19900
19624.06 19700
21281.16 21300
21877.25 21900
20187.35 20200
21837.94 21900
20473.49 20500
21479.45 21500
20951.43 21000
20090.78 20100
19740.38 19800
123.11 200
133.85 200
127.95 200
136.06 200
157.93 200
103.82 200
114.76 200
100.84 200
150.77 200
133.94 200
102.87 200
112.00 200
171.79 200
131.83 200
123.74 200
122.70 200
104.55 200
159.42 200
169.13 200
145.24 200
131.78 200
128.82 200
72.26 100
84.06 100
85.15 100
104.67 200
60.55 100
90.99 100
65.57 100
60.83 100
73.14 100
96.22 100
84.91 100
94.44 100
93.59 100
45.53 100
105.56 200
89.29 100
86.02 100
89.09 100
72.36 100
69.54 100
49.34 100
77.05 100
76.70 100
67.31 100
105.03 200
93.32 100
79.45 100
67.51 100
71.86 100
76.25 100
71.95 100
66.48 100
53.84 100
81.54 100
77.52 100
55.64 100
99.88 100
116.65 200
80.38 100
97.91 100
82.47 100
68.82 100
91.67 100
89.13 100
83.16 100
85.42 100
72.49 100
72.47 100
54.19 100
84.34 100
96.04 100
89.80 100
91.59 100
96.98 100
65.49 100
111.88 200
106.03 200
84.48 100
82.21 100
75.13 100
72.94 100
85.98 100
80.09 100
95.32 100
92.38 100
82.54 100
89.10 100
92.12 100
103.04 200
80.98 100
98.61 100
78.38 100
70.83 100
97.09 100
68.35 100
103.79 200
65.19 100
58.19 100
109.90 200
75.62 100
81.43 100
79.36 100
71.19 100
78.39 100
72.61 100
68.15 100
80.42 100
85.28 100
86.69 100
72.32 100
104.64 200
67.32 100
73.37 100
68.90 100
91.21 100
89.74 100
68.11 100
112.98 200
61.56 100
83.33 100
103.36 200
86.18 100
72.36 100
48.20 100
86.27 100
64.04 100
61.56 100
93.46 100
74.14 100
74.11 100
94.82 100
69.10 100
79.67 100
96.41 100
70.54 100
80.87 100
85.55 100
84.59 100
74.76 100
75.15 100
80.50 100
87.32 100
85.58 100
90.37 100
86.26 100
86.05 100
72.74 100
67.08 100
78.75 100
57.10 100
70.58 100
169.51 200
7982.50 8000
8511.15 8600
4776.96 4800
9531.26 9600
16551.09 16600
19876.00 19900
20852.16 20900
20131.03 20200
22031.15 22100
21483.33 21500
18455.29 18500
20630.21 20700
177.95 200
158.38 200
178.51 200
177.39 200
173.07 200
208.42 300
191.24 200
232.05 300
13144.30 13200
18428.29 18500
20213.20 20300
20591.68 20600
21223.39 21300
22549.54 22600
21351.34 21400
20666.96 20700
20130.47 20200
19294.73 19300
21223.77 21300
12362.78 12400
179.86 200
172.85 200
177.48 200
173.23 200
169.39 200
160.60 200
195.80 200
171.36 200
179.28 200
164.89 200
190.88 200
182.43 200
174.68 200
167.19 200
171.85 200
183.34 200
193.08 200
191.43 200
185.68 200
195.81 200
152.23 200
203.74 300
192.92 200
191.36 200
185.72 200
8910.18 9000
8619.85 8700
4731.00 4800
5275.26 5300
10952.21 11000
11917.20 12000
16423.03 16500
22560.49 22600
22268.48 22300
20220.03 20300
19943.86 20000
20203.02 20300
19264.55 19300
20169.35 20200
16305.93 16400
17175.84 17200
17568.99 17600
19984.61 20000
19922.85 20000
20816.65 20900
21424.05 21500
20041.74 20100
20581.04 20600
19233.07 19300
12766.10 12800
21377.87 21400
19070.99 19100
129.20 200
81.57 100
86.92 100
144.30 200
110.85 200
100.18 200
121.47 200
99.44 100
119.63 200
7987.46 8000
8329.33 8400
9491.81 9500
12450.15 12500
19601.18 19700
20463.13 20500
19555.71 19600
21132.57 21200
21360.38 21400
21636.00 21700
20516.95 20600
21317.75 21400
19385.93 19400
19552.57 19600
20184.88 20200
17638.42 17700
15184.57 15200
161.15 200
222.04 300
172.60 200
153.21 200
150.38 200
163.45 200
178.29 200
156.05 200
163.87 200
155.11 200
174.24 200
152.05 200
179.38 200
151.96 200
187.70 200
167.69 200
180.17 200
156.30 200
173.43 200
171.71 200
164.81 200
174.29 200
159.09 200
169.30 200
186.89 200
183.08 200
179.20 200
186.56 200
184.73 200
160.28 200
187.37 200
189.26 200
154.16 200
101.91 200
43.16 100
63.45 100
73.57 100
64.43 100
76.95 100
65.96 100
88.74 100
54.86 100
64.01 100
85.27 100
76.86 100
86.66 100
80.54 100
78.11 100
59.12 100
71.21 100
52.56 100
86.89 100
68.51 100
51.04 100
69.10 100
54.44 100
63.78 100
82.60 100
96.55 100
73.32 100
67.45 100
62.58 100
55.10 100
49.30 100
51.87 100
57.26 100
69.67 100
69.24 100
74.55 100
65.44 100
55.28 100
63.04 100
74.78 100
70.33 100
60.48 100
59.23 100
76.10 100
72.48 100
81.41 100
54.65 100
77.01 100
52.02 100
57.67 100
86.96 100
61.12 100
65.39 100
53.27 100
89.18 100
55.87 100
55.86 100
47.04 100
54.57 100
70.96 100
83.31 100
66.03 100
72.00 100
76.78 100
59.47 100
70.50 100
67.02 100
8052.26 8100
7444.29 7500
20197.10 20200
19463.27 19500
20046.87 20100
20363.34 20400
19127.32 19200
19480.91 19500
20904.15 21000
20290.31 20300
19089.85 19100
8538.21 8600
3588.38 3600
19207.29 19300
19691.61 19700
21686.08 21700
20939.68 21000
21639.29 21700
23070.51 23100
22409.88 22500
21392.40 21400
21568.71 21600
20283.67 20300
639.99 700
238.48 300
66.85 100
82.15 100
107.68 200
113.21 200
105.00 200
106.51 200
93.61 100
86.59 100
109.14 200
116.23 200
115.03 200
120.53 200
100.15 200
62.42 100
112.27 200
90.92 100
115.95 200
84.41 100
105.85 200
102.20 200
104.12 200
120.34 200
91.41 100
108.02 200
78.43 100
109.43 200
90.22 100
100.46 200
126.24 200
106.05 200
89.27 100
103.06 200
103.41 200
98.17 100
81.97 100
88.09 100
73.72 100
121.07 200
104.85 200
102.86 200
99.17 100
92.70 100
79.19 100
80.33 100
71.55 100
87.13 100
78.58 100
84.22 100
89.64 100
79.20 100
103.56 200
100.47 200
113.37 200
112.81 200
88.89 100
105.99 200
94.50 100
74.47 100
89.61 100
101.07 200
101.79 200
78.74 100
80.98 100
85.16 100
97.38 100
76.51 100
69.89 100
90.80 100
137.81 200
90.76 100
117.97 200
65.54 100
83.75 100
95.38 100
75.71 100
97.89 100
85.30 100
86.13 100
128.50 200
105.55 200
90.82 100
75.20 100
79.47 100
81.12 100
83.14 100
90.06 100
95.95 100
118.53 200
84.77 100
118.04 200
96.05 100
92.38 100
89.37 100
91.81 100
90.16 100
8597.43 8600
8641.03 8700
6566.60 6600
6887.62 6900
13644.59 13700
19432.00 19500
20313.28 20400
21454.21 21500
21341.18 21400
18690.84 18700
21018.11 21100
20832.36 20900
20305.73 20400
20815.02 20900
19798.03 19800
20844.61 20900
20569.41 20600
22195.03 22200
20469.91 20500
19269.32 19300
20143.00 20200
20483.05 20500
20396.19 20400
12434.63 12500
131.93 200
103.65 200
100.13 200
156.04 200
122.16 200
124.95 200
163.56 200
171.64 200
138.42 200
164.41 200
129.84 200
108.98 200
124.91 200
121.75 200
143.39 200
114.13 200
107.60 200
116.81 200
146.12 200
135.51 200
138.10 200
80.67 100
96.59 100
122.62 200
127.62 200
111.76 200
138.54 200
153.12 200
192.00 200
143.41 200
183.81 200
8111.17 8200
8622.82 8700
5786.65 5800
6649.26 6700
8999.94 9000
17513.70 17600
19148.38 19200
21257.81 21300
19104.77 19200
19686.23 19700
20242.39 20300
21774.61 21800
19786.63 19800
18280.10 18300
134.60 200
110.45 200
126.30 200
133.94 200
129.34 200
119.21 200
125.21 200
117.03 200
106.01 200
156.98 200
123.34 200
160.30 200
141.95 200
152.00 200
15515.01 15600
16535.46 16600
17874.12 17900
20683.64 20700
20404.84 20500
21352.06 21400
21569.44 21600
22108.75 22200
21992.01 22000
20499.72 20500
19566.36 19600
21019.00 21100
16013.54 16100
16483.54 16500
20812.34 20900
19673.37 19700
20820.74 20900
22174.59 22200
20648.87 20700
22382.54 22400
20204.38 20300
20411.10 20500
20678.10 20700
19612.53 19700
7822.20 7900
2796.78 2800
11937.12 12000
11829.41 11900
20839.37 20900
22055.47 22100
19894.93 19900
21104.56 21200
18681.89 18700
15829.01 15900
153.61 200
198.16 200
190.89 200
201.46 300
204.88 300
174.99 200
135.21 200
162.09 200
210.28 300
202.88 300
178.68 200
172.65 200
156.92 200
140.11 200
179.65 200
167.67 200
179.67 200
150.62 200
168.70 200
166.19 200
145.87 200
161.27 200
184.57 200
177.18 200
211.79 300
167.13 200
164.40 200
407.60 500
93.35 100
108.38 200
59.31 100
106.50 200
71.70 100
82.75 100
104.51 200
94.53 100
98.89 100
91.11 100
88.98 100
111.72 200
137.51 200
113.42 200
87.34 100
116.47 200
100.35 200
92.42 100
71.85 100
107.42 200
147.38 200
82.97 100
101.01 200
93.64 100
105.57 200
81.55 100
126.71 200
75.41 100
88.52 100
97.40 100
96.13 100
130.37 200
119.94 200
114.95 200
112.10 200
78.04 100
87.34 100
110.98 200
96.52 100
80.75 100
105.40 200
126.31 200
98.77 100
92.80 100
93.52 100
101.59 200
101.94 200
95.03 100
105.66 200
101.10 200
96.81 100
99.77 100
79.24 100
104.32 200
76.05 100
80.39 100
94.44 100
94.50 100
99.53 100
108.79 200
104.52 200
90.49 100
106.17 200
8065.05 8100
8262.16 8300
7775.92 7800
9853.12 9900
18983.98 19000
18378.78 18400
19209.70 19300
19094.61 19100
20414.28 20500
19789.27 19800
20179.63 20200
20101.93 20200
20127.50 20200
19005.23 19100
20459.65 20500
20050.98 20100
18107.65 18200
208.51 300
212.02 300
200.25 300
173.80 200
192.04 200
231.59 300
201.13 300
166.37 200
178.13 200
202.90 300
183.30 200
169.64 200
170.45 200
162.00 200
208.92 300
221.36 300
185.28 200
182.60 200
185.35 200
200.39 300
195.62 200
198.55 200
182.23 200
204.11 300
162.08 200
175.96 200
222.10 300
190.43 200
155.53 200
170.04 200
174.45 200
157.38 200
152.76 200
202.95 300
164.48 200
196.17 200
248.77 300
190.40 200
191.11 200
198.10 200
216.22 300
180.42 200
182.20 200
178.13 200
139.10 200
142.44 200
150.79 200
163.76 200
178.51 200
187.96 200
204.66 300
247.11 300
234.29 300
226.22 300
266.85 300
301.93 400
13160.80 13200
18074.94 18100
19304.01 19400
20099.64 20100
21335.19 21400
13954.76 14000
203.99 300
233.17 300
215.17 300
190.86 200
210.40 300
209.95 300
220.02 300
235.04 300
207.99 300
208.06 300
217.20 300
199.34 200
203.18 300
215.71 300
204.30 300
203.45 300
182.24 200
179.13 200
235.41 300
194.32 200
184.37 200
199.47 200
218.35 300
222.40 300
9254.90 9300
2461.11 2500
16877.08 16900
17061.40 17100
20918.67 21000
19469.64 19500
20860.25 20900
18676.17 18700
17654.68 17700
19626.86 19700
8285.18 8300
12738.45 12800
15507.21 15600
16549.08 16600
16774.49 16800
19613.32 19700
19038.13 19100
19326.27 19400
21699.48 21700
21042.19 21100
20847.40 20900
19090.94 19100
20834.56 20900
19329.68 19400
11850.73 11900
139.27 200
112.51 200
118.78 200
120.29 200
150.61 200
128.41 200
128.26 200
93.01 100
122.08 200
170.85 200
123.66 200
121.23 200
114.92 200
116.03 200
108.48 200
137.62 200
128.85 200
119.94 200
135.15 200
161.49 200
182.06 200
159.85 200
168.40 200
129.71 200
90.86 100
91.60 100
95.07 100
79.24 100
82.49 100
77.37 100
83.70 100
83.30 100
90.64 100
78.13 100
74.97 100
84.27 100
87.79 100
103.38 200
81.57 100
72.26 100
86.31 100
68.87 100
77.19 100
74.87 100
73.61 100
57.27 100
111.78 200
98.71 100
83.64 100
85.06 100
79.08 100
101.09 200
8439.01 8500
8582.77 8600
1087.45 1100
7865.97 7900
10273.96 10300
15101.57 15200
16734.42 16800
19784.40 19800
19623.18 19700
20332.76 20400
20040.08 20100
21573.86 21600
20613.76 20700
20279.59 20300
19842.50 19900
18788.51 18800
20226.46 20300
255.93 300
193.90 200
225.53 300
187.16 200
184.17 200
224.21 300
226.84 300
235.74 300
200.12 300
208.23 300
187.71 200
149.58 200
187.42 200
8304.86 8400
10579.15 10600
13033.97 13100
14431.56 14500
16944.65 17000
17165.23 17200
20317.89 20400
20402.26 20500
21255.63 21300
20212.62 20300
21027.41 21100
21252.35 21300
20161.40 20200
22270.66 22300
14096.68 14100
11066.30 11100
12178.27 12200
18678.35 18700
21282.87 21300
21222.85 21300
21298.44 21300
21249.05 21300
22270.34 22300
22349.48 22400
19974.89 20000
14082.33 14100
19082.78 19100
142.14 200
99.65 100
116.76 200
84.37 100
112.06 200
104.92 200
120.49 200
165.69 200
110.27 200
111.16 200
133.70 200
93.70 100
105.68 200
101.48 200
113.91 200
150.39 200
135.69 200
114.47 200
108.70 200
116.46 200
124.14 200
93.09 100
179.69 200
146.07 200
129.94 200
128.27 200
101.69 200
135.22 200
167.02 200
15999.22 16000
21215.75 21300
20788.81 20800
20831.27 20900
22217.81 22300
21719.30 21800
22109.80 22200
19236.51 19300
20038.41 20100
8731.71 8800
6279.70 6300
12365.28 12400
15212.41 15300
17995.44 18000
19427.35 19500
20748.27 20800
22572.57 22600
21353.72 21400
19668.07 19700
20217.85 20300
21708.50 21800
22129.02 22200
20874.17 20900
19994.91 20000
15299.75 15300
12053.83 12100
2195.90 2200
184.69 200
205.23 300
161.36 200
191.46 200
165.14 200
169.54 200
183.07 200
156.24 200
157.71 200
166.73 200
193.22 200
145.47 200
156.68 200
149.64 200
164.50 200
158.90 200
168.80 200
143.34 200
156.02 200
166.25 200
135.25 200
182.99 200
142.40 200
193.44 200
152.51 200
210.28 300
170.87 200
165.31 200
161.24 200
162.04 200
242.08 300
176.88 200
193.27 200
124.91 200
157.19 200
182.72 200
159.41 200
168.30 200
147.95 200
136.25 200
177.84 200
159.86 200
162.55 200
140.47 200
175.80 200
152.90 200
150.14 200
137.35 200
141.16 200
146.74 200
161.02 200
154.44 200
140.81 200
128.80 200
164.15 200
144.98 200
104.70 200
191.76 200
132.74 200
94.05 100
169.78 200
138.27 200
118.09 200
208.49 300
148.40 200
177.12 200
115.32 200
8810.34 8900
8783.54 8800
3338.21 3400
4543.19 4600
12573.54 12600
17665.27 17700
19102.78 19200
19664.62 19700
20286.10 20300
19971.34 20000
21641.37 21700
21961.63 22000
21502.78 21600
20656.28 20700
19295.31 19300
21871.80 21900
19591.18 19600
20619.91 20700
22378.73 22400
21914.69 22000
20281.04 20300
17932.87 18000
17954.29 18000
18867.41 18900
19700.64 19800
21025.32 21100
19832.05 19900
20256.98 20300
22030.24 22100
20521.95 20600
19691.16 19700
20541.58 20600
20821.85 20900
138.58 200
102.13 200
104.17 200
118.87 200
88.07 100
119.44 200
85.21 100
79.40 100
81.42 100
92.34 100
108.58 200
92.57 100
92.85 100
76.17 100
7591.29 7600
8653.43 8700
8689.42 8700
8735.28 8800
3350.97 3400
5543.10 5600
5707.77 5800
10655.33 10700
17016.18 17100
19391.10 19400
19883.39 19900
21663.57 21700
21122.10 21200
21362.43 21400
20970.56 21000
19598.56 19600
22229.55 22300
21226.25 21300
20048.70 20100
16017.65 16100
8526.42 8600
2495.11 2500
17719.36 17800
21266.25 21300
21246.88 21300
20517.27 20600
21645.12 21700
20448.47 20500
19062.08 19100
19126.86 19200
22434.97 22500
8902.96 9000
3502.34 3600
15985.79 16000
15789.15 15800
18305.86 18400
20550.59 20600
20549.99 20600
19639.90 19700
20246.16 20300
20572.43 20600
105.65 200
71.50 100
79.13 100
78.98 100
89.73 100
59.89 100
52.18 100
75.31 100
44.47 100
60.05 100
72.90 100
89.31 100
75.90 100
66.71 100
87.60 100
52.73 100
65.73 100
54.49 100
60.86 100
72.69 100
86.32 100
73.02 100
61.24 100
81.67 100
70.19 100
75.84 100
65.86 100
57.74 100
89.42 100
68.50 100
89.47 100
54.82 100
64.74 100
63.13 100
62.91 100
61.50 100
64.50 100
57.13 100
69.91 100
69.07 100
71.13 100
81.78 100
60.41 100
68.10 100
64.68 100
53.70 100
76.42 100
56.78 100
73.05 100
72.13 100
52.68 100
59.88 100
71.38 100
63.81 100
58.48 100
79.23 100
3097.21 3100
6607.28 6700
7270.03 7300
8420.45 8500
14507.42 14600
15195.22 15200
16392.35 16400
20122.72 20200
20062.19 20100
20472.43 20500
19674.06 19700
21794.13 21800
21542.95 21600
21979.49 22000
22276.05 22300
20845.47 20900
20367.41 20400
21249.22 21300
20154.99 20200
19173.38 19200
158.97 200
100.90 200
99.91 100
108.70 200
130.58 200
127.86 200
156.09 200
132.52 200
125.32 200
123.65 200
142.28 200
141.51 200
121.77 200
166.98 200
8558.56 8600
8394.31 8400
1004.61 1100
4956.14 5000
11482.12 11500
14907.79 15000
19155.17 19200
21027.78 21100
20784.30 20800
20976.65 21000
21115.05 21200
18670.01 18700
7807.44 7900
9200.35 9300
14864.22 14900
17427.69 17500
16741.68 16800
17041.15 17100
21679.49 21700
19063.63 19100
20455.18 20500
19568.41 19600
19051.54 19100
20919.98 21000
12158.48 12200
120.08 200
110.22 200
101.89 200
148.10 200
130.20 200
102.31 200
142.78 200
117.08 200
116.86 200
116.66 200
119.05 200
134.23 200
122.53 200
172.94 200
113.54 200
103.76 200
99.99 100
106.93 200
141.66 200
116.07 200
153.11 200
100.90 200
111.43 200
113.22 200
150.59 200
108.53 200
136.55 200
122.97 200
113.91 200
124.72 200
110.83 200
104.71 200
108.64 200
149.58 200
132.32 200
102.20 200
109.80 200
107.58 200
162.85 200
75.02 100
113.24 200
155.93 200
125.83 200
121.34 200
126.97 200
107.17 200
115.49 200
113.12 200
117.19 200
114.63 200
130.05 200
130.42 200
100.22 200
126.35 200
113.03 200
115.37 200
125.65 200
93.51 100
158.30 200
155.32 200
177.11 200
138.29 200
131.87 200
97.92 100
94.60 100
71.85 100
72.43 100
87.91 100
77.82 100
85.24 100
84.79 100
83.76 100
94.14 100
82.21 100
141.59 200
104.09 200
52.03 100
71.94 100
84.13 100
95.55 100
86.35 100
92.74 100
89.53 100
75.90 100
108.61 200
63.28 100
78.17 100
72.07 100
75.27 100
116.88 200
123.19 200
8368.39 8400
8614.60 8700
8900.41 9000
2295.10 2300
4529.49 4600
10397.18 10400
13735.14 13800
17370.78 17400
17291.57 17300
20754.15 20800
21884.94 21900
22002.28 22100
22822.21 22900
21581.27 21600
19917.44 20000
22028.83 22100
20894.31 20900
20428.77 20500
19459.61 19500
16938.15 17000
13550.60 13600
191.22 200
184.17 200
220.84 300
209.21 300
201.27 300
189.75 200
146.90 200
197.02 200
200.10 300
212.03 300
185.56 200
204.79 300
181.48 200
194.74 200
144.26 200
201.88 300
223.74 300
161.03 200
166.23 200
215.62 300
190.32 200
174.11 200
207.43 300
179.85 200
197.27 200
181.16 200
180.00 200
199.08 200
191.90 200
191.40 200
220.86 300
203.84 300
219.79 300
185.35 200
223.78 300
234.82 300
9017.23 9100
8715.74 8800
2490.05 2500
2888.12 2900
13335.09 13400
13658.00 13700
19249.81 19300
20616.98 20700
21286.80 21300
22014.17 22100
22408.26 22500
20411.40 20500
20045.89 20100
21108.72 21200
12725.46 12800
13726.99 13800
212.34 300
216.02 300
177.06 200
177.63 200
195.98 200
194.42 200
217.64 300
169.77 200
175.60 200
188.71 200
191.18 200
176.40 200
171.55 200
208.46 300
213.13 300
223.44 300
210.37 300
183.61 200
193.36 200
197.37 200
217.31 300
218.56 300
207.12 300
236.17 300
189.34 200
217.18 300
192.53 200
192.86 200
188.79 200
227.17 300
189.67 200
204.54 300
177.21 200
223.29 300
193.15 200
198.20 200
226.22 300
205.44 300
229.75 300
220.01 300
177.93 200
191.57 200
215.82 300
216.31 300
254.46 300
218.94 300
194.03 200
211.01 300
167.48 200
164.10 200
241.88 300
197.79 200
178.05 200
154.56 200
269.72 300
15109.45 15200
16349.72 16400
18230.27 18300
20432.65 20500
21260.56 21300
22100.86 22200
21130.74 21200
20063.79 20100
18854.99 18900
18846.41 18900
21253.33 21300
21230.46 21300
21016.52 21100
20543.00 20600
21422.27 21500
20865.83 20900
19835.82 19900
19116.39 19200
18161.64 18200
8024.03 8100
8300.03 8400
8655.21 8700
8321.72 8400
8499.00 8500
921.10 1000
2008.68 2100
2481.60 2500
4630.93 4700
4592.17 4600
8727.00 8800
20018.47 20100
19964.43 20000
20181.59 20200
20678.99 20700
20657.80 20700
20703.79 20800
20636.27 20700
20793.74 20800
22169.94 22200
22584.81 22600
19876.01 19900
19570.96 19600
22214.45 22300
11555.31 11600
11852.17 11900
15172.17 15200
19703.22 19800
19721.14 19800
20134.87 20200
20715.25 20800
20647.71 20700
18986.65 19000
23021.35 23100
20515.47 20600
20178.97 20200
15253.42 15300
138.79 200
149.86 200
119.71 200
109.27 200
94.11 100
116.61 200
149.60 200
141.12 200
121.22 200
122.56 200
128.94 200
131.60 200
129.66 200
136.98 200
123.06 200
94.41 100
128.73 200
109.41 200
124.09 200
120.92 200
112.54 200
129.56 200
157.04 200
160.87 200
8816.73 8900
901.18 1000
8732.05 8800
16647.94 16700
21395.49 21400
21553.51 21600
22433.69 22500
22541.01 22600
21944.45 22000
20352.89 20400
20377.56 20400
21309.93 21400
20372.82 20400
22287.78 22300
18799.88 18800
10168.14 10200
143.73 200
103.73 200
119.07 200
112.79 200
115.51 200
115.82 200
114.12 200
126.99 200
128.20 200
105.82 200
127.30 200
121.61 200
101.45 200
117.50 200
138.72 200
130.74 200
134.48 200
179.94 200
125.65 200
142.99 200
108.90 200
117.32 200
95.32 100
122.31 200
152.94 200
102.66 200
107.16 200
117.67 200
134.62 200
138.95 200
169.56 200
138.13 200
106.03 200
85.60 100
88.62 100
160.91 200
111.71 200
108.37 200
122.63 200
186.32 200
8691.15 8700
5275.00 5300
11916.74 12000
17513.25 17600
19482.76 19500
19433.27 19500
20857.49 20900
21170.16 21200
22311.50 22400
21389.34 21400
19747.38 19800
21599.15 21600
20138.25 20200
21315.53 21400
20476.06 20500
15498.52 15500
217.75 300
207.91 300
231.01 300
251.74 300
193.77 200
194.85 200
209.05 300
170.08 200
222.09 300
191.70 200
203.99 300
236.93 300
201.30 300
214.91 300
204.09 300
188.02 200
226.35 300
224.94 300
8593.82 8600
8515.24 8600
1021.53 1100
4781.03 4800
11218.39 11300
13680.38 13700
18937.46 19000
20370.54 20400
21221.28 21300
20900.41 21000
20993.70 21000
21255.66 21300
21302.58 21400
21864.33 21900
21673.96 21700
21360.69 21400
18713.04 18800
20411.00 20500
21088.59 21100
20573.91 20600
15944.48 16000
8871.64 8900
6129.75 6200
10569.59 10600
17095.65 17100
18436.96 18500
21539.07 21600
20619.04 20700
24047.21 24100
22243.55 22300
20755.96 20800
21874.62 21900
20468.18 20500
21153.68 21200
19739.81 19800
20983.78 21000
118.27 200
62.76 100
71.08 100
83.59 100
74.05 100
56.55 100
82.92 100
86.53 100
89.56 100
71.07 100
115.78 200
77.28 100
85.16 100
93.60 100
86.59 100
71.98 100
59.63 100
73.17 100
66.05 100
59.45 100
87.65 100
101.20 200
91.64 100
66.79 100
96.24 100
89.57 100
50.87 100
61.03 100
77.06 100
66.43 100
84.30 100
82.13 100
57.25 100
66.97 100
73.70 100
69.17 100
67.89 100
58.91 100
94.72 100
67.40 100
75.82 100
67.17 100
73.23 100
80.71 100
71.16 100
69.31 100
62.33 100
87.94 100
76.77 100
74.91 100
43.68 100
70.48 100
78.61 100
87.72 100
82.31 100
72.22 100
77.95 100
71.05 100
72.03 100
66.55 100
101.60 200
73.68 100
125.38 200
70.02 100
80.02 100
80.77 100
89.66 100
103.23 200
78.59 100
70.70 100
87.63 100
60.11 100
70.35 100
61.11 100
61.11 100
76.67 100
68.71 100
75.65 100
73.02 100
88.58 100
52.48 100
80.34 100
7011.80 7100
4810.81 4900
12302.73 12400
17158.52 17200
17898.37 17900
18466.96 18500
19783.03 19800
20617.04 20700
21582.43 21600
18782.29 18800
20097.02 20100
20365.03 20400
20068.01 20100
18814.63 18900
19389.91 19400
187.24 200
222.15 300
200.33 300
216.52 300
233.68 300
196.47 200
245.65 300
242.24 300
179.25 200
215.42 300
218.95 300
241.28 300
226.17 300
216.42 300
238.53 300
201.48 300
219.65 300
250.85 300
251.05 300
217.19 300
189.83 200
206.60 300
182.97 200
260.55 300
188.20 200
234.49 300
199.61 200
203.67 300
267.04 300
237.51 300
189.20 200
223.08 300
183.88 200
237.65 300
272.73 300
314.94 400
8608.93 8700
1773.80 1800
11314.02 11400
12456.95 12500
16627.13 16700
17677.97 17700
16737.49 16800
17951.29 18000
20580.01 20600
19425.20 19500
21971.33 22000
21673.68 21700
21846.11 21900
21352.83 21400
21082.27 21100
19772.88 19800
20587.87 20600
20581.83 20600
16122.95 16200
167.16 200
207.73 300
219.13 300
179.56 200
180.16 200
151.90 200
178.59 200
200.06 300
235.86 300
153.98 200
151.79 200
189.71 200
183.64 200
146.58 200
172.94 200
165.89 200
165.14 200
199.85 200
169.37 200
169.45 200
187.10 200
189.65 200
161.09 200
137.58 200
153.21 200
156.89 200
186.82 200
172.91 200
139.53 200
157.65 200
156.41 200
178.30 200
170.07 200
225.10 300
188.79 200
202.80 300
188.73 200
15886.06 15900
16264.86 16300
20858.69 20900
20876.11 20900
20578.25 20600
21580.16 21600
21215.03 21300
22133.09 22200
21793.15 21800
19321.72 19400
21791.69 21800
19368.63 19400
13939.46 14000
20014.28 20100
20847.86 20900
21433.22 21500
22451.18 22500
20473.42 20500
18660.57 18700
8495.85 8500
10105.42 10200
14573.81 14600
18147.96 18200
18029.20 18100
20892.82 20900
18702.81 18800
21179.46 21200
22411.41 22500
19662.10 19700
21688.42 21700
22014.58 22100
20881.58 20900
21767.29 21800
19060.05 19100
19605.36 19700
19270.72 19300
20917.03 21000
105.73 200
76.60 100
67.13 100
74.46 100
71.50 100
74.31 100
72.93 100
74.23 100
92.63 100
135.87 200
84.74 100
81.34 100
106.43 200
86.58 100
74.96 100
67.62 100
63.75 100
86.86 100
77.89 100
93.57 100
70.02 100
69.33 100
75.25 100
56.64 100
86.97 100
71.15 100
71.84 100
97.00 100
122.07 200
63.51 100
70.11 100
87.08 100
95.28 100
85.95 100
59.94 100
59.87 100
57.74 100
79.86 100
59.28 100
84.21 100
95.64 100
90.26 100
78.03 100
79.27 100
89.19 100
59.91 100
80.58 100
80.96 100
91.63 100
80.18 100
88.51 100
88.92 100
60.70 100
74.43 100
6812.96 6900
8311.42 8400
4631.30 4700
13397.77 13400
16507.97 16600
18243.47 18300
19289.97 19300
20272.26 20300
20317.20 20400
21858.86 21900
20811.71 20900
20674.94 20700
20754.66 20800
19020.41 19100
21669.06 21700
19926.85 20000
19747.06 19800
18709.34 18800
14036.22 14100
137.39 200
97.37 100
99.95 100
123.76 200
127.48 200
118.61 200
116.52 200
105.70 200
148.06 200
120.53 200
128.35 200
108.05 200
104.25 200
149.81 200
101.83 200
113.14 200
142.19 200
126.57 200
127.36 200
5.36 100
171.96 200
196.55 200
135.36 200
38.99 100
71.24 100
73.86 100
77.56 100
79.31 100
69.38 100
95.43 100
58.91 100
57.32 100
88.12 100
71.17 100
79.25 100
75.99 100
92.53 100
58.39 100
82.97 100
87.69 100
62.02 100
89.29 100
85.95 100
87.32 100
78.18 100
80.92 100
84.20 100
46.76 100
96.90 100
86.78 100
73.35 100
62.42 100
92.88 100
93.45 100
116.69 200
83.23 100
73.58 100
64.17 100
66.05 100
57.20 100
65.96 100
79.24 100
85.02 100
89.67 100
67.90 100
73.58 100
90.03 100
68.91 100
78.01 100
77.57 100
89.40 100
82.74 100
69.66 100
79.41 100
74.16 100
101.60 200
54.99 100
85.15 100
109.87 200
71.23 100
67.78 100
62.21 100
62.09 100
73.59 100
84.44 100
62.27 100
86.91 100
62.64 100
86.24 100
75.94 100
50.79 100
93.60 100
78.95 100
82.76 100
74.57 100
101.46 200
75.14 100
96.81 100
63.52 100
101.93 200
84.25 100
103.91 200
70.64 100
94.30 100
54.64 100
91.04 100
90.48 100
4.06 100
8300.46 8400
8516.82 8600
4682.21 4700
5628.37 5700
17229.06 17300
17904.21 18000
19234.79 19300
21461.27 21500
21293.56 21300
21569.99 21600
21120.30 21200
21006.14 21100
19140.44 19200
21143.15 21200
22133.35 22200
20291.26 20300
20664.56 20700
8502.19 8600
8597.78 8600
1191.71 1200
4047.42 4100
12792.75 12800
21649.82 21700
20654.79 20700
18872.56 18900
20164.01 20200
18861.67 18900
19670.70 19700
220.62 300
215.14 300
8732.31 8800
4290.88 4300
11247.95 11300
13670.05 13700
19745.94 19800
19031.42 19100
19870.83 19900
21667.61 21700
21055.40 21100
21409.53 21500
20330.36 20400
21005.63 21100
19971.73 20000
8313.89 8400
8764.06 8800
2852.36 2900
4063.49 4100
20567.42 20600
20779.70 20800
21257.24 21300
21988.25 22000
19028.39 19100
21838.06 21900
21332.38 21400
22010.90 22100
20248.53 20300
20344.93 20400
20063.86 20100
8113.79 8200
8847.01 8900
2777.52 2800
3691.29 3700
20027.35 20100
20732.94 20800
19813.19 19900
21081.03 21100
21386.63 21400
20680.97 20700
20548.52 20600
20569.08 20600
20914.25 21000
22699.40 22700
20744.71 20800
132.44 200
111.56 200
104.98 200
96.65 100
68.83 100
84.51 100
69.25 100
79.83 100
74.72 100
142.95 200
87.36 100
77.72 100
87.61 100
102.06 200
74.81 100
95.89 100
81.88 100
55.38 100
95.46 100
105.53 200
85.79 100
104.59 200
66.40 100
103.88 200
99.14 100
80.72 100
82.82 100
90.07 100
66.08 100
79.49 100
53.61 100
103.97 200
73.39 100
104.41 200
85.77 100
85.99 100
81.71 100
80.50 100
83.72 100
83.34 100
85.97 100
99.02 100
77.22 100
89.33 100
73.61 100
81.02 100
75.46 100
78.55 100
92.81 100
83.19 100
84.94 100
89.09 100
81.93 100
91.87 100
83.18 100
90.43 100
123.62 200
96.77 100
81.83 100
76.03 100
91.04 100
71.45 100
84.54 100
110.87 200
117.91 200
105.22 200
100.35 200
81.34 100
105.85 200
155.91 200
120.14 200
122.36 200
8320.37 8400
8685.88 8700
8374.58 8400
6298.78 6300
7662.75 7700
8973.28 9000
19507.79 19600
20732.24 20800
20769.67 20800
19742.19 19800
21999.39 22000
21025.77 21100
21311.93 21400
19976.03 20000
18665.04 18700
2371.64 2400
126.93 200
120.50 200
139.91 200
133.74 200
135.61 200
133.88 200
135.59 200
121.59 200
112.22 200
122.40 200
144.39 200
117.05 200
171.56 200
113.39 200
112.49 200
142.53 200
144.28 200
98.59 100
125.02 200
122.20 200
134.20 200
103.97 200
101.43 200
113.28 200
99.89 100
124.99 200
128.17 200
97.03 100
185.14 200
101.72 200
226.27 300
132.48 200
117.97 200
124.24 200
121.76 200
125.91 200
111.95 200
135.14 200
137.79 200
119.86 200
155.51 200
103.95 200
146.45 200
121.10 200
96.38 100
121.30 200
95.77 100
153.85 200
107.52 200
133.24 200
145.84 200
117.24 200
119.69 200
170.58 200
177.76 200
177.32 200
144.38 200
14818.21 14900
19644.75 19700
19323.14 19400
20784.30 20800
20912.84 21000
21437.58 21500
20876.02 20900
20111.34 20200
21145.54 21200
21066.96 21100
21216.98 21300
19652.51 19700
21253.10 21300
20025.76 20100
12554.32 12600
198.81 200
190.36 200
207.16 300
166.11 200
201.56 300
156.63 200
195.99 200
221.29 300
205.89 300
220.45 300
197.78 200
183.17 200
190.23 200
201.58 300
176.99 200
233.66 300
185.87 200
166.41 200
244.15 300
249.66 300
198.10 200
154.30 200
250.46 300
214.81 300
180.68 200
195.84 200
227.41 300
184.30 200
197.95 200
215.62 300
205.06 300
215.17 300
187.55 200
237.63 300
186.00 200
180.35 200
200.38 300
179.23 200
199.22 200
204.07 300
190.73 200
189.18 200
167.97 200
190.96 200
275.25 300
234.53 300
234.48 300
221.21 300
242.43 300
213.37 300
276.31 300
219.46 300
19341.60 19400
20902.27 21000
20700.35 20800
22063.46 22100
21805.43 21900
22403.42 22500
21572.81 21600
20283.28 20300
19206.78 19300
20792.17 20800
20499.49 20500
21769.10 21800
22567.64 22600
20165.75 20200
8207.88 8300
7999.82 8000
8683.87 8700
3365.04 3400
5708.13 5800
6750.41 6800
12247.57 12300
20312.57 20400
21726.16 21800
20224.63 20300
20623.70 20700
20515.76 20600
21987.39 22000
22550.87 22600
21591.76 21600
19697.41 19700
22171.88 22200
20362.36 20400
20935.56 21000
22277.15 22300
18958.25 19000
18934.05 19000
20799.65 20800
20125.67 20200
20706.27 20800
15090.80 15100
186.75 200
168.40 200
180.66 200
152.20 200
139.89 200
216.09 300
158.84 200
184.77 200
172.24 200
134.19 200
171.14 200
162.63 200
181.28 200
184.31 200
177.93 200
203.46 300
175.04 200
177.99 200
202.70 300
187.98 200
178.12 200
185.66 200
193.84 200
153.44 200
162.09 200
148.23 200
229.55 300
224.30 300
107.92 200
59.80 100
69.22 100
68.56 100
84.69 100
43.56 100
81.92 100
74.80 100
69.37 100
91.30 100
84.37 100
87.13 100
88.77 100
73.84 100
70.20 100
88.64 100
87.96 100
68.07 100
69.17 100
81.54 100
79.36 100
79.00 100
90.53 100
79.16 100
64.38 100
97.61 100
61.70 100
73.96 100
59.23 100
7000.63 7100
9064.35 9100
16742.21 16800
16232.60 16300
17409.04 17500
19413.57 19500
20883.10 20900
20541.14 20600
21583.99 21600
20155.87 20200
18306.64 18400
19466.51 19500
7904.71 8000
8158.15 8200
8884.21 8900
1815.52 1900
2346.54 2400
4451.63 4500
16128.04 16200
18176.05 18200
20150.29 20200
19752.84 19800
20366.87 20400
21002.22 21100
19881.38 19900
21805.16 21900
20843.48 20900
15054.32 15100
207.55 300
216.13 300
216.70 300
186.79 200
161.90 200
171.28 200
234.10 300
191.82 200
245.44 300
237.03 300
248.64 300
213.19 300
249.94 300
207.01 300
207.66 300
249.87 300
198.88 200
216.35 300
191.67 200
181.66 200
184.29 200
164.85 200
202.86 300
214.55 300
256.69 300
18944.71 19000
21604.98 21700
21598.31 21600
100.80 200
86.81 100
96.43 100
96.39 100
77.82 100
91.47 100
92.62 100
75.64 100
78.78 100
57.31 100
51.19 100
62.39 100
64.97 100
7976.04 8000
8056.25 8100
8819.56 8900
4149.81 4200
5959.81 6000
6974.28 7000
15851.38 15900
16037.25 16100
20729.82 20800
21271.97 21300
21100.81 21200
20879.81 20900
21265.90 21300
21102.95 21200
17985.04 18000
19606.01 19700
21625.83 21700
21431.33 21500
21127.04 21200
19345.53 19400
11232.07 11300
213.38 300
207.34 300
230.75 300
227.36 300
203.26 300
168.23 200
202.23 300
201.48 300
212.37 300
240.39 300
219.48 300
255.77 300
177.05 200
220.77 300
227.04 300
184.05 200
219.71 300
224.31 300
159.67 200
218.39 300
222.34 300
200.62 300
184.82 200
245.48 300
212.26 300
216.68 300
237.86 300
217.13 300
240.94 300
14541.91 14600
18952.89 19000
19492.81 19500
19738.21 19800
20156.67 20200
21136.95 21200
21322.40 21400
21656.24 21700
21855.62 21900
21771.44 21800
20702.64 20800
19380.35 19400
249.60 300
223.23 300
213.62 300
236.27 300
258.49 300
286.79 300
236.25 300
219.40 300
212.97 300
219.40 300
188.45 200
214.63 300
212.68 300
248.12 300
261.92 300
243.91 300
218.49 300
191.58 200
237.94 300
270.06 300
194.31 200
188.00 200
235.35 300
285.80 300
251.98 300
216.65 300
8082.66 8100
7723.69 7800
15703.68 15800
21196.07 21200
21501.11 21600
21755.23 21800
21977.73 22000
21293.90 21300
19424.05 19500
21678.03 21700
8946.08 9000
3925.55 4000
16953.99 17000
16915.25 17000
18846.45 18900
19667.28 19700
22636.75 22700
21813.18 21900
20450.46 20500
21232.36 21300
18971.10 19000
8587.37 8600
2745.57 2800
10033.70 10100
18246.24 18300
18236.62 18300
19900.38 20000
20360.79 20400
21385.94 21400
22113.88 22200
22053.44 22100
19447.41 19500
8239.12 8300
8293.42 8300
8810.73 8900
3159.02 3200
5307.20 5400
8277.41 8300
14505.20 14600
17100.30 17200
20541.74 20600
22115.66 22200
20458.93 20500
21847.42 21900
21424.60 21500
21024.28 21100
19006.15 19100
20595.70 20600
19385.21 19400
20764.46 20800
21228.21 21300
20942.54 21000
20256.24 20300
21253.80 21300
23775.01 23800
19718.35 19800
19997.58 20000
16836.38 16900
175.94 200
174.40 200
159.68 200
162.52 200
121.93 200
106.98 200
173.91 200
150.84 200
152.39 200
151.16 200
166.52 200
157.82 200
130.28 200
8138.55 8200
8535.58 8600
9534.62 9600
14422.28 14500
18000.44 18100
21578.63 21600
20331.78 20400
21393.65 21400
21985.25 22000
21550.10 21600
22093.21 22100
22035.00 22100
21232.68 21300
20737.37 20800
18412.12 18500
21969.00 22000
17457.49 17500
18961.15 19000
12320.85 12400
209.80 300
171.26 200
147.45 200
195.78 200
180.18 200
156.14 200
153.96 200
195.93 200
178.35 200
160.81 200
153.96 200
158.60 200
149.46 200
166.18 200
174.75 200
155.01 200
158.16 200
145.73 200
152.46 200
168.29 200
186.13 200
191.81 200
141.15 200
152.83 200
173.96 200
165.77 200
211.41 300
201.16 300
176.78 200
172.78 200
172.83 200
195.65 200
213.58 300
217.93 300
8260.59 8300
6805.52 6900
14921.23 15000
15964.28 16000
19701.60 19800
20304.06 20400
22635.99 22700
20081.73 20100
21005.03 21100
20040.39 20100
21638.93 21700
9913.15 10000
94.37 100
122.75 200
95.58 100
120.64 200
120.25 200
90.42 100
130.63 200
101.50 200
156.55 200
126.55 200
139.05 200
128.36 200
119.51 200
122.77 200
124.70 200
132.22 200
106.48 200
114.91 200
111.29 200
125.13 200
113.86 200
122.91 200
146.95 200
98.55 100
107.50 200
105.26 200
94.59 100
113.83 200
96.81 100
89.12 100
137.65 200
126.44 200
121.05 200
147.20 200
123.79 200
160.86 200
167.60 200
21429.23 21500
19440.07 19500
21617.71 21700
20176.62 20200
20370.95 20400
20655.95 20700
18806.02 18900
21127.84 21200
8551.78 8600
2218.84 2300
15446.69 15500
15857.37 15900
19283.48 19300
19499.09 19500
19930.87 20000
19365.80 19400
21113.01 21200
22269.14 22300
20728.24 20800
20015.68 20100
20220.42 20300
21219.21 21300
140.48 200
95.50 100
103.29 200
103.90 200
82.53 100
80.87 100
82.89 100
71.88 100
72.27 100
72.21 100
63.02 100
84.23 100
94.90 100
73.15 100
103.23 200
78.82 100
76.14 100
68.42 100
80.10 100
107.97 200
100.19 200
73.99 100
65.75 100
66.15 100
106.38 200
67.70 100
81.47 100
88.64 100
82.73 100
71.77 100
74.11 100
102.06 200
78.49 100
67.76 100
84.35 100
81.80 100
66.93 100
82.36 100
104.39 200
48.26 100
59.46 100
69.06 100
71.74 100
93.95 100
113.53 200
51.87 100
80.92 100
77.29 100
62.72 100
70.13 100
70.23 100
74.67 100
81.43 100
69.84 100
73.42 100
100.66 200
53.46 100
67.12 100
103.15 200
89.70 100
8451.85 8500
7919.34 8000
16286.42 16300
20183.59 20200
21469.66 21500
20845.53 20900
20017.92 20100
19515.14 19600
19542.16 19600
12364.66 12400
21363.30 21400
20672.25 20700
21144.72 21200
20807.49 20900
21253.29 21300
21735.12 21800
19896.57 19900
200.83 300
207.92 300
189.05 200
195.72 200
189.89 200
199.42 200
191.51 200
207.03 300
191.31 200
230.98 300
235.28 300
473.16 500
124.86 200
79.31 100
87.25 100
87.80 100
110.49 200
101.96 200
92.43 100
87.13 100
85.66 100
89.94 100
106.11 200
73.94 100
101.61 200
91.38 100
97.07 100
108.18 200
103.84 200
119.43 200
114.07 200
105.70 200
100.75 200
91.64 100
97.21 100
85.68 100
88.10 100
105.91 200
95.36 100
114.75 200
100.61 200
81.31 100
103.95 200
108.51 200
103.51 200
98.43 100
86.84 100
111.71 200
82.46 100
106.64 200
85.22 100
90.21 100
98.65 100
79.74 100
92.44 100
95.47 100
105.52 200
102.32 200
9038.67 9100
5288.17 5300
10940.52 11000
14011.30 14100
14324.00 14400
15061.65 15100
21304.26 21400
20397.50 20400
21305.78 21400
20389.55 20400
20595.25 20600
21638.86 21700
20873.84 20900
19535.69 19600
18954.06 19000
21072.30 21100
8230.58 8300
6309.79 6400
12387.01 12400
12875.04 12900
19816.48 19900
19624.06 19700
21281.16 21300
21877.25 21900
20187.35 20200
21837.94 21900
20473.49 20500
21479.45 21500
20951.43 21000
20090.78 20100
19740.38 19800
123.11 200
133.85 200
127.95 200
136.06 200
157.93 200
103.82 200
114.76 200
100.84 200
150.77 200
133.94 200
102.87 200
112.00 200
171.79 200
131.83 200
123.74 200
122.70 200
104.55 200
159.42 200
169.13 200
145.24 200
131.78 200
128.82 200
72.26 100
84.06 100
85.15 100
104.67 200
60.55 100
90.99 100
65.57 100
60.83 100
73.14 100
96.22 100
84.91 100
94.44 100
93.59 100
45.53 100
105.56 200
89.29 100
86.02 100
89.09 100
72.36 100
69.54 100
49.34 100
77.05 100
76.70 100
67.31 100
105.03 200
93.32 100
79.45 100
67.51 100
71.86 100
76.25 100
71.95 100
66.48 100
53.84 100
81.54 100
77.52 100
55.64 100
99.88 100
116.65 200
80.38 100
97.91 100
82.47 100
68.82 100
91.67 100
89.13 100
83.16 100
85.42 100
72.49 100
72.47 100
54.19 100
84.34 100
96.04 100
89.80 100
91.59 100
96.98 100
65.49 100
111.88 200
106.03 200
84.48 100
82.21 100
75.13 100
72.94 100
85.98 100
80.09 100
95.32 100
92.38 100
82.54 100
89.10 100
92.12 100
103.04 200
80.98 100
98.61 100
78.38 100
70.83 100
97.09 100
68.35 100
103.79 200
65.19 100
58.19 100
109.90 200
75.62 100
81.43 100
79.36 100
71.19 100
78.39 100
72.61 100
68.15 100
80.42 100
85.28 100
86.69 100
72.32 100
104.64 200
67.32 100
73.37 100
68.90 100
91.21 100
89.74 100
68.11 100
112.98 200
61.56 100
83.33 100
103.36 200
86.18 100
72.36 100
48.20 100
86.27 100
64.04 100
61.56 100
93.46 100
74.14 100
74.11 100
94.82 100
69.10 100
79.67 100
96.41 100
70.54 100
80.87 100
85.55 100
84.59 100
74.76 100
75.15 100
80.50 100
87.32 100
85.58 100
90.37 100
86.26 100
86.05 100
72.74 100
67.08 100
78.75 100
57.10 100
70.58 100
169.51 200
7982.50 8000
8511.15 8600
4776.96 4800
9531.26 9600
16551.09 16600
19876.00 19900
20852.16 20900
20131.03 20200
22031.15 22100
21483.33 21500
18455.29 18500
20630.21 20700
177.95 200
158.38 200
178.51 200
177.39 200
173.07 200
208.42 300
191.24 200
232.05 300
13144.30 13200
18428.29 18500
20213.20 20300
20591.68 20600
21223.39 21300
22549.54 22600
21351.34 21400
20666.96 20700
20130.47 20200
19294.73 19300
21223.77 21300
12362.78 12400
179.86 200
172.85 200
177.48 200
173.23 200
169.39 200
160.60 200
195.80 200
171.36 200
179.28 200
164.89 200
190.88 200
182.43 200
174.68 200
167.19 200
171.85 200
183.34 200
193.08 200
191.43 200
185.68 200
195.81 200
152.23 200
203.74 300
192.92 200
191.36 200
185.72 200
8910.18 9000
8619.85 8700
4731.00 4800
5275.26 5300
10952.21 11000
11917.20 12000
16423.03 16500
22560.49 22600
22268.48 22300
20220.03 20300
19943.86 20000
20203.02 20300
19264.55 19300
20169.35 20200
16305.93 16400
17175.84 17200
17568.99 17600
19984.61 20000
19922.85 20000
20816.65 20900
21424.05 21500
20041.74 20100
20581.04 20600
19233.07 19300
12766.10 12800
21377.87 21400
19070.99 19100
129.20 200
81.57 100
86.92 100
144.30 200
110.85 200
100.18 200
121.47 200
99.44 100
119.63 200
7987.46 8000
8329.33 8400
9491.81 9500
12450.15 12500
19601.18 19700
20463.13 20500
19555.71 19600
21132.57 21200
21360.38 21400
21636.00 21700
20516.95 20600
21317.75 21400
19385.93 19400
19552.57 19600
20184.88 20200
17638.42 17700
15184.57 15200
161.15 200
222.04 300
172.60 200
153.21 200
150.38 200
163.45 200
178.29 200
156.05 200
163.87 200
155.11 200
174.24 200
152.05 200
179.38 200
151.96 200
187.70 200
167.69 200
180.17 200
156.30 200
173.43 200
171.71 200
164.81 200
174.29 200
159.09 200
169.30 200
186.89 200
183.08 200
179.20 200
186.56 200
184.73 200
160.28 200
187.37 200
189.26 200
154.16 200
101.91 200
43.16 100
63.45 100
73.57 100
64.43 100
76.95 100
65.96 100
88.74 100
54.86 100
64.01 100
85.27 100
76.86 100
86.66 100
80.54 100
78.11 100
59.12 100
71.21 100
52.56 100
86.89 100
68.51 100
51.04 100
69.10 100
54.44 100
63.78 100
82.60 100
96.55 100
73.32 100
67.45 100
62.58 100
55.10 100
49.30 100
51.87 100
57.26 100
69.67 100
69.24 100
74.55 100
65.44 100
55.28 100
63.04 100
74.78 100
70.33 100
60.48 100
59.23 100
76.10 100
72.48 100
81.41 100
54.65 100
77.01 100
52.02 100
57.67 100
86.96 100
61.12 100
65.39 100
53.27 100
89.18 100
55.87 100
55.86 100
47.04 100
54.57 100
70.96 100
83.31 100
66.03 100
72.00 100
76.78 100
59.47 100
70.50 100
67.02 100
8052.26 8100
7444.29 7500
20197.10 20200
19463.27 19500
20046.87 20100
20363.34 20400
19127.32 19200
19480.91 19500
20904.15 21000
20290.31 20300
19089.85 19100
8538.21 8600
3588.38 3600
19207.29 19300
19691.61 19700
21686.08 21700
20939.68 21000
21639.29 21700
23070.51 23100
22409.88 22500
21392.40 21400
21568.71 21600
20283.67 20300
639.99 700
238.48 300
66.85 100
82.15 100
107.68 200
113.21 200
105.00 200
106.51 200
93.61 100
86.59 100
109.14 200
116.23 200
115.03 200
120.53 200
100.15 200
62.42 100
112.27 200
90.92 100
115.95 200
84.41 100
105.85 200
102.20 200
104.12 200
120.34 200
91.41 100
108.02 200
78.43 100
109.43 200
90.22 100
100.46 200
126.24 200
106.05 200
89.27 100
103.06 200
103.41 200
98.17 100
81.97 100
88.09 100
73.72 100
121.07 200
104.85 200
102.86 200
99.17 100
92.70 100
79.19 100
80.33 100
71.55 100
87.13 100
78.58 100
84.22 100
89.64 100
79.20 100
103.56 200
100.47 200
113.37 200
112.81 200
88.89 100
105.99 200
94.50 100
74.47 100
89.61 100
101.07 200
101.79 200
78.74 100
80.98 100
85.16 100
97.38 100
76.51 100
69.89 100
90.80 100
137.81 200
90.76 100
117.97 200
65.54 100
83.75 100
95.38 100
75.71 100
97.89 100
85.30 100
86.13 100
128.50 200
105.55 200
90.82 100
75.20 100
79.47 100
81.12 100
83.14 100
90.06 100
95.95 100
118.53 200
84.77 100
118.04 200
96.05 100
92.38 100
89.37 100
91.81 100
90.16 100
8597.43 8600
8641.03 8700
6566.60 6600
6887.62 6900
13644.59 13700
19432.00 19500
20313.28 20400
21454.21 21500
21341.18 21400
18690.84 18700
21018.11 21100
20832.36 20900
20305.73 20400
20815.02 20900
19798.03 19800
20844.61 20900
20569.41 20600
22195.03 22200
20469.91 20500
19269.32 19300
20143.00 20200
20483.05 20500
20396.19 20400
12434.63 12500
131.93 200
103.65 200
100.13 200
156.04 200
122.16 200
124.95 200
163.56 200
171.64 200
138.42 200
164.41 200
129.84 200
108.98 200
124.91 200
121.75 200
143.39 200
114.13 200
107.60 200
116.81 200
146.12 200
135.51 200
138.10 200
80.67 100
96.59 100
122.62 200
127.62 200
111.76 200
138.54 200
153.12 200
192.00 200
143.41 200
183.81 200
8111.17 8200
8622.82 8700
5786.65 5800
6649.26 6700
8999.94 9000
17513.70 17600
19148.38 19200
21257.81 21300
19104.77 19200
19686.23 19700
20242.39 20300
21774.61 21800
19786.63 19800
18280.10 18300
134.60 200
110.45 200
126.30 200
133.94 200
129.34 200
119.21 200
125.21 200
117.03 200
106.01 200
156.98 200
123.34 200
160.30 200
141.95 200
152.00 200
15515.01 15600
16535.46 16600
17874.12 17900
20683.64 20700
20404.84 20500
21352.06 21400
21569.44 21600
22108.75 22200
21992.01 22000
20499.72 20500
19566.36 19600
21019.00 21100
16013.54 16100
16483.54 16500
20812.34 20900
19673.37 19700
20820.74 20900
22174.59 22200
20648.87 20700
22382.54 22400
20204.38 20300
20411.10 20500
20678.10 20700
19612.53 19700
7822.20 7900
2796.78 2800
11937.12 12000
11829.41 11900
20839.37 20900
22055.47 22100
19894.93 19900
21104.56 21200
18681.89 18700
15829.01 15900
153.61 200
198.16 200
190.89 200
201.46 300
204.88 300
174.99 200
135.21 200
162.09 200
210.28 300
202.88 300
178.68 200
172.65 200
156.92 200
140.11 200
179.65 200
167.67 200
179.67 200
150.62 200
168.70 200
166.19 200
145.87 200
161.27 200
184.57 200
177.18 200
211.79 300
167.13 200
164.40 200
407.60 500
93.35 100
108.38 200
59.31 100
106.50 200
71.70 100
82.75 100
104.51 200
94.53 100
98.89 100
91.11 100
88.98 100
111.72 200
137.51 200
113.42 200
87.34 100
116.47 200
100.35 200
92.42 100
71.85 100
107.42 200
147.38 200
82.97 100
101.01 200
93.64 100
105.57 200
81.55 100
126.71 200
75.41 100
88.52 100
97.40 100
96.13 100
130.37 200
119.94 200
114.95 200
112.10 200
78.04 100
87.34 100
110.98 200
96.52 100
80.75 100
105.40 200
126.31 200
98.77 100
92.80 100
93.52 100
101.59 200
101.94 200
95.03 100
105.66 200
101.10 200
96.81 100
99.77 100
79.24 100
104.32 200
76.05 100
80.39 100
94.44 100
94.50 100
99.53 100
108.79 200
104.52 200
90.49 100
106.17 200
8065.05 8100
8262.16 8300
7775.92 7800
9853.12 9900
18983.98 19000
18378.78 18400
19209.70 19300
19094.61 19100
20414.28 20500
19789.27 19800
20179.63 20200
20101.93 20200
20127.50 20200
19005.23 19100
20459.65 20500
20050.98 20100
18107.65 18200
208.51 300
212.02 300
200.25 300
173.80 200
192.04 200
231.59 300
201.13 300
166.37 200
178.13 200
202.90 300
183.30 200
169.64 200
170.45 200
162.00 200
208.92 300
221.36 300
185.28 200
182.60 200
185.35 200
200.39 300
195.62 200
198.55 200
182.23 200
204.11 300
162.08 200
175.96 200
222.10 300
190.43 200
155.53 200
170.04 200
174.45 200
157.38 200
152.76 200
202.95 300
164.48 200
196.17 200
248.77 300
190.40 200
191.11 200
198.10 200
216.22 300
180.42 200
182.20 200
178.13 200
139.10 200
142.44 200
150.79 200
163.76 200
178.51 200
187.96 200
204.66 300
247.11 300
234.29 300
226.22 300
266.85 300
301.93 400
13160.80 13200
18074.94 18100
19304.01 19400
20099.64 20100
21335.19 21400
13954.76 14000
203.99 300
233.17 300
215.17 300
190.86 200
210.40 300
209.95 300
220.02 300
235.04 300
207.99 300
208.06 300
217.20 300
199.34 200
203.18 300
215.71 300
204.30 300
203.45 300
182.24 200
179.13 200
235.41 300
194.32 200
184.37 200
199.47 200
218.35 300
222.40 300
9254.90 9300
2461.11 2500
16877.08 16900
17061.40 17100
20918.67 21000
19469.64 19500
20860.25 20900
18676.17 18700
17654.68 17700
19626.86 19700
8285.18 8300
12738.45 12800
15507.21 15600
16549.08 16600
16774.49 16800
19613.32 19700
19038.13 19100
19326.27 19400
21699.48 21700
21042.19 21100
20847.40 20900
19090.94 19100
20834.56 20900
19329.68 19400
11850.73 11900
139.27 200
112.51 200
118.78 200
120.29 200
150.61 200
128.41 200
128.26 200
93.01 100
122.08 200
170.85 200
123.66 200
121.23 200
114.92 200
116.03 200
108.48 200
137.62 200
128.85 200
119.94 200
135.15 200
161.49 200
182.06 200
159.85 200
168.40 200
129.71 200
90.86 100
91.60 100
95.07 100
79.24 100
82.49 100
77.37 100
83.70 100
83.30 100
90.64 100
78.13 100
74.97 100
84.27 100
87.79 100
103.38 200
81.57 100
72.26 100
86.31 100
68.87 100
77.19 100
74.87 100
73.61 100
57.27 100
111.78 200
98.71 100
83.64 100
85.06 100
79.08 100
101.09 200
8439.01 8500
8582.77 8600
1087.45 1100
7865.97 7900
10273.96 10300
15101.57 15200
16734.42 16800
19784.40 19800
19623.18 19700
20332.76 20400
20040.08 20100
21573.86 21600
20613.76 20700
20279.59 20300
19842.50 19900
18788.51 18800
20226.46 20300
255.93 300
193.90 200
225.53 300
187.16 200
184.17 200
224.21 300
226.84 300
235.74 300
200.12 300
208.23 300
187.71 200
149.58 200
187.42 200
8304.86 8400
10579.15 10600
13033.97 13100
14431.56 14500
16944.65 17000
17165.23 17200
20317.89 20400
20402.26 20500
21255.63 21300
20212.62 20300
21027.41 21100
21252.35 21300
20161.40 20200
22270.66 22300
14096.68 14100
11066.30 11100
12178.27 12200
18678.35 18700
21282.87 21300
21222.85 21300
21298.44 21300
21249.05 21300
22270.34 22300
22349.48 22400
19974.89 20000
14082.33 14100
19082.78 19100
142.14 200
99.65 100
116.76 200
84.37 100
112.06 200
104.92 200
120.49 200
165.69 200
110.27 200
111.16 200
133.70 200
93.70 100
105.68 200
101.48 200
113.91 200
150.39 200
135.69 200
114.47 200
108.70 200
116.46 200
124.14 200
93.09 100
179.69 200
146.07 200
129.94 200
128.27 200
101.69 200
135.22 200
167.02 200
15999.22 16000
21215.75 21300
20788.81 20800
20831.27 20900
22217.81 22300
21719.30 21800
22109.80 22200
19236.51 19300
20038.41 20100
8731.71 8800
6279.70 6300
12365.28 12400
15212.41 15300
17995.44 18000
19427.35 19500
20748.27 20800
22572.57 22600
21353.72 21400
19668.07 19700
20217.85 20300
21708.50 21800
22129.02 22200
20874.17 20900
19994.91 20000
15299.75 15300
12053.83 12100
2195.90 2200
184.69 200
205.23 300
161.36 200
191.46 200
165.14 200
169.54 200
183.07 200
156.24 200
157.71 200
166.73 200
193.22 200
145.47 200
156.68 200
149.64 200
164.50 200
158.90 200
168.80 200
143.34 200
156.02 200
166.25 200
135.25 200
182.99 200
142.40 200
193.44 200
152.51 200
210.28 300
170.87 200
165.31 200
161.24 200
162.04 200
242.08 300
176.88 200
193.27 200
124.91 200
157.19 200
182.72 200
159.41 200
168.30 200
147.95 200
136.25 200
177.84 200
159.86 200
162.55 200
140.47 200
175.80 200
152.90 200
150.14 200
137.35 200
141.16 200
146.74 200
161.02 200
154.44 200
140.81 200
128.80 200
164.15 200
144.98 200
104.70 200
191.76 200
132.74 200
94.05 100
169.78 200
138.27 200
118.09 200
208.49 300
148.40 200
177.12 200
115.32 200
8810.34 8900
8783.54 8800
3338.21 3400
4543.19 4600
12573.54 12600
17665.27 17700
19102.78 19200
19664.62 19700
20286.10 20300
19971.34 20000
21641.37 21700
21961.63 22000
21502.78 21600
20656.28 20700
19295.31 19300
21871.80 21900
19591.18 19600
20619.91 20700
22378.73 22400
21914.69 22000
20281.04 20300
17932.87 18000
17954.29 18000
18867.41 18900
19700.64 19800
21025.32 21100
19832.05 19900
20256.98 20300
22030.24 22100
20521.95 20600
19691.16 19700
20541.58 20600
20821.85 20900
138.58 200
102.13 200
104.17 200
118.87 200
88.07 100
119.44 200
85.21 100
79.40 100
81.42 100
92.34 100
108.58 200
92.57 100
92.85 100
76.17 100
7591.29 7600
8653.43 8700
8689.42 8700
8735.28 8800
3350.97 3400
5543.10 5600
5707.77 5800
10655.33 10700
17016.18 17100
19391.10 19400
19883.39 19900
21663.57 21700
21122.10 21200
21362.43 21400
20970.56 21000
19598.56 19600
22229.55 22300
21226.25 21300
20048.70 20100
16017.65 16100
8526.42 8600
2495.11 2500
17719.36 17800
21266.25 21300
21246.88 21300
20517.27 20600
21645.12 21700
20448.47 20500
19062.08 19100
19126.86 19200
22434.97 22500
8902.96 9000
3502.34 3600
15985.79 16000
15789.15 15800
18305.86 18400
20550.59 20600
20549.99 20600
19639.90 19700
20246.16 20300
20572.43 20600
105.65 200
71.50 100
79.13 100
78.98 100
89.73 100
59.89 100
52.18 100
75.31 100
44.47 100
60.05 100
72.90 100
89.31 100
75.90 100
66.71 100
87.60 100
52.73 100
65.73 100
54.49 100
60.86 100
72.69 100
86.32 100
73.02 100
61.24 100
81.67 100
70.19 100
75.84 100
65.86 100
57.74 100
89.42 100
68.50 100
89.47 100
54.82 100
64.74 100
63.13 100
62.91 100
61.50 100
64.50 100
57.13 100
69.91 100
69.07 100
71.13 100
81.78 100
60.41 100
68.10 100
64.68 100
53.70 100
76.42 100
56.78 100
73.05 100
72.13 100
52.68 100
59.88 100
71.38 100
63.81 100
58.48 100
79.23 100
3097.21 3100
6607.28 6700
7270.03 7300
8420.45 8500
14507.42 14600
15195.22 15200
16392.35 16400
20122.72 20200
20062.19 20100
20472.43 20500
19674.06 19700
21794.13 21800
21542.95 21600
21979.49 22000
22276.05 22300
20845.47 20900
20367.41 20400
21249.22 21300
20154.99 20200
19173.38 19200
158.97 200
100.90 200
99.91 100
108.70 200
130.58 200
127.86 200
156.09 200
132.52 200
125.32 200
123.65 200
142.28 200
141.51 200
121.77 200
166.98 200
8558.56 8600
8394.31 8400
1004.61 1100
4956.14 5000
11482.12 11500
14907.79 15000
19155.17 19200
21027.78 21100
20784.30 20800
20976.65 21000
21115.05 21200
18670.01 18700
7807.44 7900
9200.35 9300
14864.22 14900
17427.69 17500
16741.68 16800
17041.15 17100
21679.49 21700
19063.63 19100
20455.18 20500
19568.41 19600
19051.54 19100
20919.98 21000
12158.48 12200
120.08 200
110.22 200
101.89 200
148.10 200
130.20 200
102.31 200
142.78 200
117.08 200
116.86 200
116.66 200
119.05 200
134.23 200
122.53 200
172.94 200
113.54 200
103.76 200
99.99 100
106.93 200
141.66 200
116.07 200
153.11 200
100.90 200
111.43 200
113.22 200
150.59 200
108.53 200
136.55 200
122.97 200
113.91 200
124.72 200
110.83 200
104.71 200
108.64 200
149.58 200
132.32 200
102.20 200
109.80 200
107.58 200
162.85 200
75.02 100
113.24 200
155.93 200
125.83 200
121.34 200
126.97 200
107.17 200
115.49 200
113.12 200
117.19 200
114.63 200
130.05 200
130.42 200
100.22 200
126.35 200
113.03 200
115.37 200
125.65 200
93.51 100
158.30 200
155.32 200
177.11 200
138.29 200
131.87 200
97.92 100
94.60 100
71.85 100
72.43 100
87.91 100
77.82 100
85.24 100
84.79 100
83.76 100
94.14 100
82.21 100
141.59 200
104.09 200
52.03 100
71.94 100
84.13 100
95.55 100
86.35 100
92.74 100
89.53 100
75.90 100
108.61 200
63.28 100
78.17 100
72.07 100
75.27 100
116.88 200
123.19 200
8368.39 8400
8614.60 8700
8900.41 9000
2295.10 2300
4529.49 4600
10397.18 10400
13735.14 13800
17370.78 17400
17291.57 17300
20754.15 20800
21884.94 21900
22002.28 22100
22822.21 22900
21581.27 21600
19917.44 20000
22028.83 22100
20894.31 20900
20428.77 20500
19459.61 19500
16938.15 17000
13550.60 13600
191.22 200
184.17 200
220.84 300
209.21 300
201.27 300
189.75 200
146.90 200
197.02 200
200.10 300
212.03 300
185.56 200
204.79 300
181.48 200
194.74 200
144.26 200
201.88 300
223.74 300
161.03 200
166.23 200
215.62 300
190.32 200
174.11 200
207.43 300
179.85 200
197.27 200
181.16 200
180.00 200
199.08 200
191.90 200
191.40 200
220.86 300
203.84 300
219.79 300
185.35 200
223.78 300
234.82 300
9017.23 9100
8715.74 8800
2490.05 2500
2888.12 2900
13335.09 13400
13658.00 13700
19249.81 19300
20616.98 20700
21286.80 21300
22014.17 22100
22408.26 22500
20411.40 20500
20045.89 20100
21108.72 21200
12725.46 12800
13726.99 13800
212.34 300
216.02 300
177.06 200
177.63 200
195.98 200
194.42 200
217.64 300
169.77 200
175.60 200
188.71 200
191.18 200
176.40 200
171.55 200
208.46 300
213.13 300
223.44 300
210.37 300
183.61 200
193.36 200
197.37 200
217.31 300
218.56 300
207.12 300
236.17 300
189.34 200
217.18 300
192.53 200
192.86 200
188.79 200
227.17 300
189.67 200
204.54 300
177.21 200
223.29 300
193.15 200
198.20 200
226.22 300
205.44 300
229.75 300
220.01 300
177.93 200
191.57 200
215.82 300
216.31 300
254.46 300
218.94 300
194.03 200
211.01 300
167.48 200
164.10 200
241.88 300
197.79 200
178.05 200
154.56 200
269.72 300
15109.45 15200
16349.72 16400
18230.27 18300
20432.65 20500
21260.56 21300
22100.86 22200
21130.74 21200
20063.79 20100
18854.99 18900
18846.41 18900
21253.33 21300
21230.46 21300
21016.52 21100
20543.00 20600
21422.27 21500
20865.83 20900
19835.82 19900
19116.39 19200
18161.64 18200
8024.03 8100
8300.03 8400
8655.21 8700
8321.72 8400
8499.00 8500
921.10 1000
2008.68 2100
2481.60 2500
4630.93 4700
4592.17 4600
8727.00 8800
20018.47 20100
19964.43 20000
20181.59 20200
20678.99 20700
20657.80 20700
20703.79 20800
20636.27 20700
20793.74 20800
22169.94 22200
22584.81 22600
19876.01 19900
19570.96 19600
22214.45 22300
11555.31 11600
11852.17 11900
15172.17 15200
19703.22 19800
19721.14 19800
20134.87 20200
20715.25 20800
20647.71 20700
18986.65 19000
23021.35 23100
20515.47 20600
20178.97 20200
15253.42 15300
138.79 200
149.86 200
119.71 200
109.27 200
94.11 100
116.61 200
149.60 200
141.12 200
121.22 200
122.56 200
128.94 200
131.60 200
129.66 200
136.98 200
123.06 200
94.41 100
128.73 200
109.41 200
124.09 200
120.92 200
112.54 200
129.56 200
157.04 200
160.87 200
8816.73 8900
901.18 1000
8732.05 8800
16647.94 16700
21395.49 21400
21553.51 21600
22433.69 22500
22541.01 22600
21944.45 22000
20352.89 20400
20377.56 20400
21309.93 21400
20372.82 20400
22287.78 22300
18799.88 18800
10168.14 10200
143.73 200
103.73 200
119.07 200
112.79 200
115.51 200
115.82 200
114.12 200
126.99 200
128.20 200
105.82 200
127.30 200
121.61 200
101.45 200
117.50 200
138.72 200
130.74 200
134.48 200
179.94 200
125.65 200
142.99 200
108.90 200
117.32 200
95.32 100
122.31 200
152.94 200
102.66 200
107.16 200
117.67 200
134.62 200
138.95 200
169.56 200
138.13 200
106.03 200
85.60 100
88.62 100
160.91 200
111.71 200
108.37 200
122.63 200
186.32 200
8691.15 8700
5275.00 5300
11916.74 12000
17513.25 17600
19482.76 19500
19433.27 19500
20857.49 20900
21170.16 21200
22311.50 22400
21389.34 21400
19747.38 19800
21599.15 21600
20138.25 20200
21315.53 21400
20476.06 20500
15498.52 15500
217.75 300
207.91 300
231.01 300
251.74 300
193.77 200
194.85 200
209.05 300
170.08 200
222.09 300
191.70 200
203.99 300
236.93 300
201.30 300
214.91 300
204.09 300
188.02 200
226.35 300
224.94 300
8593.82 8600
8515.24 8600
1021.53 1100
4781.03 4800
11218.39 11300
13680.38 13700
18937.46 19000
20370.54 20400
21221.28 21300
20900.41 21000
20993.70 21000
21255.66 21300
21302.58 21400
21864.33 21900
21673.96 21700
21360.69 21400
18713.04 18800
20411.00 20500
21088.59 21100
20573.91 20600
15944.48 16000
8871.64 8900
6129.75 6200
10569.59 10600
17095.65 17100
18436.96 18500
21539.07 21600
20619.04 20700
24047.21 24100
22243.55 22300
20755.96 20800
21874.62 21900
20468.18 20500
21153.68 21200
19739.81 19800
20983.78 21000
118.27 200
62.76 100
71.08 100
83.59 100
74.05 100
56.55 100
82.92 100
86.53 100
89.56 100
71.07 100
115.78 200
77.28 100
85.16 100
93.60 100
86.59 100
71.98 100
59.63 100
73.17 100
66.05 100
59.45 100
87.65 100
101.20 200
91.64 100
66.79 100
96.24 100
89.57 100
50.87 100
61.03 100
77.06 100
66.43 100
84.30 100
82.13 100
57.25 100
66.97 100
73.70 100
69.17 100
67.89 100
58.91 100
94.72 100
67.40 100
75.82 100
67.17 100
73.23 100
80.71 100
71.16 100
69.31 100
62.33 100
87.94 100
76.77 100
74.91 100
43.68 100
70.48 100
78.61 100
87.72 100
82.31 100
72.22 100
77.95 100
71.05 100
72.03 100
66.55 100
101.60 200
73.68 100
125.38 200
70.02 100
80.02 100
80.77 100
89.66 100
103.23 200
78.59 100
70.70 100
87.63 100
60.11 100
70.35 100
61.11 100
61.11 100
76.67 100
68.71 100
75.65 100
73.02 100
88.58 100
52.48 100
80.34 100
7011.80 7100
4810.81 4900
12302.73 12400
17158.52 17200
17898.37 17900
18466.96 18500
19783.03 19800
20617.04 20700
21582.43 21600
18782.29 18800
20097.02 20100
20365.03 20400
20068.01 20100
18814.63 18900
19389.91 19400
187.24 200
222.15 300
200.33 300
216.52 300
233.68 300
196.47 200
245.65 300
242.24 300
179.25 200
215.42 300
218.95 300
241.28 300
226.17 300
216.42 300
238.53 300
201.48 300
219.65 300
250.85 300
251.05 300
217.19 300
189.83 200
206.60 300
182.97 200
260.55 300
188.20 200
234.49 300
199.61 200
203.67 300
267.04 300
237.51 300
189.20 200
223.08 300
183.88 200
237.65 300
272.73 300
314.94 400
8608.93 8700
1773.80 1800
11314.02 11400
12456.95 12500
16627.13 16700
17677.97 17700
16737.49 16800
17951.29 18000
20580.01 20600
19425.20 19500
21971.33 22000
21673.68 21700
21846.11 21900
21352.83 21400
21082.27 21100
19772.88 19800
20587.87 20600
20581.83 20600
16122.95 16200
167.16 200
207.73 300
219.13 300
179.56 200
180.16 200
151.90 200
178.59 200
200.06 300
235.86 300
153.98 200
151.79 200
189.71 200
183.64 200
146.58 200
172.94 200
165.89 200
165.14 200
199.85 200
169.37 200
169.45 200
187.10 200
189.65 200
161.09 200
137.58 200
153.21 200
156.89 200
186.82 200
172.91 200
139.53 200
157.65 200
156.41 200
178.30 200
170.07 200
225.10 300
188.79 200
202.80 300
188.73 200
15886.06 15900
16264.86 16300
20858.69 20900
20876.11 20900
20578.25 20600
21580.16 21600
21215.03 21300
22133.09 22200
21793.15 21800
19321.72 19400
21791.69 21800
19368.63 19400
13939.46 14000
20014.28 20100
20847.86 20900
21433.22 21500
22451.18 22500
20473.42 20500
18660.57 18700
8495.85 8500
10105.42 10200
14573.81 14600
18147.96 18200
18029.20 18100
20892.82 20900
18702.81 18800
21179.46 21200
22411.41 22500
19662.10 19700
21688.42 21700
22014.58 22100
20881.58 20900
21767.29 21800
19060.05 19100
19605.36 19700
19270.72 19300
20917.03 21000
105.73 200
76.60 100
67.13 100
74.46 100
71.50 100
74.31 100
72.93 100
74.23 100
92.63 100
135.87 200
84.74 100
81.34 100
106.43 200
86.58 100
74.96 100
67.62 100
63.75 100
86.86 100
77.89 100
93.57 100
70.02 100
69.33 100
75.25 100
56.64 100
86.97 100
71.15 100
71.84 100
97.00 100
122.07 200
63.51 100
70.11 100
87.08 100
95.28 100
85.95 100
59.94 100
59.87 100
57.74 100
79.86 100
59.28 100
84.21 100
95.64 100
90.26 100
78.03 100
79.27 100
89.19 100
59.91 100
80.58 100
80.96 100
91.63 100
80.18 100
88.51 100
88.92 100
60.70 100
74.43 100
6812.96 6900
8311.42 8400
4631.30 4700
13397.77 13400
16507.97 16600
18243.47 18300
19289.97 19300
20272.26 20300
20317.20 20400
21858.86 21900
20811.71 20900
20674.94 20700
20754.66 20800
19020.41 19100
21669.06 21700
19926.85 20000
19747.06 19800
18709.34 18800
14036.22 14100
137.39 200
97.37 100
99.95 100
123.76 200
127.48 200
118.61 200
116.52 200
105.70 200
148.06 200
120.53 200
128.35 200
108.05 200
104.25 200
149.81 200
101.83 200
113.14 200
142.19 200
126.57 200
127.36 200
5.36 100
171.96 200
196.55 200
135.36 200
38.99 100
71.24 100
73.86 100
77.56 100
79.31 100
69.38 100
95.43 100
58.91 100
57.32 100
88.12 100
71.17 100
79.25 100
75.99 100
92.53 100
58.39 100
82.97 100
87.69 100
62.02 100
89.29 100
85.95 100
87.32 100
78.18 100
80.92 100
84.20 100
46.76 100
96.90 100
86.78 100
73.35 100
62.42 100
92.88 100
93.45 100
116.69 200
83.23 100
73.58 100
64.17 100
66.05 100
57.20 100
65.96 100
79.24 100
85.02 100
89.67 100
67.90 100
73.58 100
90.03 100
68.91 100
78.01 100
77.57 100
89.40 100
82.74 100
69.66 100
79.41 100
74.16 100
101.60 200
54.99 100
85.15 100
109.87 200
71.23 100
67.78 100
62.21 100
62.09 100
73.59 100
84.44 100
62.27 100
86.91 100
62.64 100
86.24 100
75.94 100
50.79 100
93.60 100
78.95 100
82.76 100
74.57 100
101.46 200
75.14 100
96.81 100
63.52 100
101.93 200
84.25 100
103.91 200
70.64 100
94.30 100
54.64 100
91.04 100
90.48 100
4.06 100
8300.46 8400
8516.82 8600
4682.21 4700
5628.37 5700
17229.06 17300
17904.21 18000
19234.79 19300
21461.27 21500
21293.56 21300
21569.99 21600
21120.30 21200
21006.14 21100
19140.44 19200
21143.15 21200
22133.35 22200
20291.26 20300
20664.56 20700
8502.19 8600
8597.78 8600
1191.71 1200
4047.42 4100
12792.75 12800
21649.82 21700
20654.79 20700
18872.56 18900
20164.01 20200
18861.67 18900
19670.70 19700
220.62 300
215.14 300
8732.31 8800
4290.88 4300
11247.95 11300
13670.05 13700
19745.94 19800
19031.42 19100
19870.83 19900
21667.61 21700
21055.40 21100
21409.53 21500
20330.36 20400
21005.63 21100
19971.73 20000
8313.89 8400
8764.06 8800
2852.36 2900
4063.49 4100
20567.42 20600
20779.70 20800
21257.24 21300
21988.25 22000
19028.39 19100
21838.06 21900
21332.38 21400
22010.90 22100
20248.53 20300
20344.93 20400
20063.86 20100
8113.79 8200
8847.01 8900
2777.52 2800
3691.29 3700
20027.35 20100
20732.94 20800
19813.19 19900
21081.03 21100
21386.63 21400
20680.97 20700
20548.52 20600
20569.08 20600
20914.25 21000
22699.40 22700
20744.71 20800
132.44 200
111.56 200
104.98 200
96.65 100
68.83 100
84.51 100
69.25 100
79.83 100
74.72 100
142.95 200
87.36 100
77.72 100
87.61 100
102.06 200
74.81 100
95.89 100
81.88 100
55.38 100
95.46 100
105.53 200
85.79 100
104.59 200
66.40 100
103.88 200
99.14 100
80.72 100
82.82 100
90.07 100
66.08 100
79.49 100
53.61 100
103.97 200
73.39 100
104.41 200
85.77 100
85.99 100
81.71 100
80.50 100
83.72 100
83.34 100
85.97 100
99.02 100
77.22 100
89.33 100
73.61 100
81.02 100
75.46 100
78.55 100
92.81 100
83.19 100
84.94 100
89.09 100
81.93 100
91.87 100
83.18 100
90.43 100
123.62 200
96.77 100
81.83 100
76.03 100
91.04 100
71.45 100
84.54 100
110.87 200
117.91 200
105.22 200
100.35 200
81.34 100
105.85 200
155.91 200
120.14 200
122.36 200
8320.37 8400
8685.88 8700
8374.58 8400
6298.78 6300
7662.75 7700
8973.28 9000
19507.79 19600
20732.24 20800
20769.67 20800
19742.19 19800
21999.39 22000
21025.77 21100
21311.93 21400
19976.03 20000
18665.04 18700
2371.64 2400
126.93 200
120.50 200
139.91 200
133.74 200
135.61 200
133.88 200
135.59 200
121.59 200
112.22 200
122.40 200
144.39 200
117.05 200
171.56 200
113.39 200
112.49 200
142.53 200
144.28 200
98.59 100
125.02 200
122.20 200
134.20 200
103.97 200
101.43 200
113.28 200
99.89 100
124.99 200
128.17 200
97.03 100
185.14 200
101.72 200
226.27 300
132.48 200
117.97 200
124.24 200
121.76 200
125.91 200
111.95 200
135.14 200
137.79 200
119.86 200
155.51 200
103.95 200
146.45 200
121.10 200
96.38 100
121.30 200
95.77 100
153.85 200
107.52 200
133.24 200
145.84 200
117.24 200
119.69 200
170.58 200
177.76 200
177.32 200
144.38 200
14818.21 14900
19644.75 19700
19323.14 19400
20784.30 20800
20912.84 21000
21437.58 21500
20876.02 20900
20111.34 20200
21145.54 21200
21066.96 21100
21216.98 21300
19652.51 19700
21253.10 21300
20025.76 20100
12554.32 12600
198.81 200
190.36 200
207.16 300
166.11 200
201.56 300
156.63 200
195.99 200
221.29 300
205.89 300
220.45 300
197.78 200
183.17 200
190.23 200
201.58 300
176.99 200
233.66 300
185.87 200
166.41 200
244.15 300
249.66 300
198.10 200
154.30 200
250.46 300
214.81 300
180.68 200
195.84 200
227.41 300
184.30 200
197.95 200
215.62 300
205.06 300
215.17 300
187.55 200
237.63 300
186.00 200
180.35 200
200.38 300
179.23 200
199.22 200
204.07 300
190.73 200
189.18 200
167.97 200
190.96 200
275.25 300
234.53 300
234.48 300
221.21 300
242.43 300
213.37 300
276.31 300
219.46 300
19341.60 19400
20902.27 21000
20700.35 20800
22063.46 22100
21805.43 21900
22403.42 22500
21572.81 21600
20283.28 20300
19206.78 19300
20792.17 20800
20499.49 20500
21769.10 21800
22567.64 22600
20165.75 20200
8207.88 8300
7999.82 8000
8683.87 8700
3365.04 3400
5708.13 5800
6750.41 6800
12247.57 12300
20312.57 20400
21726.16 21800
20224.63 20300
20623.70 20700
20515.76 20600
21987.39 22000
22550.87 22600
21591.76 21600
19697.41 19700
22171.88 22200
20362.36 20400
20935.56 21000
22277.15 22300
18958.25 19000
18934.05 19000
20799.65 20800
20125.67 20200
20706.27 20800
15090.80 15100
186.75 200
168.40 200
180.66 200
152.20 200
139.89 200
216.09 300
158.84 200
184.77 200
172.24 200
134.19 200
171.14 200
162.63 200
181.28 200
184.31 200
177.93 200
203.46 300
175.04 200
177.99 200
202.70 300
187.98 200
178.12 200
185.66 200
193.84 200
153.44 200
162.09 200
148.23 200
229.55 300
224.30 300
107.92 200
59.80 100
69.22 100
68.56 100
84.69 100
43.56 100
81.92 100
74.80 100
69.37 100
91.30 100
84.37 100
87.13 100
88.77 100
73.84 100
70.20 100
88.64 100
87.96 100
68.07 100
69.17 100
81.54 100
79.36 100
79.00 100
90.53 100
79.16 100
64.38 100
97.61 100
61.70 100
73.96 100
59.23 100
7000.63 7100
9064.35 9100
16742.21 16800
16232.60 16300
17409.04 17500
19413.57 19500
20883.10 20900
20541.14 20600
21583.99 21600
20155.87 20200
18306.64 18400
19466.51 19500
7904.71 8000
8158.15 8200
8884.21 8900
1815.52 1900
2346.54 2400
4451.63 4500
16128.04 16200
18176.05 18200
20150.29 20200
19752.84 19800
20366.87 20400
21002.22 21100
19881.38 19900
21805.16 21900
20843.48 20900
15054.32 15100
207.55 300
216.13 300
216.70 300
186.79 200
161.90 200
171.28 200
234.10 300
191.82 200
245.44 300
237.03 300
248.64 300
213.19 300
249.94 300
207.01 300
207.66 300
249.87 300
198.88 200
216.35 300
191.67 200
181.66 200
184.29 200
164.85 200
202.86 300
214.55 300
256.69 300
18944.71 19000
21604.98 21700
21598.31 21600
