3778.29 3800
11986.06 12000
20908.16 21000
27525.56 27600
27328.18 27400
26671.12 26700
27511.61 27600
28941.72 29000
28075.78 28100
27604.06 27700
27303.40 27400
32351.02 32400
36629.94 36700
37630.26 37700
38403.82 38500
39770.82 39800
38048.26 38100
38224.52 38300
38571.69 38600
40772.81 40800
38828.88 38900
7581.41 7600
20922.73 21000
27700.33 27800
27909.88 28000
28711.62 28800
28009.44 28100
28201.31 28300
28526.60 28600
27694.58 27700
27176.84 27200
29087.88 29100
15865.90 15900
32498.32 32500
35292.45 35300
39568.98 39600
39453.75 39500
39196.59 39200
39085.20 39100
38519.67 38600
37511.03 37600
38998.08 39000
21629.70 21700
26349.99 26400
29697.49 29700
29471.48 29500
29498.71 29500
28660.32 28700
29822.82 29900
27596.72 27600
27370.05 27400
26634.82 26700
35747.98 35800
36479.58 36500
39480.38 39500
38292.91 38300
39177.07 39200
40958.79 41000
40362.64 40400
39071.26 39100
41211.15 41300
38512.74 38600
19980.56 20000
26701.05 26800
26732.28 26800
28248.25 28300
28400.57 28500
29237.75 29300
30786.51 30800
28771.83 28800
29064.61 29100
31326.24 31400
25380.29 25400
30899.39 30900
39413.34 39500
40582.61 40600
41521.35 41600
41480.79 41500
40398.94 40400
39825.83 39900
39860.15 39900
40605.27 40700
31989.51 32000
35854.33 35900
37742.52 37800
39015.66 39100
39355.07 39400
37684.14 37700
38816.74 38900
37765.27 37800
40273.59 40300
37756.44 37800
18426.63 18500
18523.76 18600
28368.19 28400
30017.38 30100
29724.17 29800
30749.65 30800
28573.75 28600
28229.63 28300
29623.81 29700
29321.87 29400
763.55 800
707.72 800
658.70 700
641.93 700
685.24 700
708.26 800
688.29 700
752.78 800
731.21 800
4628.48 4700
4528.14 4600
6823.67 6900
11189.47 11200
13033.29 13100
26802.46 26900
28034.13 28100
28403.98 28500
28641.68 28700
27668.84 27700
27558.08 27600
27784.79 27800
27302.25 27400
26747.66 26800
21900.09 22000
26327.81 26400
31764.13 31800
35570.64 35600
36818.84 36900
38963.56 39000
40044.46 40100
40940.24 41000
40297.17 40300
38683.37 38700
39120.54 39200
11854.18 11900
19239.89 19300
24608.73 24700
25472.01 25500
28647.52 28700
28317.34 28400
27518.53 27600
28652.83 28700
27419.94 27500
27342.03 27400
20852.30 20900
22958.83 23000
23315.91 23400
29186.06 29200
30791.46 30800
39790.89 39800
37258.53 37300
38129.82 38200
36920.37 37000
37898.74 37900
37526.34 37600
16518.09 16600
24401.09 24500
27479.99 27500
28797.94 28800
29527.86 29600
29102.32 29200
26369.10 26400
26651.91 26700
27099.15 27100
27067.34 27100
8585.83 8600
34130.02 34200
36018.94 36100
38834.33 38900
38858.70 38900
38101.98 38200
38917.10 39000
39017.23 39100
38597.43 38600
37834.54 37900
37641.99 37700
15840.86 15900
25864.08 25900
25595.25 25600
28965.19 29000
29147.72 29200
28652.05 28700
28458.57 28500
29690.44 29700
28081.31 28100
28628.88 28700
41189.21 41200
41304.73 41400
41180.35 41200
40661.18 40700
39469.88 39500
41312.71 41400
41248.37 41300
41085.58 41100
39529.64 39600
40110.23 40200
39619.29 39700
27579.30 27600
31850.17 31900
33524.02 33600
37314.22 37400
36287.53 36300
38050.56 38100
39117.15 39200
39107.05 39200
40105.27 40200
39377.10 39400
40181.61 40200
20473.71 20500
27320.01 27400
29866.89 29900
28063.03 28100
29012.32 29100
30951.75 31000
30006.23 30100
30175.53 30200
28569.48 28600
28189.65 28200
28378.74 28400
772.58 800
691.96 700
788.57 800
823.54 900
11133.06 11200
23190.65 23200
25316.68 25400
25654.81 25700
28575.81 28600
39632.73 39700
38206.31 38300
39502.84 39600
39606.59 39700
38447.49 38500
24821.46 24900
25283.21 25300
27784.72 27800
28765.05 28800
30047.32 30100
38480.36 38500
39110.85 39200
37581.24 37600
38335.09 38400
38437.82 38500
21995.75 22000
25486.12 25500
30534.32 30600
28238.35 28300
28553.24 28600
40485.18 40500
39388.36 39400
38696.61 38700
40864.42 40900
38618.93 38700
19534.85 19600
25353.47 25400
29134.97 29200
29200.78 29300
29464.10 29500
41398.42 41400
39204.25 39300
41734.75 41800
40307.36 40400
41500.16 41600
22974.28 23000
35279.29 35300
38884.43 38900
39848.99 39900
41177.40 41200
28394.47 28400
30436.85 30500
30211.29 30300
28788.53 28800
28852.68 28900
761.70 800
844.50 900
781.91 800
899.73 900
903.14 1000
940.12 1000
784.99 800
797.37 800
957.78 1000
893.06 900
14900.73 15000
17810.87 17900
20676.25 20700
21710.72 21800
27198.65 27200
27722.95 27800
28365.75 28400
28980.34 29000
27406.41 27500
26467.57 26500
27041.33 27100
28501.60 28600
27527.19 27600
27579.62 27600
21690.61 21700
26417.88 26500
30313.01 30400
32013.33 32100
37169.78 37200
37390.12 37400
38397.84 38400
40431.20 40500
38237.47 38300
38748.52 38800
38802.38 38900
40863.18 40900
38600.09 38700
38686.83 38700
12486.89 12500
18623.78 18700
26437.53 26500
26767.18 26800
26586.32 26600
28863.06 28900
28074.08 28100
28067.76 28100
27460.46 27500
26830.61 26900
28513.48 28600
27464.02 27500
27963.70 28000
27448.78 27500
25765.18 25800
27678.82 27700
31548.61 31600
34695.79 34700
35718.89 35800
37217.47 37300
40017.75 40100
37743.68 37800
38901.52 39000
38577.19 38600
37522.77 37600
37363.31 37400
38525.88 38600
39120.98 39200
14962.28 15000
22541.19 22600
24594.78 24600
25259.12 25300
26828.48 26900
28650.75 28700
28540.42 28600
28931.35 29000
27801.00 27900
28055.06 28100
27084.32 27100
26979.23 27000
27579.23 27600
28314.98 28400
15340.96 15400
24073.60 24100
31377.21 31400
34068.84 34100
36493.22 36500
39348.24 39400
39360.99 39400
38807.61 38900
37522.14 37600
38337.50 38400
37591.91 37600
38537.83 38600
39513.83 39600
39292.95 39300
15008.63 15100
18786.16 18800
23113.75 23200
26976.93 27000
29648.22 29700
29932.42 30000
29854.47 29900
29436.51 29500
30271.81 30300
29057.85 29100
28667.00 28700
28000.24 28100
28969.67 29000
28642.87 28700
20800.51 20900
32195.67 32200
34412.06 34500
34855.60 34900
39016.63 39100
40534.32 40600
40879.33 40900
40035.14 40100
41303.65 41400
40799.19 40800
39551.76 39600
39242.64 39300
39704.59 39800
40996.40 41000
26603.78 26700
34916.41 35000
38109.64 38200
39824.70 39900
40440.88 40500
39053.86 39100
38578.96 38600
39213.75 39300
37682.06 37700
37675.99 37700
38313.76 38400
39056.41 39100
38114.57 38200
38013.19 38100
9031.07 9100
25801.13 25900
26470.52 26500
27471.71 27500
28117.61 28200
29060.33 29100
29718.54 29800
30965.98 31000
30332.05 30400
27873.70 27900
29981.08 30000
30608.10 30700
30213.29 30300
28437.45 28500
643.45 700
673.39 700
802.44 900
749.51 800
738.90 800
679.10 700
795.95 800
716.38 800
23163.99 23200
26977.19 27000
26996.02 27000
28859.26 28900
27360.82 27400
27926.92 28000
27073.70 27100
26360.72 26400
28256.61 28300
28218.96 28300
16376.41 16400
33755.78 33800
35215.06 35300
38625.98 38700
40830.99 40900
40552.44 40600
38323.04 38400
39196.80 39200
37577.75 37600
39602.26 39700
38568.36 38600
20094.07 20100
27771.29 27800
29081.96 29100
27863.18 27900
28198.10 28200
26596.27 26600
26580.25 26600
28033.13 28100
27159.20 27200
27179.68 27200
28398.43 28400
19747.63 19800
30019.15 30100
31083.39 31100
33393.86 33400
36531.73 36600
38060.86 38100
38493.70 38500
39954.10 40000
39133.94 39200
37743.69 37800
38735.73 38800
16813.91 16900
22514.47 22600
29342.10 29400
28678.30 28700
28618.69 28700
28062.60 28100
27019.28 27100
27557.05 27600
29489.42 29500
26514.91 26600
26625.77 26700
33449.72 33500
33974.56 34000
35283.92 35300
35057.01 35100
36941.20 37000
39283.09 39300
38524.87 38600
38782.94 38800
40113.61 40200
38521.15 38600
38062.84 38100
13631.58 13700
18508.74 18600
28460.95 28500
29919.97 30000
29440.36 29500
29450.49 29500
28237.87 28300
28456.89 28500
28747.86 28800
29395.10 29400
29253.24 29300
19126.87 19200
32872.33 32900
38075.88 38100
39561.62 39600
40558.81 40600
41193.70 41200
41934.61 42000
42022.88 42100
39616.17 39700
40877.93 40900
39511.23 39600
33680.83 33700
33724.10 33800
38684.33 38700
38359.44 38400
38506.95 38600
39230.82 39300
37946.77 38000
37100.88 37200
37965.06 38000
39706.47 39800
38784.53 38800
20230.98 20300
20956.63 21000
27283.91 27300
29990.10 30000
29152.53 29200
29461.13 29500
29333.69 29400
30578.95 30600
28744.17 28800
29619.23 29700
28349.75 28400
696.74 700
796.91 800
25648.95 25700
27678.43 27700
27119.14 27200
27590.36 27600
39427.93 39500
39727.88 39800
39274.90 39300
40331.04 40400
28900.19 29000
29328.32 29400
28071.96 28100
28532.95 28600
35642.73 35700
40159.91 40200
39354.77 39400
39515.43 39600
23010.12 23100
25394.88 25400
26407.97 26500
28320.49 28400
30373.42 30400
36936.67 37000
38855.06 38900
38595.53 38600
25333.54 25400
27386.18 27400
29668.51 29700
28633.26 28700
31179.56 31200
41300.13 41400
39941.29 40000
41020.29 41100
33879.08 33900
38858.43 38900
39535.40 39600
38004.82 38100
28227.56 28300
29986.09 30000
29396.63 29400
29124.83 29200
926.51 1000
773.54 800
850.44 900
816.72 900
903.06 1000
929.08 1000
819.79 900
4187.92 4200
26772.67 26800
26961.63 27000
27366.50 27400
28011.85 28100
26914.94 27000
27046.54 27100
26790.59 26800
26469.84 26500
37112.61 37200
37313.58 37400
38655.45 38700
38561.41 38600
40369.62 40400
40443.84 40500
19882.09 19900
24902.08 25000
28330.98 28400
28201.84 28300
27087.25 27100
28402.23 28500
27401.01 27500
35089.07 35100
35229.51 35300
38091.79 38100
39244.66 39300
36938.46 37000
39380.13 39400
37893.18 37900
26310.00 26400
27500.52 27600
27052.50 27100
29661.54 29700
28333.97 28400
27683.03 27700
27886.72 27900
31457.63 31500
36318.44 36400
36688.37 36700
38343.94 38400
39350.58 39400
38289.03 38300
39620.49 39700
8435.92 8500
27919.84 28000
30282.26 30300
31155.05 31200
29219.49 29300
28420.66 28500
29280.21 29300
27523.51 27600
38107.79 38200
39177.41 39200
40750.38 40800
40776.34 40800
41164.54 41200
39796.69 39800
24044.55 24100
34759.78 34800
38842.76 38900
39239.34 39300
38955.69 39000
38656.18 38700
37953.59 38000
23430.14 23500
24357.66 24400
26229.27 26300
26756.83 26800
29628.35 29700
29310.50 29400
28507.61 28600
731.05 800
774.56 800
879.21 900
808.55 900
16685.04 16700
21549.66 21600
25189.74 25200
26933.42 27000
26717.43 26800
27204.52 27300
27294.41 27300
26798.32 26800
15306.48 15400
38141.19 38200
38536.69 38600
38473.03 38500
41028.52 41100
40092.42 40100
39393.16 39400
39077.93 39100
12968.96 13000
17577.08 17600
23368.36 23400
28734.15 28800
29642.52 29700
29378.47 29400
28559.46 28600
26714.19 26800
33110.04 33200
37245.34 37300
38912.59 39000
39312.36 39400
36954.11 37000
39571.54 39600
37592.85 37600
37865.28 37900
12275.46 12300
16355.37 16400
25424.52 25500
27241.95 27300
28017.28 28100
27840.93 27900
27367.29 27400
26877.49 26900
37125.82 37200
38192.38 38200
39274.74 39300
38602.36 38700
41286.01 41300
37556.49 37600
37998.15 38000
40273.30 40300
12999.13 13000
23724.84 23800
25639.26 25700
28348.86 28400
29125.63 29200
29350.71 29400
29150.15 29200
30194.26 30200
39214.50 39300
40098.37 40100
40528.46 40600
40494.52 40500
39438.87 39500
40225.38 40300
40130.14 40200
39621.55 39700
34106.90 34200
37706.04 37800
36510.67 36600
36804.58 36900
38318.67 38400
39489.15 39500
39822.78 39900
38889.36 38900
25142.17 25200
26878.56 26900
27563.04 27600
28799.62 28800
29420.87 29500
28702.11 28800
30121.21 30200
29652.31 29700
11811.06 11900
16470.34 16500
19788.97 19800
23053.14 23100
25009.46 25100
25870.79 25900
28177.18 28200
29133.42 29200
27773.33 27800
39304.17 39400
38664.15 38700
39339.06 39400
38609.18 38700
37622.49 37700
38190.41 38200
40673.03 40700
38734.31 38800
39649.60 39700
17704.35 17800
25063.65 25100
26226.42 26300
28048.84 28100
28178.08 28200
28028.64 28100
29898.57 29900
28467.66 28500
30627.34 30700
38513.06 38600
39338.45 39400
40152.54 40200
38942.93 39000
39498.58 39500
38268.06 38300
38622.70 38700
37643.77 37700
39748.17 39800
11974.82 12000
16256.58 16300
17821.43 17900
24167.35 24200
25528.78 25600
27915.10 28000
29283.61 29300
28901.72 29000
28834.54 28900
35227.18 35300
38134.94 38200
38387.85 38400
38066.07 38100
38346.84 38400
37498.70 37500
39512.54 39600
37789.82 37800
38397.46 38400
12964.72 13000
14420.16 14500
26391.96 26400
27186.49 27200
27953.89 28000
31599.77 31600
30123.71 30200
29076.57 29100
28990.51 29000
34778.74 34800
38084.05 38100
41736.66 41800
39975.12 40000
39867.94 39900
41797.61 41800
39594.06 39600
40994.55 41000
39996.64 40000
17912.74 18000
19546.90 19600
34457.88 34500
39262.93 39300
39230.02 39300
39080.29 39100
40301.90 40400
38279.24 38300
38139.89 38200
25929.68 26000
27443.34 27500
29062.80 29100
29219.65 29300
29345.11 29400
30514.84 30600
28862.67 28900
28358.17 28400
28729.97 28800
964.81 1000
854.51 900
703.66 800
765.28 800
901.65 1000
852.33 900
841.38 900
942.01 1000
848.56 900
875.67 900
948.07 1000
901.29 1000
9009.78 9100
18794.76 18800
26199.14 26200
27179.25 27200
28654.70 28700
29614.58 29700
27672.11 27700
29674.80 29700
34909.97 35000
38682.89 38700
39602.97 39700
39217.95 39300
39163.67 39200
39540.34 39600
38531.61 38600
39253.40 39300
15327.28 15400
18834.67 18900
27405.56 27500
27582.55 27600
28405.32 28500
27864.12 27900
29038.58 29100
26801.16 26900
38325.08 38400
39163.40 39200
39736.17 39800
39518.53 39600
38424.91 38500
36856.66 36900
38671.52 38700
37726.55 37800
15429.02 15500
25919.98 26000
27878.50 27900
27244.58 27300
28487.46 28500
30336.44 30400
28451.77 28500
28484.49 28500
39461.21 39500
38245.56 38300
40031.46 40100
38591.75 38600
38536.04 38600
37626.28 37700
39073.62 39100
38256.42 38300
11655.91 11700
20514.90 20600
29177.55 29200
29353.49 29400
30007.52 30100
29352.92 29400
30494.14 30500
30837.82 30900
15373.84 15400
39782.19 39800
41036.78 41100
42576.52 42600
42346.17 42400
43376.23 43400
39922.39 40000
40569.85 40600
16047.76 16100
24821.22 24900
38642.97 38700
40504.39 40600
41625.89 41700
38488.84 38500
38399.14 38400
37488.18 37500
23693.33 23700
29557.90 29600
29190.34 29200
31322.92 31400
29627.71 29700
30838.84 30900
28474.17 28500
28693.97 28700
785.48 800
963.95 1000
842.70 900
768.19 800
883.67 900
874.37 900
880.01 900
824.74 900
804.56 900
836.90 900
867.69 900
14284.84 14300
23269.04 23300
24431.38 24500
26998.72 27000
26753.49 26800
26862.53 26900
27230.67 27300
26799.12 26800
36709.74 36800
37602.27 37700
39113.34 39200
38605.33 38700
40068.96 40100
39418.55 39500
38340.89 38400
40251.27 40300
12225.39 12300
21663.41 21700
23555.81 23600
26950.18 27000
25661.78 25700
27437.33 27500
28209.90 28300
27359.40 27400
35153.30 35200
37454.71 37500
38967.18 39000
37775.67 37800
38011.91 38100
37454.30 37500
38867.93 38900
44160.04 44200
6386.63 6400
12307.54 12400
14524.21 14600
18615.24 18700
27297.49 27300
27570.50 27600
27557.49 27600
26847.33 26900
28719.48 28800
37893.42 37900
39463.04 39500
39533.97 39600
39022.38 39100
37788.00 37800
39064.10 39100
37571.55 37600
37883.97 37900
21903.02 22000
26993.23 27000
27711.17 27800
28186.37 28200
28048.92 28100
28618.30 28700
29078.85 29100
29038.56 29100
36524.05 36600
40164.09 40200
39210.66 39300
39928.65 40000
39601.75 39700
41270.81 41300
40651.37 40700
41034.33 41100
32741.30 32800
34035.24 34100
38941.83 39000
38000.91 38100
38076.75 38100
37407.31 37500
39180.02 39200
38216.49 38300
27187.13 27200
28710.94 28800
29280.19 29300
29043.00 29100
28566.00 28600
29767.74 29800
29835.07 29900
28931.96 29000
14443.45 14500
14798.92 14800
29000.49 29100
27734.11 27800
28155.38 28200
27193.19 27200
26908.31 27000
27979.57 28000
34278.78 34300
36932.82 37000
36690.68 36700
38898.74 38900
38417.87 38500
38934.34 39000
38764.27 38800
4528.48 4600
18355.64 18400
26014.37 26100
27583.00 27600
28639.62 28700
27458.54 27500
28962.98 29000
28865.75 28900
15966.07 16000
19478.18 19500
32833.04 32900
39346.02 39400
38395.51 38400
37419.82 37500
38230.00 38300
37114.54 37200
23448.94 23500
26184.13 26200
27794.19 27800
30321.20 30400
27388.31 27400
26255.79 26300
26781.92 26800
28236.22 28300
10133.11 10200
20093.35 20100
37212.23 37300
38509.61 38600
39666.31 39700
38887.73 38900
39459.17 39500
38862.99 38900
12076.27 12100
19831.99 19900
26996.64 27000
29906.75 30000
28234.68 28300
29767.27 29800
27770.62 27800
42354.23 42400
41877.36 41900
42349.21 42400
39353.05 39400
39464.17 39500
40610.02 40700
42219.30 42300
40071.96 40100
25334.02 25400
36421.69 36500
36935.50 37000
37645.93 37700
38357.43 38400
37487.08 37500
38326.66 38400
39363.58 39400
23637.96 23700
30758.41 30800
29024.71 29100
28975.28 29000
28188.03 28200
29745.26 29800
29689.12 29700
30039.25 30100
819.74 900
903.61 1000
770.59 800
649.37 700
865.43 900
703.88 800
805.00 900
1003.18 1100
729.10 800
814.52 900
851.63 900
925.15 1000
724.80 800
593.55 600
830.00 900
763.19 800
701.59 800
853.87 900
771.89 800
757.02 800
823.25 900
725.64 800
761.49 800
772.20 800
829.99 900
773.17 800
898.61 900
782.90 800
782.84 800
10125.43 10200
20462.27 20500
23545.75 23600
23427.03 23500
27259.41 27300
27124.25 27200
28340.64 28400
27572.56 27600
26262.69 26300
28403.19 28500
26974.52 27000
27730.39 27800
28550.00 28600
27920.02 28000
27748.63 27800
34003.89 34100
37784.82 37800
39783.59 39800
39282.18 39300
39844.17 39900
42450.68 42500
40374.57 40400
42388.17 42400
40171.63 40200
38052.96 38100
38461.45 38500
39564.33 39600
39296.14 39300
39714.43 39800
38663.28 38700
38966.71 39000
6790.98 6800
8825.52 8900
16022.62 16100
19859.53 19900
25213.55 25300
25423.69 25500
26810.45 26900
28232.40 28300
29119.52 29200
28049.88 28100
28621.02 28700
29394.57 29400
27187.38 27200
27982.16 28000
28651.16 28700
27982.83 28000
28101.85 28200
33505.31 33600
35778.90 35800
36361.62 36400
35953.81 36000
38697.90 38700
38435.07 38500
39377.80 39400
39691.06 39700
38519.40 38600
37953.22 38000
38112.37 38200
37202.38 37300
37596.77 37600
37063.69 37100
38592.34 38600
38846.44 38900
17645.68 17700
21043.45 21100
21550.81 21600
27026.93 27100
26664.14 26700
26721.93 26800
28981.83 29000
28825.15 28900
29182.06 29200
28427.28 28500
27760.19 27800
26968.20 27000
27976.44 28000
27701.25 27800
27379.10 27400
30327.46 30400
16053.35 16100
33609.30 33700
33606.14 33700
34903.91 35000
36883.12 36900
38941.92 39000
39189.66 39200
38885.61 38900
39819.62 39900
38109.08 38200
38485.88 38500
39595.98 39600
38286.24 38300
37925.03 38000
39151.90 39200
38557.54 38600
15651.94 15700
24799.29 24800
25051.73 25100
27916.57 28000
28169.18 28200
28083.73 28100
29139.26 29200
28718.97 28800
29317.66 29400
29477.52 29500
30009.88 30100
28330.11 28400
28456.93 28500
28735.04 28800
29215.89 29300
28129.70 28200
30867.00 30900
37192.08 37200
38730.25 38800
39037.32 39100
40764.92 40800
40251.89 40300
39845.26 39900
41414.52 41500
40424.82 40500
42030.18 42100
40079.87 40100
40737.57 40800
39896.12 39900
41153.81 41200
40578.06 40600
42493.27 42500
7789.98 7800
26029.64 26100
26589.24 26600
30983.62 31000
36335.90 36400
37044.48 37100
37426.84 37500
40302.41 40400
39426.22 39500
38799.99 38800
38096.14 38100
39357.13 39400
38827.97 38900
38681.99 38700
37818.41 37900
38205.40 38300
38154.42 38200
17892.39 17900
24645.94 24700
25607.55 25700
27223.68 27300
27817.81 27900
28927.48 29000
29550.79 29600
28075.20 28100
30605.56 30700
28444.04 28500
29362.96 29400
29590.97 29600
31230.03 31300
30199.25 30200
29032.54 29100
28998.29 29000
614.76 700
892.97 900
782.80 800
829.40 900
718.37 800
686.21 700
759.42 800
735.49 800
738.11 800
824.64 900
813.41 900
849.86 900
842.84 900
903.32 1000
828.05 900
602.84 700
740.98 800
566.63 600
635.25 700
922.23 1000
467.39 500
885.81 900
826.84 900
576.71 600
984.15 1000
706.99 800
939.85 1000
536.10 600
532.87 600
755.27 800
814.42 900
868.80 900
619.85 700
823.31 900
886.50 900
868.58 900
600.07 700
1011.90 1100
23398.86 23400
25193.15 25200
27415.04 27500
28638.53 28700
28604.68 28700
27593.32 27600
29895.98 29900
32116.20 32200
38768.95 38800
38589.21 38600
39614.50 39700
38438.37 38500
38613.29 38700
39799.53 39800
13568.40 13600
23645.89 23700
26806.72 26900
28375.87 28400
28227.77 28300
27288.24 27300
28702.79 28800
36172.65 36200
37653.42 37700
39550.52 39600
40955.31 41000
40002.42 40100
37215.56 37300
37979.24 38000
25663.28 25700
28225.24 28300
27778.61 27800
28666.31 28700
28075.44 28100
27355.19 27400
28750.92 28800
31591.58 31600
40752.27 40800
39026.71 39100
40131.73 40200
39288.31 39300
39011.77 39100
40779.20 40800
11011.28 11100
14022.32 14100
25649.07 25700
24883.41 24900
27818.67 27900
29733.98 29800
28736.13 28800
35034.69 35100
37999.62 38000
39958.71 40000
39285.25 39300
39526.24 39600
40641.36 40700
39885.11 39900
21622.66 21700
25293.80 25300
34583.13 34600
38056.74 38100
38825.23 38900
37677.06 37700
39264.37 39300
29164.84 29200
30390.27 30400
28859.50 28900
29041.45 29100
29102.76 29200
28875.54 28900
28725.50 28800
600.20 700
840.10 900
558.18 600
813.47 900
558.01 600
664.91 700
943.74 1000
571.88 600
672.36 700
927.89 1000
607.57 700
847.47 900
608.34 700
911.87 1000
611.27 700
622.83 700
832.75 900
634.50 700
852.56 900
615.33 700
794.74 800
547.75 600
677.76 700
907.93 1000
10832.22 10900
23512.91 23600
28810.45 28900
27107.21 27200
28600.50 28700
27040.14 27100
36296.92 36300
37177.71 37200
38563.93 38600
37983.69 38000
38409.07 38500
41265.47 41300
14383.62 14400
25429.53 25500
28773.76 28800
28527.56 28600
26938.19 27000
28615.91 28700
19069.04 19100
34465.54 34500
35772.52 35800
36469.80 36500
37430.85 37500
38475.14 38500
12003.10 12100
19668.93 19700
27600.30 27700
28272.24 28300
27366.51 27400
27153.58 27200
15268.22 15300
21876.20 21900
28592.21 28600
37415.36 37500
40605.07 40700
37539.37 37600
26538.96 26600
26147.21 26200
29872.12 29900
28355.04 28400
28133.16 28200
28614.68 28700
25375.27 25400
32179.94 32200
37332.42 37400
40915.26 41000
40586.34 40600
40730.92 40800
29964.66 30000
33463.71 33500
40266.96 40300
38043.93 38100
37783.37 37800
37480.60 37500
25011.03 25100
27795.17 27800
31022.52 31100
30478.20 30500
28589.85 28600
29268.74 29300
553.63 600
514.58 600
532.79 600
700.50 800
678.10 700
677.70 700
689.32 700
551.33 600
563.64 600
543.77 600
648.71 700
708.16 800
681.24 700
18590.06 18600
27311.85 27400
28532.28 28600
28745.73 28800
28153.36 28200
27154.17 27200
26573.66 26600
26749.65 26800
29289.06 29300
27066.35 27100
18670.15 18700
24600.93 24700
25562.17 25600
36334.88 36400
37260.46 37300
39192.13 39200
40455.34 40500
39605.83 39700
40832.29 40900
38997.13 39000
23046.61 23100
24016.82 24100
27906.54 28000
28398.08 28400
27895.23 27900
28901.95 29000
27205.95 27300
28309.03 28400
27483.14 27500
27417.55 27500
15776.79 15800
21961.14 22000
30786.00 30800
35341.38 35400
39531.34 39600
39612.43 39700
38416.64 38500
37266.02 37300
37936.32 38000
39281.35 39300
19042.87 19100
25437.29 25500
28902.91 29000
27636.72 27700
28292.04 28300
29406.79 29500
27528.11 27600
27357.47 27400
26851.11 26900
27024.68 27100
15322.28 15400
17076.48 17100
33818.40 33900
37478.86 37500
38653.04 38700
39630.23 39700
41765.20 41800
38792.51 38800
40012.69 40100
38355.54 38400
13140.48 13200
24544.64 24600
26178.34 26200
27791.93 27800
28204.66 28300
29443.90 29500
29358.01 29400
28875.31 28900
28076.48 28100
28256.32 28300
20247.23 20300
32413.48 32500
34211.96 34300
37608.93 37700
41215.26 41300
39389.50 39400
39633.27 39700
40672.43 40700
40725.57 40800
39923.76 40000
19717.26 19800
37347.47 37400
38296.45 38300
37760.20 37800
40287.72 40300
38445.51 38500
37499.24 37500
38137.90 38200
40342.88 40400
38300.81 38400
14969.22 15000
18761.64 18800
22674.86 22700
26422.78 26500
26770.41 26800
29866.46 29900
29425.64 29500
29681.62 29700
28098.67 28100
30204.99 30300
11357.46 11400
17399.12 17400
24741.36 24800
27022.22 27100
28536.04 28600
28319.56 28400
26824.85 26900
28872.26 28900
27244.43 27300
26422.98 26500
39954.75 40000
38981.77 39000
39773.72 39800
40428.23 40500
38354.32 38400
40776.30 40800
39056.26 39100
38252.50 38300
41001.18 41100
15760.78 15800
17826.54 17900
20957.81 21000
24348.60 24400
26194.36 26200
27373.29 27400
28644.24 28700
28723.74 28800
29064.11 29100
27189.63 27200
35312.65 35400
36404.02 36500
38641.39 38700
38354.12 38400
37494.27 37500
38110.92 38200
38811.88 38900
39499.52 39500
38072.08 38100
37907.10 38000
8334.80 8400
17904.14 18000
18459.49 18500
20875.57 20900
22975.74 23000
23395.24 23400
24990.55 25000
28227.40 28300
27475.64 27500
28262.42 28300
26996.93 27000
28571.50 28600
33052.05 33100
38598.50 38600
40776.85 40800
37411.01 37500
38227.56 38300
38161.26 38200
37979.10 38000
39022.48 39100
38642.67 38700
13598.21 13600
19045.57 19100
25591.54 25600
25913.45 26000
26717.22 26800
27320.48 27400
29898.59 29900
29889.53 29900
28557.65 28600
28740.80 28800
23279.26 23300
37831.33 37900
40300.25 40400
40706.47 40800
40121.39 40200
40016.80 40100
40308.15 40400
39797.37 39800
40869.13 40900
40411.23 40500
18065.37 18100
23847.42 23900
27262.61 27300
36851.95 36900
41366.74 41400
37798.36 37800
40013.25 40100
38579.54 38600
40469.59 40500
37692.77 37700
23489.26 23500
27469.27 27500
29273.45 29300
29384.36 29400
29075.39 29100
30735.88 30800
29165.43 29200
28260.99 28300
28739.81 28800
28733.45 28800
695.90 700
1224.76 1300
659.74 700
809.52 900
1441.33 1500
676.17 700
1170.31 1200
691.40 700
708.94 800
1297.61 1300
701.69 800
1138.25 1200
872.80 900
731.64 800
1356.48 1400
757.68 800
1223.56 1300
3722.66 3800
18944.72 19000
25964.87 26000
26708.18 26800
27152.69 27200
28109.83 28200
28744.40 28800
28631.56 28700
28535.84 28600
37696.11 37700
38166.45 38200
38706.65 38800
39804.03 39900
39261.42 39300
38640.42 38700
40526.89 40600
38424.64 38500
22743.94 22800
25473.38 25500
27389.60 27400
28279.45 28300
28083.77 28100
29523.47 29600
26863.35 26900
29426.29 29500
23477.40 23500
36971.07 37000
38860.72 38900
39567.52 39600
38379.59 38400
38646.05 38700
39856.88 39900
38380.91 38400
3087.75 3100
14950.20 15000
15461.13 15500
24673.22 24700
27535.06 27600
29220.26 29300
27411.04 27500
26803.59 26900
28618.15 28700
29410.80 29500
31178.32 31200
32964.45 33000
38224.94 38300
39010.42 39100
38464.93 38500
38241.61 38300
38173.38 38200
9665.42 9700
10743.41 10800
28693.29 28700
30150.90 30200
28395.15 28400
28733.93 28800
28603.51 28700
29800.37 29900
25174.87 25200
32224.56 32300
35509.10 35600
37756.85 37800
40868.33 40900
39496.57 39500
39678.42 39700
42169.25 42200
24572.60 24600
31619.81 31700
36976.39 37000
36116.34 36200
38378.68 38400
37879.84 37900
38648.31 38700
38090.42 38100
14702.64 14800
16851.84 16900
22536.81 22600
24169.16 24200
28442.07 28500
28407.39 28500
29567.09 29600
28931.61 29000
726.27 800
616.29 700
564.56 600
559.73 600
736.66 800
487.58 500
646.24 700
670.60 700
685.46 700
697.95 700
841.80 900
578.46 600
6000.03 6100
14541.52 14600
19319.09 19400
22033.94 22100
22769.20 22800
26103.25 26200
27346.22 27400
26375.72 26400
28155.87 28200
27688.39 27700
29152.65 29200
28810.67 28900
26878.87 26900
18216.22 18300
22746.52 22800
29508.39 29600
39132.36 39200
39552.68 39600
39318.83 39400
40087.58 40100
37958.93 38000
39213.55 39300
38702.61 38800
38250.85 38300
39163.79 39200
14172.54 14200
23856.56 23900
25712.76 25800
27784.54 27800
28716.51 28800
26844.94 26900
27253.36 27300
28955.18 29000
28127.22 28200
27691.22 27700
27293.19 27300
24327.16 24400
32046.08 32100
33725.11 33800
34796.81 34800
36138.43 36200
30708.29 30800
37652.60 37700
38171.97 38200
40750.16 40800
37955.98 38000
37584.35 37600
38708.62 38800
12951.50 13000
13890.29 13900
25026.71 25100
27958.26 28000
29884.52 29900
27188.75 27200
27253.01 27300
27451.64 27500
28294.58 28300
26997.06 27000
27519.43 27600
27891.95 27900
22399.21 22400
24657.44 24700
26344.49 26400
27870.55 27900
36015.64 36100
36332.77 36400
36000.87 36100
38833.02 38900
37202.23 37300
40023.16 40100
38460.59 38500
38301.99 38400
7950.09 8000
26617.33 26700
28751.98 28800
30238.77 30300
28667.91 28700
28933.22 29000
27851.00 27900
30403.83 30500
29050.82 29100
28315.26 28400
28509.24 28600
28808.71 28900
28767.16 28800
24162.51 24200
29632.06 29700
35502.61 35600
37971.65 38000
37847.90 37900
37945.11 38000
37574.82 37600
41986.42 42000
42057.39 42100
40831.49 40900
40440.95 40500
41199.69 41200
33921.74 34000
36571.70 36600
39719.90 39800
39096.78 39100
38023.43 38100
38941.12 39000
38468.01 38500
37906.30 38000
38388.01 38400
38798.29 38800
38934.21 39000
10410.26 10500
19742.10 19800
23916.83 24000
25381.69 25400
28497.04 28500
28537.84 28600
30633.80 30700
29287.99 29300
29897.55 29900
28440.82 28500
29460.59 29500
22867.78 22900
25921.37 26000
27490.24 27500
26625.19 26700
26136.55 26200
28280.65 28300
28859.36 28900
29654.86 29700
37150.50 37200
38169.72 38200
38743.07 38800
39308.10 39400
39114.32 39200
40078.31 40100
39008.70 39100
40137.01 40200
18113.60 18200
25979.09 26000
27812.81 27900
27802.05 27900
28214.45 28300
28978.92 29000
29796.63 29800
28996.58 29000
26679.03 26700
32204.21 32300
38602.97 38700
38539.94 38600
38438.43 38500
36783.70 36800
37250.23 37300
39258.06 39300
18593.00 18600
26937.09 27000
27656.53 27700
28330.05 28400
27799.43 27800
27887.24 27900
26821.97 26900
27353.48 27400
22054.80 22100
38220.93 38300
39438.84 39500
39239.25 39300
37342.39 37400
40076.65 40100
37485.94 37500
40342.81 40400
22480.23 22500
30259.10 30300
29902.65 30000
29094.32 29100
29847.87 29900
29055.05 29100
30738.79 30800
28399.85 28400
27164.48 27200
39252.23 39300
41488.60 41500
41647.74 41700
43257.31 43300
42270.36 42300
39967.94 40000
42814.42 42900
17024.32 17100
35336.37 35400
35798.90 35800
38020.91 38100
39426.54 39500
38038.40 38100
37446.30 37500
38111.70 38200
13126.32 13200
29384.56 29400
29651.54 29700
30522.53 30600
27878.80 27900
29279.86 29300
29318.47 29400
30428.59 30500
750.32 800
700.25 800
702.16 800
739.48 800
664.62 700
745.29 800
734.86 800
690.19 700
778.59 800
776.50 800
898.43 900
700.12 800
8341.74 8400
23165.13 23200
23151.07 23200
29080.11 29100
28533.20 28600
27126.34 27200
27867.59 27900
28575.07 28600
28895.90 28900
27059.40 27100
19507.31 19600
28217.02 28300
33184.94 33200
38089.93 38100
37527.01 37600
38526.68 38600
39620.72 39700
38441.18 38500
38957.17 39000
37846.37 37900
28468.71 28500
28689.60 28700
28069.20 28100
27533.27 27600
28467.73 28500
28911.06 29000
29340.66 29400
27232.57 27300
29010.40 29100
27762.36 27800
22179.87 22200
30362.37 30400
35255.09 35300
35296.20 35300
36654.01 36700
39401.08 39500
38519.65 38600
40624.97 40700
38187.73 38200
39002.67 39100
27839.82 27900
27545.69 27600
28886.33 28900
26942.24 27000
29793.72 29800
26548.32 26600
28339.93 28400
27553.20 27600
27528.91 27600
26925.55 27000
20595.22 20600
33926.79 34000
37825.32 37900
38179.29 38200
39273.94 39300
38185.76 38200
39852.54 39900
40130.10 40200
39438.48 39500
38821.98 38900
30529.80 30600
28824.90 28900
28751.68 28800
30147.94 30200
30394.87 30400
30657.05 30700
29782.29 29800
28996.42 29000
30938.09 31000
28451.04 28500
18936.15 19000
29201.73 29300
31519.81 31600
34880.80 34900
35619.52 35700
36112.66 36200
38244.99 38300
39676.17 39700
40123.47 40200
42842.08 42900
36643.33 36700
37480.99 37500
38771.16 38800
37601.13 37700
37673.98 37700
38271.73 38300
37478.67 37500
40040.33 40100
37773.32 37800
38730.02 38800
3628.49 3700
5096.37 5100
13270.80 13300
26166.95 26200
28411.63 28500
29818.48 29900
29173.80 29200
29979.91 30000
31485.63 31500
29638.29 29700
31190.46 31200
29668.24 29700
850.10 900
875.33 900
13938.62 14000
20354.77 20400
21056.11 21100
22342.01 22400
24420.88 24500
25511.99 25600
26433.75 26500
26849.86 26900
26796.52 26800
27918.71 28000
27082.23 27100
28534.82 28600
27267.93 27300
27765.83 27800
26662.84 26700
32509.65 32600
34702.58 34800
40714.34 40800
38125.74 38200
39910.25 40000
39138.21 39200
39342.50 39400
38508.42 38600
40166.25 40200
38811.31 38900
39811.03 39900
39772.11 39800
39974.28 40000
41120.02 41200
39208.66 39300
5618.26 5700
5917.18 6000
12910.98 13000
18184.18 18200
23913.56 24000
28842.43 28900
29272.29 29300
30165.32 30200
29532.10 29600
30534.29 30600
28782.19 28800
28260.30 28300
29621.81 29700
27801.89 27900
31182.33 31200
26910.94 27000
35857.22 35900
37422.30 37500
37036.39 37100
37360.98 37400
38290.40 38300
38035.48 38100
38836.37 38900
39404.68 39500
40061.49 40100
39373.55 39400
37561.14 37600
37154.94 37200
39262.85 39300
38279.77 38300
37665.06 37700
14247.89 14300
14192.33 14200
21303.58 21400
22271.58 22300
25345.66 25400
27766.51 27800
27026.36 27100
29280.88 29300
26880.82 26900
28632.91 28700
27320.59 27400
27748.71 27800
29006.97 29100
28682.02 28700
28623.22 28700
23666.84 23700
38598.23 38600
37209.65 37300
39490.59 39500
38807.93 38900
40347.39 40400
39544.44 39600
37880.05 37900
39733.25 39800
37968.64 38000
39139.57 39200
38915.42 39000
37867.51 37900
40892.09 40900
38193.84 38200
12144.55 12200
13641.82 13700
22386.95 22400
22702.89 22800
28305.65 28400
27217.91 27300
29483.48 29500
29614.70 29700
29034.71 29100
31591.83 31600
29409.92 29500
29680.78 29700
29615.72 29700
29532.21 29600
28547.56 28600
27015.54 27100
35434.18 35500
37878.76 37900
40504.92 40600
39277.25 39300
42588.88 42600
40715.35 40800
39910.24 40000
40782.17 40800
40921.50 41000
41586.68 41600
39689.71 39700
39740.69 39800
40334.06 40400
40443.46 40500
28737.44 28800
30109.76 30200
30387.81 30400
32284.82 32300
33014.16 33100
35367.24 35400
36641.39 36700
38866.57 38900
39794.75 39800
39512.31 39600
38224.45 38300
38801.58 38900
37551.58 37600
38601.03 38700
38548.48 38600
17521.03 17600
27580.69 27600
28278.20 28300
29328.88 29400
29487.28 29500
30686.43 30700
27816.18 27900
28478.13 28500
28608.89 28700
28812.95 28900
28593.71 28600
27978.54 28000
29582.15 29600
30857.80 30900
29061.21 29100
940.16 1000
816.65 900
779.53 800
818.05 900
746.62 800
897.26 900
810.22 900
973.82 1000
760.43 800
796.28 800
827.05 900
674.96 700
993.03 1000
766.85 800
817.43 900
819.75 900
836.69 900
834.12 900
896.15 900
798.69 800
17187.62 17200
17854.64 17900
21712.75 21800
22756.53 22800
24166.06 24200
27538.00 27600
27990.64 28000
28568.74 28600
30122.92 30200
26262.83 26300
26521.46 26600
26771.90 26800
27360.56 27400
27843.98 27900
26932.51 27000
27584.35 27600
25489.94 25500
36326.50 36400
36867.85 36900
39928.01 40000
38377.21 38400
40233.85 40300
40060.27 40100
39776.94 39800
37957.63 38000
39601.81 39700
38560.74 38600
39089.88 39100
38461.28 38500
38637.37 38700
39094.87 39100
38565.97 38600
38281.04 38300
19308.74 19400
21517.37 21600
22232.81 22300
27292.69 27300
27318.15 27400
28231.94 28300
28780.48 28800
28592.43 28600
27346.17 27400
28632.41 28700
28222.24 28300
28963.37 29000
28910.49 29000
28385.12 28400
28306.38 28400
27469.90 27500
28682.32 28700
19947.43 20000
22348.87 22400
31871.08 31900
36064.88 36100
36712.80 36800
37778.74 37800
38602.09 38700
39603.26 39700
37983.81 38000
37695.00 37700
39329.12 39400
38550.80 38600
39263.16 39300
37481.93 37500
38563.56 38600
37835.34 37900
38067.95 38100
12248.59 12300
14877.95 14900
27255.98 27300
27446.49 27500
28043.69 28100
27699.88 27700
28810.30 28900
27862.31 27900
27456.85 27500
29610.61 29700
26647.67 26700
29051.32 29100
28164.93 28200
26478.86 26500
28764.17 28800
28466.33 28500
26859.05 26900
22828.76 22900
24501.24 24600
33601.81 33700
34909.46 35000
34910.26 35000
38297.22 38300
39541.21 39600
39128.90 39200
40118.63 40200
38484.31 38500
38681.11 38700
39502.41 39600
38324.47 38400
37146.36 37200
39562.82 39600
37428.98 37500
39579.35 39600
21228.43 21300
25552.11 25600
27896.78 27900
27120.91 27200
30654.41 30700
30625.53 30700
30532.19 30600
29941.96 30000
29685.86 29700
28024.30 28100
29584.34 29600
30925.36 31000
29258.01 29300
28429.39 28500
28888.44 28900
28253.72 28300
28336.41 28400
31489.82 31500
38552.52 38600
39913.53 40000
38123.17 38200
40213.76 40300
40060.89 40100
39712.22 39800
40766.64 40800
41219.44 41300
40574.36 40600
41306.87 41400
41485.83 41500
40246.31 40300
39708.24 39800
40937.99 41000
42026.36 42100
41047.80 41100
25108.14 25200
33100.81 33200
37598.18 37600
37881.61 37900
39528.01 39600
38248.61 38300
39209.11 39300
39650.91 39700
38400.83 38500
38760.72 38800
37975.43 38000
38323.89 38400
38470.00 38500
38225.52 38300
40066.79 40100
38065.92 38100
39319.11 39400
9997.63 10000
22999.12 23000
24344.00 24400
29647.22 29700
29934.47 30000
29943.04 30000
31321.64 31400
32104.71 32200
29885.21 29900
29682.34 29700
30300.12 30400
30706.53 30800
31057.58 31100
29566.13 29600
29063.97 29100
30063.65 30100
552.54 600
796.71 800
587.04 600
659.63 700
470.06 500
744.48 800
664.40 700
511.07 600
704.48 800
584.61 600
655.95 700
624.08 700
751.27 800
644.25 700
24739.33 24800
25068.46 25100
26074.22 26100
27819.94 27900
26846.12 26900
28588.08 28600
26497.96 26500
28538.00 28600
27967.51 28000
27240.56 27300
27094.26 27100
28065.57 28100
18754.53 18800
36082.52 36100
36733.89 36800
35965.79 36000
37832.52 37900
39954.48 40000
40286.87 40300
40459.51 40500
39417.41 39500
39547.12 39600
38777.05 38800
40149.51 40200
10733.82 10800
24991.20 25000
24918.14 25000
25823.84 25900
28976.04 29000
26070.83 26100
27999.18 28000
29105.34 29200
28151.74 28200
27935.58 28000
27174.83 27200
28694.99 28700
22293.80 22300
28619.19 28700
37861.40 37900
39411.35 39500
38755.92 38800
41189.11 41200
36626.32 36700
39366.16 39400
39344.43 39400
37936.76 38000
37776.17 37800
38732.60 38800
17999.10 18000
24320.13 24400
25718.84 25800
27122.86 27200
27621.82 27700
28653.62 28700
28919.55 29000
28231.95 28300
28684.10 28700
26635.31 26700
28321.14 28400
26859.00 26900
28373.72 28400
36027.03 36100
37996.46 38000
37757.24 37800
37516.74 37600
38238.09 38300
39706.77 39800
38466.26 38500
39408.25 39500
38048.30 38100
40134.78 40200
39344.00 39400
9443.81 9500
12091.61 12100
26267.26 26300
27282.62 27300
27785.93 27800
28828.38 28900
30100.94 30200
30397.23 30400
29706.16 29800
28993.76 29000
28454.07 28500
29679.43 29700
30770.41 30800
38980.44 39000
39840.82 39900
41879.47 41900
42708.16 42800
39534.91 39600
41647.77 41700
39391.63 39400
40836.76 40900
39397.49 39400
40915.57 41000
40053.17 40100
16022.22 16100
30371.22 30400
31895.59 31900
36782.98 36800
38150.81 38200
39925.10 40000
39092.98 39100
38342.57 38400
39331.28 39400
39752.98 39800
38814.00 38900
38038.76 38100
22647.20 22700
22816.11 22900
28856.33 28900
30858.21 30900
29651.31 29700
30214.02 30300
30401.90 30500
30045.94 30100
28421.59 28500
27755.16 27800
28776.95 28800
28229.51 28300
14785.64 14800
26768.72 26800
26940.12 27000
28236.25 28300
26066.87 26100
28783.88 28800
26505.28 26600
27149.24 27200
27755.24 27800
33182.46 33200
36665.96 36700
40669.82 40700
38834.68 38900
39713.65 39800
39870.89 39900
38761.66 38800
20445.96 20500
25268.06 25300
26793.75 26800
26800.11 26900
27271.47 27300
30086.31 30100
27136.59 27200
28565.01 28600
24060.64 24100
28388.71 28400
28631.97 28700
37902.61 38000
38287.09 38300
37391.22 37400
38479.66 38500
37845.05 37900
24501.53 24600
26782.97 26800
27271.45 27300
28859.22 28900
26145.05 26200
27057.81 27100
26805.95 26900
28697.30 28700
24049.06 24100
38002.48 38100
37863.04 37900
38101.54 38200
39580.61 39600
38467.51 38500
38029.63 38100
39271.21 39300
19294.39 19300
29074.43 29100
29096.73 29100
28101.24 28200
29206.89 29300
29480.99 29500
29525.49 29600
28528.60 28600
25237.40 25300
28214.62 28300
30835.25 30900
38976.48 39000
41026.60 41100
40580.39 40600
39628.11 39700
41716.40 41800
34884.30 34900
38143.80 38200
37025.66 37100
37229.42 37300
40144.63 40200
38867.25 38900
38097.23 38100
38187.04 38200
17013.47 17100
19306.34 19400
27770.30 27800
27272.37 27300
29705.20 29800
28807.15 28900
29982.44 30000
29174.89 29200
10082.49 10100
13375.78 13400
24471.81 24500
26043.23 26100
28137.13 28200
28158.10 28200
26755.46 26800
28121.25 28200
27741.59 27800
27074.60 27100
31150.87 31200
34169.70 34200
39549.33 39600
40181.19 40200
40620.91 40700
39512.41 39600
38156.44 38200
38446.21 38500
39860.66 39900
38649.93 38700
15932.95 16000
24593.26 24600
25342.22 25400
28963.88 29000
28727.31 28800
27677.80 27700
29717.24 29800
29203.06 29300
28192.14 28200
28225.70 28300
8313.69 8400
30516.22 30600
39036.61 39100
38584.86 38600
38636.21 38700
38977.83 39000
39137.58 39200
37439.04 37500
38260.58 38300
38528.78 38600
37587.18 37600
10477.03 10500
19718.52 19800
19553.41 19600
20514.01 20600
28835.94 28900
27038.99 27100
29123.20 29200
28948.60 29000
30902.14 31000
27537.30 27600
23858.46 23900
38685.11 38700
38541.13 38600
39414.11 39500
38868.88 38900
38197.29 38200
38291.58 38300
38459.51 38500
39717.34 39800
37729.89 37800
12217.53 12300
17894.59 17900
20138.45 20200
24154.81 24200
26039.30 26100
30737.38 30800
29633.00 29700
29056.43 29100
30611.44 30700
28405.75 28500
31380.19 31400
35262.07 35300
40949.38 41000
42099.72 42100
40281.69 40300
40539.61 40600
40115.12 40200
40140.98 40200
43010.87 43100
40049.91 40100
10204.34 10300
22477.03 22500
24737.20 24800
30632.13 30700
33031.20 33100
34155.89 34200
37848.40 37900
39661.14 39700
40422.97 40500
38002.65 38100
20602.88 20700
26792.80 26800
26705.83 26800
29658.27 29700
28143.47 28200
27736.33 27800
28741.64 28800
28705.89 28800
28864.32 28900
29699.37 29700
772.96 800
773.56 800
1044.20 1100
783.59 800
811.38 900
952.25 1000
757.23 800
984.08 1000
747.18 800
790.54 800
897.88 900
834.54 900
695.27 700
806.47 900
824.44 900
733.62 800
915.68 1000
764.73 800
962.30 1000
982.97 1000
891.60 900
1011.38 1100
847.94 900
867.39 900
1012.82 1100
773.09 800
1050.46 1100
889.47 900
27379.46 27400
28573.95 28600
29031.68 29100
28608.59 28700
27040.66 27100
27217.25 27300
28077.21 28100
28085.96 28100
26137.08 26200
37550.64 37600
38029.40 38100
39945.77 40000
40807.98 40900
41512.32 41600
40166.74 40200
38767.56 38800
38102.70 38200
17655.99 17700
22658.32 22700
23994.26 24000
28985.96 29000
27771.54 27800
29033.64 29100
27192.24 27200
28575.59 28600
27154.13 27200
27256.80 27300
31264.33 31300
35818.73 35900
36938.29 37000
38750.93 38800
38283.29 38300
38052.86 38100
38562.70 38600
37970.52 38000
7600.83 7700
16297.85 16300
21975.55 22000
29250.70 29300
29258.39 29300
27561.33 27600
29103.61 29200
28218.28 28300
27597.60 27600
23576.90 23600
24854.80 24900
28655.26 28700
34757.12 34800
37704.19 37800
40622.07 40700
37872.87 37900
37643.91 37700
37984.44 38000
16311.43 16400
20753.95 20800
31178.89 31200
28436.53 28500
31246.07 31300
28362.63 28400
28842.78 28900
28205.42 28300
28491.46 28500
27110.60 27200
33994.29 34000
38300.48 38400
39658.80 39700
41953.71 42000
38897.42 38900
42272.73 42300
39526.44 39600
40205.59 40300
15662.68 15700
37049.43 37100
37951.36 38000
39013.86 39100
38413.69 38500
38590.93 38600
37620.85 37700
38836.84 38900
38062.50 38100
12096.72 12100
16586.48 16600
26910.21 27000
27583.42 27600
31312.60 31400
31087.24 31100
30339.82 30400
28475.50 28500
829.98 900
746.47 800
1029.09 1100
12427.69 12500
27812.78 27900
28487.14 28500
29651.84 29700
27805.79 27900
27114.03 27200
26614.85 26700
28339.95 28400
27133.90 27200
24396.68 24400
25569.55 25600
27573.34 27600
30314.50 30400
35939.61 36000
38904.37 39000
37738.79 37800
41642.05 41700
41244.05 41300
27428.15 27500
27663.70 27700
26737.47 26800
26956.02 27000
28942.80 29000
31620.92 31700
27235.93 27300
27247.89 27300
27794.49 27800
26914.26 27000
33317.26 33400
32935.82 33000
36562.39 36600
38503.35 38600
38574.55 38600
39038.46 39100
38465.06 38500
39314.06 39400
27086.30 27100
28131.62 28200
26983.93 27000
28935.52 29000
28555.02 28600
27606.31 27700
27109.36 27200
28899.87 28900
28345.93 28400
28329.20 28400
35716.40 35800
37118.23 37200
37805.64 37900
37497.29 37500
38266.41 38300
38575.62 38600
38083.74 38100
39689.67 39700
27261.94 27300
30147.14 30200
28243.76 28300
28573.89 28600
29387.15 29400
28893.94 28900
29336.60 29400
29188.45 29200
28497.11 28500
36707.56 36800
38584.34 38600
40837.87 40900
38716.19 38800
40388.12 40400
41481.43 41500
42138.35 42200
41518.61 41600
40333.41 40400
37743.10 37800
38367.74 38400
39511.43 39600
38643.29 38700
39837.93 39900
37664.97 37700
38559.94 38600
39095.54 39100
39534.39 39600
10730.13 10800
12308.84 12400
27501.41 27600
29314.91 29400
29748.45 29800
29285.30 29300
30321.54 30400
30863.43 30900
27962.00 28000
3829.89 3900
27304.92 27400
28105.85 28200
28384.52 28400
27107.17 27200
29729.87 29800
26580.37 26600
26321.83 26400
26444.30 26500
26676.50 26700
27528.22 27600
23367.15 23400
27862.52 27900
32111.87 32200
37954.14 38000
40605.10 40700
39743.30 39800
39278.94 39300
39989.81 40000
39865.73 39900
41042.61 41100
26351.76 26400
27663.23 27700
28423.20 28500
28097.50 28100
29153.50 29200
27708.73 27800
26502.11 26600
27859.43 27900
27335.38 27400
27122.61 27200
25677.24 25700
31124.01 31200
32277.64 32300
35831.30 35900
38283.47 38300
39116.08 39200
37615.84 37700
38393.08 38400
38799.01 38800
38510.88 38600
26264.57 26300
29521.03 29600
29529.18 29600
28356.91 28400
28406.21 28500
29115.87 29200
27946.85 28000
26962.71 27000
26929.55 27000
26847.13 26900
29606.70 29700
30183.66 30200
36205.05 36300
38759.45 38800
39234.54 39300
37919.90 38000
39763.92 39800
41550.00 41600
40784.43 40800
40673.61 40700
29503.08 29600
28480.20 28500
29705.67 29800
29554.86 29600
30590.53 30600
29458.40 29500
30697.42 30700
28000.14 28100
28313.28 28400
29043.12 29100
37907.77 38000
39168.19 39200
41610.24 41700
40764.06 40800
42350.97 42400
40613.04 40700
42100.75 42200
42499.99 42500
41109.12 41200
41972.19 42000
32113.80 32200
38330.42 38400
39218.70 39300
39282.37 39300
39186.75 39200
38708.35 38800
39233.53 39300
37551.12 37600
39982.59 40000
38777.77 38800
19621.68 19700
21707.92 21800
29158.12 29200
28656.11 28700
30106.99 30200
30152.89 30200
28187.41 28200
30503.34 30600
30714.03 30800
30594.20 30600
721.85 800
528.21 600
610.27 700
663.28 700
623.46 700
574.55 600
5203.72 5300
16656.45 16700
27237.77 27300
29115.96 29200
28721.33 28800
29006.30 29100
28775.54 28800
26349.77 26400
28973.14 29000
26532.05 26600
26811.51 26900
27285.56 27300
27933.64 28000
29951.13 30000
31932.10 32000
38010.66 38100
39111.50 39200
39054.46 39100
40312.78 40400
41593.86 41600
39835.60 39900
39080.46 39100
41607.35 41700
8152.39 8200
16583.59 16600
26362.31 26400
27579.41 27600
28761.99 28800
29801.39 29900
29284.56 29300
27548.97 27600
27493.78 27500
27541.45 27600
28983.17 29000
27486.72 27500
16292.52 16300
28752.32 28800
32011.05 32100
32680.05 32700
36650.95 36700
37689.06 37700
39325.48 39400
38912.66 39000
40074.50 40100
38458.42 38500
37349.24 37400
26180.68 26200
27059.37 27100
28165.52 28200
27981.82 28000
28461.43 28500
26846.80 26900
28916.93 29000
27299.21 27300
26974.32 27000
28239.72 28300
26870.51 26900
23762.92 23800
35456.63 35500
35921.19 36000
36365.59 36400
35771.86 35800
36591.34 36600
40709.57 40800
39585.62 39600
41090.11 41100
39244.83 39300
39227.84 39300
16196.90 16200
17267.28 17300
27660.47 27700
29001.49 29100
31786.37 31800
28694.10 28700
28974.95 29000
28823.47 28900
30779.94 30800
28221.40 28300
29283.38 29300
32842.08 32900
34060.77 34100
38685.59 38700
39941.64 40000
39238.32 39300
39705.02 39800
39879.23 39900
40897.49 40900
40484.00 40500
39682.55 39700
39814.51 39900
34438.68 34500
36595.89 36600
38465.03 38500
40197.52 40200
38075.47 38100
37394.26 37400
38868.31 38900
38822.69 38900
39266.28 39300
38397.77 38400
39717.33 39800
11377.40 11400
16798.88 16800
27166.96 27200
28160.88 28200
29824.24 29900
29328.62 29400
29731.01 29800
29891.90 29900
30339.94 30400
28920.79 29000
29698.42 29700
744.10 800
797.44 800
723.21 800
794.02 800
656.99 700
879.31 900
930.21 1000
827.19 900
5738.42 5800
26122.75 26200
27552.37 27600
27966.62 28000
29088.36 29100
26424.08 26500
26183.61 26200
28054.98 28100
27320.15 27400
24710.89 24800
32816.31 32900
36931.64 37000
39392.15 39400
41741.63 41800
41668.88 41700
40613.68 40700
38755.49 38800
10947.79 11000
20223.24 20300
27342.67 27400
29480.62 29500
27905.46 28000
26681.99 26700
27385.38 27400
28280.78 28300
9975.20 10000
31424.83 31500
38243.58 38300
39601.70 39700
39592.00 39600
38769.47 38800
37710.85 37800
37242.73 37300
23881.07 23900
26835.12 26900
26855.34 26900
28542.91 28600
27004.66 27100
29987.81 30000
26662.67 26700
28638.77 28700
22897.81 22900
25789.84 25800
35769.25 35800
38132.02 38200
37578.81 37600
39289.74 39300
38475.73 38500
38518.67 38600
25694.49 25700
27416.10 27500
28451.72 28500
29015.45 29100
28095.37 28100
29324.96 29400
28640.76 28700
29880.49 29900
19414.89 19500
21884.21 21900
28151.26 28200
36772.01 36800
41055.70 41100
41083.61 41100
41675.09 41700
40820.37 40900
14666.32 14700
33420.18 33500
35062.71 35100
39517.05 39600
37690.10 37700
37503.53 37600
38379.77 38400
37909.57 38000
14280.49 14300
19631.26 19700
23937.20 24000
24738.88 24800
28055.89 28100
29041.69 29100
28192.43 28200
28345.33 28400
899.82 900
884.69 900
818.11 900
852.17 900
825.47 900
972.70 1000
795.86 800
887.37 900
781.94 800
28061.32 28100
28483.30 28500
27809.47 27900
28396.43 28400
28355.35 28400
28389.69 28400
28194.61 28200
26716.45 26800
27109.60 27200
28043.23 28100
20043.75 20100
21390.01 21400
30947.00 31000
34262.85 34300
39778.68 39800
39813.58 39900
40485.32 40500
40021.02 40100
39520.66 39600
38237.24 38300
38200.38 38300
23274.40 23300
27990.91 28000
27659.64 27700
28766.42 28800
28668.73 28700
26963.22 27000
27470.80 27500
27135.33 27200
28258.92 28300
27383.20 27400
28040.90 28100
22927.20 23000
24577.33 24600
29064.92 29100
35553.08 35600
36797.86 36800
38021.64 38100
39923.02 40000
39850.32 39900
38868.95 38900
37728.44 37800
39985.94 40000
21216.85 21300
28409.45 28500
28113.10 28200
28453.28 28500
28716.07 28800
29389.91 29400
27194.39 27200
28017.38 28100
27976.95 28000
27056.09 27100
27087.30 27100
12108.24 12200
27333.29 27400
32066.91 32100
33768.01 33800
33650.68 33700
39899.82 39900
39492.73 39500
38991.40 39000
39119.09 39200
39313.72 39400
38169.79 38200
17203.40 17300
26833.05 26900
29471.92 29500
30112.50 30200
30994.87 31000
30387.65 30400
27971.68 28000
28254.67 28300
28870.40 28900
28763.50 28800
18887.17 18900
31667.85 31700
40989.37 41000
41986.68 42000
42267.52 42300
42351.38 42400
41341.13 41400
42203.45 42300
39288.22 39300
40046.99 40100
39871.50 39900
17559.42 17600
36559.45 36600
36927.55 37000
37527.62 37600
38355.68 38400
37354.25 37400
40096.10 40100
39681.61 39700
37782.32 37800
40202.54 40300
37860.11 37900
15089.67 15100
17678.75 17700
28733.23 28800
28605.24 28700
31336.71 31400
31957.19 32000
29738.07 29800
29510.75 29600
29737.29 29800
28573.38 28600
1030.51 1100
927.34 1000
766.84 800
790.79 800
819.35 900
757.62 800
745.92 800
802.10 900
872.86 900
869.55 900
863.90 900
25986.88 26000
26783.90 26800
27627.22 27700
28027.86 28100
27412.37 27500
26883.33 26900
29537.65 29600
29037.04 29100
28275.91 28300
26580.38 26600
26952.74 27000
27251.55 27300
17880.73 17900
23853.16 23900
32686.23 32700
34995.10 35000
36148.21 36200
35654.31 35700
39546.22 39600
39944.18 40000
38837.72 38900
38505.41 38600
39682.35 39700
40630.58 40700
25706.23 25800
28670.10 28700
28110.92 28200
27492.45 27500
27647.85 27700
28259.69 28300
27567.06 27600
27128.26 27200
29284.29 29300
27085.14 27100
27564.83 27600
28562.72 28600
20622.85 20700
24772.25 24800
28137.98 28200
28432.44 28500
29368.07 29400
35622.73 35700
36406.44 36500
39690.28 39700
38674.59 38700
39042.27 39100
37508.48 37600
39316.53 39400
28075.49 28100
28614.37 28700
28269.51 28300
29165.61 29200
29001.99 29100
27927.46 28000
27714.33 27800
26893.04 26900
27202.57 27300
27274.87 27300
26930.43 27000
20796.16 20800
30405.87 30500
31119.04 31200
32066.15 32100
31590.84 31600
36482.84 36500
38741.55 38800
39926.62 40000
39128.84 39200
40313.23 40400
39470.16 39500
37434.77 37500
29773.75 29800
31110.91 31200
29228.20 29300
29831.65 29900
29728.85 29800
28197.50 28200
28742.64 28800
28439.62 28500
29793.61 29800
28812.61 28900
28493.73 28500
29097.41 29100
13049.83 13100
20510.61 20600
35734.72 35800
36998.72 37000
39382.66 39400
38860.55 38900
39370.31 39400
41353.13 41400
41946.55 42000
41824.54 41900
41216.31 41300
41375.55 41400
32226.39 32300
38827.33 38900
40644.81 40700
37269.98 37300
38872.15 38900
39209.72 39300
39616.17 39700
39030.15 39100
37361.17 37400
38366.64 38400
39034.03 39100
38104.11 38200
7156.88 7200
18280.51 18300
21057.76 21100
25415.60 25500
25502.05 25600
25134.20 25200
28143.57 28200
29278.25 29300
29622.23 29700
29725.86 29800
29203.91 29300
29426.68 29500
28257.97 28300
817.33 900
748.75 800
827.59 900
887.32 900
767.15 800
895.41 900
799.65 800
897.73 900
875.22 900
904.88 1000
933.90 1000
843.28 900
11819.25 11900
15432.43 15500
21862.21 21900
24493.78 24500
26289.40 26300
28026.49 28100
28635.65 28700
28476.22 28500
27617.95 27700
28404.15 28500
27376.54 27400
27183.82 27200
26545.80 26600
36327.36 36400
37554.67 37600
39474.39 39500
39331.43 39400
40604.34 40700
40008.13 40100
39358.63 39400
38359.70 38400
39285.22 39300
40598.48 40600
39827.15 39900
39216.65 39300
38868.34 38900
10180.94 10200
20792.43 20800
22058.56 22100
25172.04 25200
26785.89 26800
27813.39 27900
28562.13 28600
27023.67 27100
27354.22 27400
28006.84 28100
28375.92 28400
29297.19 29300
27081.30 27100
31260.35 31300
33592.15 33600
33912.96 34000
38589.04 38600
38713.21 38800
38750.56 38800
37476.92 37500
38085.31 38100
38634.29 38700
37001.64 37100
37706.51 37800
38581.29 38600
40644.48 40700
9022.94 9100
22949.26 23000
23510.08 23600
25113.21 25200
25239.26 25300
26247.68 26300
26425.21 26500
27317.17 27400
28645.76 28700
29101.17 29200
27217.58 27300
27223.95 27300
26193.31 26200
32136.13 32200
37130.13 37200
37124.82 37200
40157.32 40200
39379.67 39400
40342.61 40400
37867.62 37900
39301.96 39400
38797.78 38800
38369.23 38400
38630.11 38700
39265.06 39300
39277.44 39300
37668.73 37700
7229.64 7300
14339.35 14400
17455.48 17500
24324.20 24400
23694.47 23700
27203.72 27300
28157.53 28200
29162.67 29200
30936.21 31000
29681.92 29700
27627.99 27700
29601.95 29700
28974.30 29000
29042.98 29100
28406.28 28500
40708.66 40800
41692.34 41700
41714.68 41800
39979.22 40000
38608.15 38700
40374.18 40400
40643.18 40700
42096.68 42100
41408.24 41500
39808.44 39900
41947.40 42000
39676.94 39700
40057.91 40100
40943.04 41000
27313.51 27400
27912.39 28000
34892.46 34900
35116.00 35200
37321.02 37400
36660.91 36700
37910.26 38000
40030.04 40100
38833.46 38900
39244.94 39300
39984.33 40000
38908.04 39000
39289.87 39300
39803.10 39900
23993.27 24000
26832.68 26900
27906.62 28000
28272.00 28300
28798.28 28800
29411.42 29500
30291.49 30300
29843.82 29900
29133.73 29200
28604.37 28700
28495.31 28500
29475.65 29500
28656.46 28700
29354.94 29400
884.66 900
810.96 900
830.11 900
792.92 800
806.23 900
916.85 1000
848.85 900
838.90 900
758.13 800
833.83 900
985.88 1000
27965.39 28000
28070.54 28100
26927.70 27000
28202.53 28300
28820.22 28900
27210.21 27300
28138.48 28200
27675.60 27700
27119.65 27200
27720.17 27800
16116.48 16200
17732.78 17800
39436.87 39500
40089.32 40100
40329.47 40400
39407.38 39500
40524.51 40600
42044.34 42100
40521.27 40600
39020.53 39100
24886.75 24900
25545.03 25600
27825.21 27900
27867.17 27900
28218.12 28300
28574.96 28600
29773.66 29800
27188.76 27200
29729.54 29800
27397.79 27400
22990.61 23000
23567.49 23600
24908.22 25000
38079.32 38100
38754.69 38800
38680.68 38700
38178.21 38200
40302.35 40400
40024.69 40100
38154.96 38200
16140.81 16200
25025.33 25100
27915.69 28000
28572.81 28600
29622.61 29700
27936.31 28000
28866.90 28900
26870.85 26900
26891.82 26900
27328.01 27400
12967.54 13000
25869.00 25900
25545.70 25600
39542.45 39600
37464.63 37500
39130.13 39200
37748.19 37800
39404.78 39500
38932.86 39000
37531.77 37600
26888.41 26900
29229.00 29300
29225.80 29300
24819.15 24900
29071.13 29100
29139.07 29200
29361.92 29400
29201.06 29300
28003.21 28100
28334.52 28400
37318.88 37400
41246.90 41300
40108.10 40200
40901.60 41000
40521.35 40600
39538.82 39600
40929.38 41000
41532.68 41600
41331.98 41400
40953.25 41000
24792.24 24800
35524.88 35600
37465.35 37500
38065.06 38100
39799.02 39800
38081.84 38100
39241.14 39300
39259.80 39300
39973.16 40000
38556.75 38600
25432.99 25500
29215.83 29300
28811.83 28900
29018.77 29100
29373.11 29400
29480.37 29500
30678.28 30700
29210.78 29300
29188.06 29200
28474.36 28500
7531.81 7600
22497.88 22500
26197.17 26200
27794.71 27800
28524.02 28600
27415.71 27500
27755.49 27800
27524.81 27600
26279.23 26300
31329.32 31400
40542.36 40600
39815.93 39900
41676.58 41700
39686.86 39700
38588.80 38600
4776.17 4800
28792.76 28800
28243.56 28300
28168.51 28200
29598.22 29600
27510.79 27600
30151.47 30200
27808.15 27900
14683.23 14700
21086.15 21100
37939.61 38000
39201.79 39300
39440.98 39500
39710.60 39800
39011.69 39100
19318.45 19400
22043.40 22100
28898.24 28900
29131.98 29200
27761.03 27800
26672.96 26700
26810.23 26900
26390.62 26400
27240.27 27300
38150.87 38200
39714.32 39800
37980.18 38000
39850.21 39900
38099.10 38100
24151.08 24200
25022.33 25100
27538.47 27600
28995.56 29000
29769.28 29800
28695.26 28700
28666.54 28700
25612.00 25700
26201.35 26300
38596.32 38600
39275.43 39300
40029.58 40100
39993.79 40000
40146.11 40200
25670.42 25700
39565.16 39600
39007.00 39100
39266.48 39300
38364.90 38400
37664.26 37700
37866.00 37900
19448.93 19500
28216.94 28300
27483.89 27500
30065.93 30100
29731.42 29800
30037.58 30100
28351.17 28400
882.23 900
842.32 900
883.89 900
805.51 900
828.67 900
868.67 900
902.56 1000
843.51 900
19722.99 19800
21252.32 21300
27821.07 27900
28438.66 28500
26802.79 26900
26647.73 26700
29587.19 29600
38897.64 38900
38371.58 38400
38716.20 38800
39086.12 39100
38374.73 38400
38719.74 38800
22776.79 22800
28301.58 28400
28076.03 28100
28942.58 29000
26976.67 27000
28968.92 29000
28824.17 28900
33285.67 33300
36611.39 36700
37024.22 37100
37521.39 37600
37340.72 37400
37950.71 38000
39245.12 39300
21756.47 21800
24798.81 24800
27364.42 27400
27608.64 27700
29678.93 29700
27516.70 27600
28146.76 28200
32813.04 32900
38458.60 38500
38011.67 38100
40454.07 40500
38275.67 38300
40125.75 40200
38211.93 38300
26748.70 26800
26789.17 26800
28683.00 28700
29583.17 29600
30216.84 30300
29573.58 29600
28894.44 28900
31058.33 31100
34652.25 34700
36202.37 36300
38412.65 38500
40456.67 40500
40776.91 40800
40377.55 40400
30138.71 30200
39556.38 39600
39634.55 39700
38654.36 38700
37992.46 38000
38713.12 38800
38471.17 38500
9675.94 9700
17540.98 17600
22445.29 22500
27745.07 27800
30456.88 30500
30482.01 30500
28188.00 28200
954.67 1000
1020.80 1100
1134.82 1200
1002.41 1100
26525.89 26600
26778.16 26800
28529.20 28600
29345.53 29400
27838.34 27900
26852.82 26900
27047.38 27100
27840.53 27900
27819.71 27900
29807.63 29900
36613.11 36700
39752.40 39800
39965.32 40000
40638.52 40700
41940.08 42000
41620.89 41700
27981.59 28000
27217.01 27300
29708.12 29800
29113.18 29200
28804.95 28900
27251.04 27300
28578.18 28600
34099.90 34100
37847.35 37900
39320.19 39400
38071.99 38100
39203.41 39300
39211.04 39300
36617.94 36700
38648.27 38700
27658.49 27700
27093.92 27100
27248.58 27300
28364.43 28400
28741.95 28800
28883.54 28900
28704.82 28800
27960.05 28000
22509.42 22600
22340.28 22400
38046.34 38100
38566.36 38600
39179.64 39200
39138.88 39200
38841.68 38900
39441.22 39500
28786.38 28800
29130.84 29200
29504.88 29600
30506.51 30600
29291.25 29300
27889.01 27900
31033.24 31100
28583.20 28600
22224.21 22300
37230.87 37300
36302.43 36400
39416.40 39500
39589.01 39600
40187.49 40200
40345.10 40400
41693.25 41700
28400.64 28500
38413.44 38500
38729.17 38800
39950.35 40000
38105.54 38200
37865.65 37900
39017.66 39100
38136.57 38200
9873.10 9900
25094.32 25100
25930.48 26000
28685.43 28700
29434.24 29500
30180.58 30200
32044.84 32100
28741.83 28800
913.87 1000
851.96 900
1110.37 1200
1128.65 1200
972.51 1000
6868.56 6900
24787.55 24800
27434.65 27500
27900.69 28000
29117.37 29200
28499.93 28500
27760.48 27800
27669.68 27700
27114.02 27200
32085.68 32100
33953.08 34000
35586.13 35600
41165.59 41200
40816.03 40900
40191.12 40200
41360.17 41400
39895.56 39900
15235.50 15300
28479.83 28500
28711.52 28800
30278.74 30300
29917.74 30000
27836.01 27900
28156.22 28200
27917.73 28000
30488.02 30500
35511.70 35600
36645.80 36700
38335.18 38400
38380.77 38400
40548.53 40600
38386.09 38400
37729.67 37800
19192.50 19200
29051.56 29100
28714.32 28800
28290.34 28300
27155.99 27200
27764.09 27800
27243.52 27300
29186.88 29200
29482.21 29500
35705.29 35800
37989.93 38000
39907.03 40000
36644.44 36700
39484.67 39500
39376.38 39400
39505.34 39600
28510.22 28600
29438.61 29500
28885.24 28900
29812.16 29900
30783.59 30800
29069.31 29100
28685.27 28700
29246.20 29300
25583.32 25600
32137.65 32200
39762.29 39800
41168.09 41200
41186.59 41200
40947.96 41000
43390.80 43400
41842.84 41900
28451.97 28500
38947.34 39000
39606.52 39700
37075.51 37100
39799.29 39800
39682.93 39700
39987.10 40000
38022.63 38100
16641.73 16700
28237.14 28300
30090.04 30100
30084.32 30100
29692.97 29700
31633.95 31700
30373.23 30400
28539.96 28600
17230.62 17300
25361.81 25400
27348.16 27400
26847.53 26900
29067.38 29100
26834.60 26900
27078.94 27100
30735.95 30800
32063.08 32100
39217.53 39300
38236.01 38300
39778.50 39800
40402.83 40500
38961.45 39000
19984.77 20000
25332.73 25400
28746.96 28800
29051.98 29100
29324.36 29400
27522.35 27600
27663.80 27700
36679.62 36700
38610.39 38700
39897.94 39900
39536.46 39600
37479.10 37500
37200.51 37300
39385.98 39400
24458.46 24500
26792.80 26800
29369.25 29400
28054.61 28100
29536.87 29600
28248.65 28300
28725.18 28800
27533.77 27600
27725.65 27800
37521.48 37600
37224.33 37300
39795.78 39800
39099.86 39100
38422.85 38500
29151.26 29200
29285.57 29300
29023.92 29100
29534.01 29600
29924.09 30000
28293.83 28300
28488.85 28500
34901.25 35000
34557.31 34600
39077.29 39100
40760.98 40800
41190.78 41200
42205.79 42300
42541.91 42600
22148.70 22200
32971.97 33000
38236.83 38300
39861.74 39900
38445.29 38500
38055.02 38100
38110.20 38200
27072.96 27100
29125.21 29200
31982.02 32000
28436.71 28500
31354.51 31400
29210.54 29300
28688.48 28700
750.82 800
658.44 700
507.17 600
809.80 900
524.27 600
503.02 600
709.54 800
665.13 700
520.52 600
425.27 500
738.03 800
453.48 500
533.53 600
827.30 900
635.12 700
777.69 800
481.01 500
675.60 700
626.56 700
709.57 800
541.39 600
812.35 900
606.26 700
588.91 600
756.75 800
21438.66 21500
22540.33 22600
27515.85 27600
27551.74 27600
27498.42 27500
28963.78 29000
27736.33 27800
27064.73 27100
19647.71 19700
34447.48 34500
39762.02 39800
39789.56 39800
41404.56 41500
40332.36 40400
39646.18 39700
38523.09 38600
9340.99 9400
15986.16 16000
16144.40 16200
19836.11 19900
27385.83 27400
28820.62 28900
27986.32 28000
27432.74 27500
23973.45 24000
35586.32 35600
37249.74 37300
39059.44 39100
38981.48 39000
37165.47 37200
37818.09 37900
37810.45 37900
13725.50 13800
22585.36 22600
23909.54 24000
24593.08 24600
26041.43 26100
27756.22 27800
27873.41 27900
27126.04 27200
16837.66 16900
36629.61 36700
38790.51 38800
38126.29 38200
38948.75 39000
38450.01 38500
37784.98 37800
38613.39 38700
23467.17 23500
23220.62 23300
23829.78 23900
26588.12 26600
27407.06 27500
27240.03 27300
29238.06 29300
28419.40 28500
10777.59 10800
35371.14 35400
39407.22 39500
40746.35 40800
40184.55 40200
40505.49 40600
40882.34 40900
40778.10 40800
6674.72 6700
22233.17 22300
24882.68 24900
34864.28 34900
37163.37 37200
39121.24 39200
37542.72 37600
37087.89 37100
39239.36 39300
14787.82 14800
26387.03 26400
30667.46 30700
29053.01 29100
30050.23 30100
28557.64 28600
29297.18 29300
28715.88 28800
791.08 800
867.72 900
826.14 900
842.56 900
945.80 1000
852.72 900
1009.66 1100
913.68 1000
578.06 600
557.95 600
831.79 900
575.08 600
1004.14 1100
888.61 900
25674.94 25700
26933.46 27000
28351.10 28400
28614.46 28700
27472.65 27500
27110.03 27200
27075.81 27100
28634.47 28700
27422.25 27500
3549.90 3600
37284.46 37300
38402.42 38500
39673.63 39700
38055.49 38100
40013.74 40100
41119.20 41200
40326.10 40400
38450.73 38500
38758.13 38800
15606.40 15700
26532.40 26600
28531.10 28600
27137.78 27200
27360.59 27400
28789.81 28800
27824.62 27900
27678.41 27700
28970.58 29000
38225.11 38300
37526.94 37600
38018.46 38100
38994.82 39000
40597.72 40600
38098.97 38100
37391.31 37400
39886.81 39900
39062.72 39100
4815.99 4900
23744.50 23800
25599.42 25600
27046.82 27100
27786.48 27800
26515.32 26600
28355.30 28400
27994.38 28000
28595.54 28600
28255.21 28300
38140.51 38200
39016.14 39100
39245.11 39300
38656.77 38700
39694.77 39700
38676.60 38700
39222.48 39300
38594.65 38600
38986.27 39000
16773.30 16800
22165.38 22200
25927.49 26000
29438.55 29500
29400.54 29500
29777.93 29800
29296.29 29300
29419.94 29500
30067.85 30100
40659.42 40700
40488.30 40500
39971.81 40000
41242.78 41300
41275.48 41300
41211.71 41300
39459.48 39500
39833.62 39900
39377.67 39400
36502.66 36600
36040.70 36100
38034.11 38100
39199.63 39200
38578.67 38600
41111.25 41200
38538.66 38600
39878.54 39900
39374.40 39400
25360.25 25400
28300.19 28400
29046.80 29100
29908.50 30000
29604.90 29700
28262.21 28300
30061.59 30100
29682.74 29700
28282.52 28300
28137.50 28200
27413.44 27500
28612.29 28700
26794.86 26800
29946.00 30000
39818.65 39900
40749.52 40800
41019.18 41100
40479.20 40500
40728.15 40800
25376.57 25400
27170.57 27200
28477.74 28500
30177.78 30200
27580.05 27600
21179.31 21200
37264.20 37300
39809.45 39900
37585.74 37600
38231.28 38300
27070.35 27100
27992.14 28000
28739.01 28800
28513.02 28600
26738.62 26800
38519.72 38600
37207.35 37300
39564.72 39600
40601.04 40700
16149.89 16200
16750.37 16800
29914.10 30000
30247.04 30300
28753.89 28800
22023.07 22100
39075.15 39100
42470.77 42500
39885.43 39900
39958.14 40000
30300.79 30400
31790.59 31800
37487.45 37500
39984.78 40000
37775.14 37800
22015.21 22100
27898.30 27900
28097.63 28100
28805.84 28900
28919.44 29000
660.55 700
734.06 800
704.73 800
684.41 700
776.73 800
668.08 700
711.11 800
799.94 800
794.10 800
831.28 900
25725.33 25800
27488.62 27500
28215.46 28300
27438.85 27500
26847.24 26900
29003.98 29100
28078.52 28100
27387.82 27400
40030.27 40100
39935.94 40000
41512.28 41600
40357.53 40400
40819.78 40900
38857.44 38900
38614.47 38700
39360.33 39400
18317.59 18400
20434.33 20500
25687.27 25700
25011.53 25100
26654.44 26700
27924.96 28000
28452.44 28500
30144.45 30200
38632.62 38700
37103.88 37200
37607.82 37700
36578.87 36600
37232.74 37300
38559.00 38600
37903.52 38000
38347.34 38400
16004.54 16100
17217.74 17300
24961.91 25000
26644.11 26700
26968.49 27000
28437.03 28500
28956.38 29000
28587.91 28600
32830.41 32900
37134.01 37200
37932.70 38000
36936.04 37000
37694.86 37700
38710.03 38800
40164.27 40200
38122.75 38200
12984.66 13000
22764.66 22800
28350.03 28400
29121.23 29200
29927.29 30000
29067.84 29100
29664.01 29700
29039.33 29100
26575.18 26600
37247.54 37300
38103.86 38200
43274.33 43300
40239.19 40300
40123.53 40200
39641.09 39700
41184.59 41200
32429.62 32500
32482.55 32500
35110.90 35200
38391.95 38400
38611.52 38700
38979.35 39000
38059.38 38100
37786.50 37800
25062.73 25100
26786.93 26800
28747.21 28800
28671.56 28700
28962.06 29000
29240.56 29300
28928.05 29000
28244.89 28300
621.83 700
631.74 700
643.98 700
600.99 700
636.49 700
638.92 700
621.95 700
5953.81 6000
18770.44 18800
20006.63 20100
20728.64 20800
22755.77 22800
22935.84 23000
27126.97 27200
28478.95 28500
28094.50 28100
28211.13 28300
27977.31 28000
28093.83 28100
28273.93 28300
27450.47 27500
30052.29 30100
36193.25 36200
37534.36 37600
38122.58 38200
40128.21 40200
41714.35 41800
38805.38 38900
38795.72 38800
39225.86 39300
39969.17 40000
39164.42 39200
39665.70 39700
39484.26 39500
13076.85 13100
14595.02 14600
22842.21 22900
23472.74 23500
25346.01 25400
26488.43 26500
28822.98 28900
28447.52 28500
28227.63 28300
29402.87 29500
26839.03 26900
28445.30 28500
27999.27 28000
23844.75 23900
24091.04 24100
36281.22 36300
36276.09 36300
39588.35 39600
37599.47 37600
37502.02 37600
37511.25 37600
38105.68 38200
38083.57 38100
37334.99 37400
37706.71 37800
43185.96 43200
5174.25 5200
15162.95 15200
20533.05 20600
21729.69 21800
27991.84 28000
29162.95 29200
28795.79 28800
28797.73 28800
28473.00 28500
28425.39 28500
29504.22 29600
27073.09 27100
28553.74 28600
27110.39 27200
14954.67 15000
14796.57 14800
17652.18 17700
28802.59 28900
32366.82 32400
40348.76 40400
39319.29 39400
39290.73 39300
38791.42 38800
39723.11 39800
37871.50 37900
38448.59 38500
38564.38 38600
21008.61 21100
22866.73 22900
28385.01 28400
29636.53 29700
29596.81 29600
30014.95 30100
27972.30 28000
32908.97 33000
30588.17 30600
27988.71 28000
28710.38 28800
28409.41 28500
28262.30 28300
22244.67 22300
23666.84 23700
25136.59 25200
35132.40 35200
40119.18 40200
42405.89 42500
43573.89 43600
42195.99 42200
40702.77 40800
40012.87 40100
40218.83 40300
40988.22 41000
42541.35 42600
23311.06 23400
32789.28 32800
33754.76 33800
35448.04 35500
39579.48 39600
39252.69 39300
39551.70 39600
38396.58 38400
39469.66 39500
40874.49 40900
37900.34 38000
37990.66 38000
13144.79 13200
15322.36 15400
15801.20 15900
19124.87 19200
20632.79 20700
29871.17 29900
30272.89 30300
28189.11 28200
29070.02 29100
28902.52 29000
30676.16 30700
29155.30 29200
701.37 800
734.09 800
746.04 800
716.03 800
691.19 700
745.87 800
779.39 800
799.02 800
7746.51 7800
12997.11 13000
26806.50 26900
27894.23 27900
26957.69 27000
29318.28 29400
26719.89 26800
27024.79 27100
28342.58 28400
26742.21 26800
27488.17 27500
18303.04 18400
24234.27 24300
30206.97 30300
33760.98 33800
36982.84 37000
39153.17 39200
40472.96 40500
39810.65 39900
39669.45 39700
38943.30 39000
11677.15 11700
26819.04 26900
27477.63 27500
27586.59 27600
27994.97 28000
29209.68 29300
28871.09 28900
27336.56 27400
27457.88 27500
15562.31 15600
29222.64 29300
32895.56 32900
36511.88 36600
38709.34 38800
40362.47 40400
38272.63 38300
38874.84 38900
37496.84 37500
37412.30 37500
10203.95 10300
17812.01 17900
19206.27 19300
28235.03 28300
29048.91 29100
28294.71 28300
27938.91 28000
27640.59 27700
26538.89 26600
27434.95 27500
24390.05 24400
35716.73 35800
36567.19 36600
38423.87 38500
40209.16 40300
38571.64 38600
40677.88 40700
37824.53 37900
37279.44 37300
38193.52 38200
19431.80 19500
26750.65 26800
30084.31 30100
29917.83 30000
29095.31 29100
28197.16 28200
29801.94 29900
28531.40 28600
29259.67 29300
30059.41 30100
11490.74 11500
23851.92 23900
24536.46 24600
40675.62 40700
40726.43 40800
40369.06 40400
42968.37 43000
41728.78 41800
39717.78 39800
40992.96 41000
23051.76 23100
35878.75 35900
31415.06 31500
39481.85 39500
39044.63 39100
37651.75 37700
39214.98 39300
40621.17 40700
37680.52 37700
37781.85 37800
20009.20 20100
24034.75 24100
28904.68 29000
29732.43 29800
30459.47 30500
30207.63 30300
29370.14 29400
28371.37 28400
29618.08 29700
28639.84 28700
751.04 800
794.18 800
667.45 700
701.14 800
745.96 800
677.62 700
752.71 800
673.66 700
842.63 900
717.13 800
829.56 900
704.00 800
712.32 800
795.16 800
909.58 1000
734.64 800
14432.66 14500
19959.05 20000
27513.79 27600
26054.97 26100
27862.03 27900
28238.44 28300
28562.15 28600
28202.52 28300
27969.43 28000
27252.64 27300
33638.49 33700
38133.82 38200
40349.45 40400
38847.28 38900
40565.94 40600
40954.77 41000
40213.44 40300
38846.97 38900
38574.96 38600
39579.42 39600
4869.00 4900
21499.50 21500
22870.36 22900
26275.35 26300
27771.52 27800
28969.54 29000
29270.83 29300
28498.87 28500
27854.41 27900
27011.83 27100
29995.73 30000
22275.28 22300
37715.76 37800
38669.76 38700
38699.14 38700
38807.60 38900
37503.40 37600
38017.12 38100
41172.12 41200
38027.55 38100
38084.07 38100
18625.46 18700
23665.74 23700
26298.18 26300
26981.00 27000
28266.06 28300
28623.45 28700
28115.67 28200
28720.85 28800
28324.79 28400
26882.86 26900
25840.43 25900
32278.35 32300
34632.87 34700
38391.06 38400
40351.41 40400
40509.22 40600
38493.93 38500
38845.71 38900
38065.72 38100
38973.10 39000
9297.63 9300
26457.87 26500
29918.04 30000
30882.14 30900
30875.19 30900
29441.52 29500
30295.86 30300
28167.36 28200
28989.48 29000
28496.75 28500
30105.95 30200
38315.68 38400
41248.05 41300
40269.36 40300
41925.43 42000
40860.82 40900
41893.31 41900
41270.67 41300
40811.42 40900
39910.21 40000
16546.89 16600
29042.16 29100
38798.77 38800
38951.72 39000
38207.24 38300
37868.52 37900
38520.44 38600
38140.58 38200
39527.70 39600
38224.08 38300
12266.63 12300
28126.40 28200
30897.13 30900
29213.43 29300
29727.64 29800
27910.73 28000
30062.19 30100
28665.51 28700
30829.54 30900
28504.03 28600
772.24 800
779.63 800
705.61 800
841.23 900
704.25 800
766.49 800
760.92 800
813.31 900
845.61 900
749.20 800
725.61 800
666.14 700
848.62 900
749.55 800
860.84 900
847.97 900
757.53 800
938.53 1000
22691.53 22700
24990.53 25000
27809.27 27900
29235.46 29300
27457.71 27500
27481.05 27500
27433.90 27500
39496.65 39500
38727.59 38800
39457.34 39500
40301.99 40400
40121.08 40200
3732.24 3800
20862.69 20900
27397.05 27400
28657.81 28700
28416.26 28500
27119.84 27200
30140.86 30200
35981.17 36000
37787.35 37800
38951.90 39000
41041.20 41100
37276.46 37300
39167.71 39200
20767.10 20800
27075.51 27100
28094.87 28100
28350.03 28400
28718.17 28800
28016.93 28100
38387.93 38400
39682.58 39700
39216.23 39300
39508.02 39600
37953.05 38000
39221.26 39300
26017.91 26100
28374.36 28400
29149.01 29200
28362.77 28400
30513.94 30600
29560.22 29600
33904.74 34000
34951.61 35000
39873.51 39900
39906.63 40000
40951.30 41000
42002.78 42100
28902.10 29000
38294.95 38300
39704.23 39800
39062.75 39100
37898.42 37900
38228.73 38300
14998.35 15000
29255.64 29300
28912.87 29000
30113.90 30200
30740.66 30800
29087.90 29100
663.74 700
765.43 800
726.74 800
777.38 800
730.23 800
776.46 800
730.26 800
625.94 700
738.94 800
634.53 700
792.21 800
572.87 600
590.75 600
697.95 700
25905.79 26000
20696.65 20700
26188.71 26200
26762.54 26800
27173.71 27200
28875.81 28900
28538.78 28600
27845.34 27900
28345.99 28400
28570.57 28600
29700.60 29800
27949.78 28000
22517.64 22600
36248.19 36300
36521.55 36600
40430.28 40500
40521.59 40600
39030.45 39100
41501.12 41600
39812.77 39900
39471.52 39500
40506.54 40600
37779.29 37800
38422.07 38500
38686.56 38700
20197.27 20200
25518.99 25600
26273.83 26300
27008.91 27100
25746.35 25800
27021.46 27100
28003.42 28100
29102.20 29200
29284.44 29300
28287.70 28300
28296.60 28300
27403.25 27500
26302.01 26400
29934.55 30000
35954.59 36000
36724.93 36800
37699.48 37700
38468.55 38500
38381.04 38400
38679.44 38700
37894.47 37900
39176.01 39200
38753.34 38800
39098.87 39100
37499.04 37500
15672.92 15700
16838.26 16900
17690.28 17700
18469.36 18500
23136.53 23200
24121.53 24200
24794.86 24800
27423.89 27500
28260.38 28300
27512.46 27600
26739.90 26800
27755.49 27800
27162.62 27200
15798.69 15800
35753.08 35800
37967.90 38000
38241.33 38300
40908.85 41000
38092.65 38100
38488.72 38500
37696.91 37700
39319.46 39400
38053.49 38100
37957.21 38000
38125.60 38200
38051.45 38100
14898.81 14900
21824.29 21900
22936.68 23000
24571.32 24600
27319.45 27400
27179.52 27200
28774.78 28800
29893.42 29900
30162.40 30200
27975.61 28000
27877.60 27900
29892.84 29900
28068.48 28100
29246.64 29300
33844.19 33900
40591.59 40600
40706.72 40800
40656.01 40700
41671.41 41700
40319.56 40400
42009.25 42100
39766.33 39800
40410.27 40500
40920.14 41000
40214.31 40300
39591.78 39600
28264.20 28300
32198.70 32200
32725.59 32800
35059.13 35100
34558.07 34600
37313.05 37400
37259.23 37300
38215.95 38300
38909.60 39000
39337.27 39400
37590.25 37600
37444.84 37500
40355.04 40400
21009.55 21100
27976.16 28000
30484.42 30500
28762.76 28800
27432.50 27500
28061.26 28100
29645.19 29700
29088.51 29100
28881.30 28900
28285.26 28300
30898.14 30900
29093.21 29100
28409.45 28500
872.07 900
925.26 1000
844.06 900
733.01 800
894.56 900
818.87 900
851.58 900
822.62 900
721.69 800
905.81 1000
864.62 900
838.61 900
739.50 800
909.66 1000
792.67 800
798.59 800
843.79 900
849.33 900
799.88 800
840.80 900
838.49 900
847.84 900
770.87 800
933.98 1000
823.23 900
903.37 1000
784.19 800
818.98 900
25185.97 25200
29633.38 29700
27116.25 27200
28776.59 28800
27890.05 27900
29916.04 30000
29033.94 29100
27283.64 27300
28929.50 29000
27025.08 27100
33450.77 33500
33297.80 33300
34336.86 34400
36678.16 36700
36795.64 36800
37661.54 37700
38566.58 38600
39298.75 39300
41324.73 41400
38923.61 39000
26397.77 26400
27417.47 27500
28026.73 28100
27428.60 27500
28314.73 28400
27550.61 27600
28005.72 28100
31032.83 31100
28012.53 28100
27231.85 27300
24345.87 24400
29758.88 29800
35346.44 35400
37354.18 37400
39428.70 39500
38467.74 38500
38244.15 38300
38416.12 38500
36444.71 36500
38783.41 38800
27798.21 27800
28285.45 28300
27963.72 28000
28426.02 28500
28577.53 28600
27483.65 27500
28342.36 28400
27026.65 27100
28599.77 28600
30954.82 31000
35962.31 36000
37299.77 37300
37071.77 37100
38005.80 38100
36245.21 36300
37448.78 37500
38034.10 38100
40193.97 40200
37691.51 37700
16720.36 16800
27329.12 27400
30114.41 30200
28868.21 28900
28680.12 28700
29447.26 29500
29159.11 29200
29469.24 29500
29477.77 29500
29517.10 29600
22022.06 22100
30218.49 30300
34559.85 34600
38898.78 38900
39577.27 39600
41522.56 41600
42366.25 42400
42747.02 42800
42718.10 42800
39793.53 39800
28630.42 28700
37814.67 37900
39166.87 39200
38932.06 39000
40060.33 40100
38544.45 38600
39023.69 39100
38266.42 38300
38076.88 38100
37948.70 38000
14392.70 14400
17660.32 17700
22607.64 22700
23742.55 23800
28049.32 28100
29287.24 29300
29849.34 29900
31022.30 31100
29898.52 29900
27951.37 28000
8752.62 8800
28922.39 29000
27648.10 27700
26199.26 26200
26159.89 26200
26932.37 27000
26868.90 26900
26764.86 26800
27454.46 27500
25016.92 25100
32686.12 32700
34269.17 34300
38018.94 38100
39595.91 39600
39292.08 39300
39869.47 39900
40434.40 40500
38344.76 38400
38166.95 38200
11849.24 11900
24430.48 24500
27969.01 28000
29594.80 29600
28589.47 28600
27614.07 27700
27173.63 27200
27929.25 28000
26720.21 26800
27085.06 27100
33773.48 33800
36481.85 36500
36928.34 37000
38207.85 38300
39231.08 39300
39324.94 39400
38612.29 38700
37993.50 38000
37136.57 37200
37595.24 37600
14056.11 14100
28618.19 28700
28872.82 28900
27713.82 27800
28388.73 28400
28653.33 28700
27888.33 27900
29510.04 29600
27873.60 27900
27601.96 27700
23050.35 23100
26736.26 26800
34474.23 34500
38479.36 38500
38786.74 38800
39448.09 39500
40170.06 40200
39879.46 39900
40340.66 40400
38122.92 38200
16495.54 16500
28604.45 28700
28358.89 28400
28576.79 28600
30828.79 30900
29164.86 29200
28495.84 28500
28765.75 28800
28397.05 28400
28454.57 28500
26678.17 26700
32593.30 32600
35261.18 35300
40178.67 40200
42326.79 42400
40959.80 41000
40901.17 41000
42882.00 42900
41957.77 42000
40171.72 40200
20024.84 20100
37507.64 37600
37907.63 38000
39228.28 39300
38168.91 38200
41003.45 41100
38127.94 38200
40931.59 41000
37279.44 37300
38310.95 38400
4800.57 4900
25738.03 25800
28466.30 28500
29154.04 29200
29637.46 29700
31812.31 31900
30149.82 30200
29381.14 29400
30237.29 30300
28423.56 28500
29922.84 30000
712.75 800
756.40 800
675.08 700
746.01 800
718.93 800
796.60 800
747.46 800
776.64 800
897.09 900
714.38 800
781.81 800
906.56 1000
761.36 800
788.40 800
5573.80 5600
24483.53 24500
26659.96 26700
26466.33 26500
26968.96 27000
27622.78 27700
27495.72 27500
27825.79 27900
25651.70 25700
28812.36 28900
30095.01 30100
28919.38 29000
27287.93 27300
20650.31 20700
38665.17 38700
39293.32 39300
41058.79 41100
40245.51 40300
41472.66 41500
39866.15 39900
39849.16 39900
38098.87 38100
39717.93 39800
40061.95 40100
39304.97 39400
20201.47 20300
21626.69 21700
26111.34 26200
25684.58 25700
28091.88 28100
28779.59 28800
27901.26 28000
27886.92 27900
27649.00 27700
29359.97 29400
26889.00 26900
27146.13 27200
33865.18 33900
36875.12 36900
38385.90 38400
37616.34 37700
38444.78 38500
39222.54 39300
39175.62 39200
37338.94 37400
37761.10 37800
39292.00 39300
38494.23 38500
37790.08 37800
23689.83 23700
23397.75 23400
23685.78 23700
27951.29 28000
27662.84 27700
27948.07 28000
28317.16 28400
27207.91 27300
28427.95 28500
28522.74 28600
27467.79 27500
29238.12 29300
30654.17 30700
38897.39 38900
37979.77 38000
38774.27 38800
38423.79 38500
37122.60 37200
39083.50 39100
40130.81 40200
39146.84 39200
38300.68 38400
39718.14 39800
38632.57 38700
20907.82 21000
22622.46 22700
25252.25 25300
28174.25 28200
28650.38 28700
28955.77 29000
29109.74 29200
28863.90 28900
29912.96 30000
28168.15 28200
30451.98 30500
29808.94 29900
35793.13 35800
35479.37 35500
41462.05 41500
40846.44 40900
40400.15 40500
41008.20 41100
39879.69 39900
39850.77 39900
41041.36 41100
40273.65 40300
40715.53 40800
42485.58 42500
13714.42 13800
30410.88 30500
33933.34 34000
37138.61 37200
38165.59 38200
37625.92 37700
38967.10 39000
38092.14 38100
38940.42 39000
37603.71 37700
39645.95 39700
38537.72 38600
16950.13 17000
28186.73 28200
29953.25 30000
28974.35 29000
29186.12 29200
30137.24 30200
29169.50 29200
29607.03 29700
28312.28 28400
28737.05 28800
28113.36 28200
28270.38 28300
588.71 600
527.86 600
542.86 600
590.65 600
545.06 600
626.30 700
576.15 600
16040.19 16100
17906.23 18000
26848.76 26900
27094.36 27100
28979.46 29000
29081.07 29100
27098.33 27100
39957.05 40000
41697.52 41700
38123.63 38200
39510.40 39600
39154.90 39200
40947.69 41000
38905.07 39000
10437.30 10500
16907.60 17000
18797.62 18800
25870.86 25900
29156.53 29200
29096.90 29100
29223.17 29300
36541.99 36600
39601.98 39700
38920.66 39000
38733.85 38800
37369.79 37400
37859.68 37900
37995.48 38000
7966.47 8000
13391.68 13400
15026.69 15100
18373.14 18400
29876.38 29900
27811.84 27900
27147.38 27200
30310.18 30400
19945.33 20000
37110.08 37200
39847.79 39900
39744.61 39800
37479.74 37500
37928.31 38000
38006.35 38100
10934.92 11000
28064.85 28100
27787.40 27800
29794.22 29800
29360.98 29400
28885.20 28900
28364.97 28400
25728.13 25800
38761.78 38800
40696.95 40700
41263.10 41300
40568.16 40600
40897.66 40900
39842.26 39900
24037.31 24100
35772.64 35800
37695.64 37700
37863.44 37900
38512.00 38600
38586.36 38600
37729.87 37800
26836.85 26900
30337.00 30400
28358.55 28400
29373.31 29400
29245.82 29300
28470.69 28500
31154.26 31200
839.64 900
857.13 900
829.23 900
846.77 900
828.15 900
765.78 800
788.70 800
862.44 900
729.96 800
888.24 900
806.16 900
565.11 600
879.42 900
24319.03 24400
25123.08 25200
27991.30 28000
27702.96 27800
27974.73 28000
27244.65 27300
26892.79 26900
28319.64 28400
26608.75 26700
27878.69 27900
27782.24 27800
32169.24 32200
31456.42 31500
37733.53 37800
37213.97 37300
39499.42 39500
39648.06 39700
40368.61 40400
39514.31 39600
39698.19 39700
40127.55 40200
8788.23 8800
20447.85 20500
22851.20 22900
26987.92 27000
27900.57 28000
29342.34 29400
29238.05 29300
28312.19 28400
27373.06 27400
29996.29 30000
27383.07 27400
35149.51 35200
36835.80 36900
38153.25 38200
37287.80 37300
40578.57 40600
38600.81 38700
40701.58 40800
37191.99 37200
37033.89 37100
37534.93 37600
40512.58 40600
9853.99 9900
18750.96 18800
28412.15 28500
27559.36 27600
27975.47 28000
29300.12 29400
28977.82 29000
29497.40 29500
28170.80 28200
27379.28 27400
28166.94 28200
35387.38 35400
38418.23 38500
38400.70 38500
37944.09 38000
38428.04 38500
39798.42 39800
39796.33 39800
39131.86 39200
40070.27 40100
37530.56 37600
38173.22 38200
16805.81 16900
24839.25 24900
28584.34 28600
29169.62 29200
29578.31 29600
28501.28 28600
28431.73 28500
30552.69 30600
29856.36 29900
28904.28 29000
30392.67 30400
35887.30 35900
39012.57 39100
41107.76 41200
42367.68 42400
41801.45 41900
41504.97 41600
40991.25 41000
39278.31 39300
41310.73 41400
41302.60 41400
40498.79 40500
32774.19 32800
37124.42 37200
36570.54 36600
38010.77 38100
37114.04 37200
39102.22 39200
40172.94 40200
38731.83 38800
40372.42 40400
38511.14 38600
38940.38 39000
21445.29 21500
22261.52 22300
29414.25 29500
30148.16 30200
29873.84 29900
29369.75 29400
29372.32 29400
29091.61 29100
29882.83 29900
29042.22 29100
28441.39 28500
661.01 700
707.15 800
855.34 900
758.85 800
790.17 800
782.26 800
785.68 800
745.82 800
720.52 800
886.32 900
836.86 900
820.93 900
722.65 800
900.10 1000
28716.75 28800
27545.40 27600
27811.11 27900
28062.14 28100
28151.19 28200
27025.09 27100
27834.97 27900
20026.43 20100
23883.55 23900
24866.25 24900
35092.42 35100
35292.65 35300
37761.61 37800
39664.00 39700
27933.41 28000
27553.68 27600
28093.35 28100
28114.19 28200
27331.25 27400
27448.22 27500
27579.64 27600
13921.76 14000
18523.92 18600
33735.31 33800
35858.97 35900
37806.95 37900
38160.43 38200
38311.59 38400
27770.77 27800
28142.26 28200
29456.81 29500
26648.88 26700
27771.06 27800
28073.20 28100
26783.56 26800
15903.40 16000
28678.09 28700
30179.38 30200
32901.23 33000
34373.99 34400
35489.98 35500
38407.27 38500
29616.83 29700
28577.05 28600
28796.29 28800
27900.22 28000
29282.63 29300
28579.54 28600
28904.15 29000
16078.32 16100
34991.49 35000
39229.40 39300
39726.64 39800
39901.73 40000
39460.98 39500
39906.26 40000
37721.61 37800
38556.82 38600
38966.79 39000
38919.54 39000
39018.19 39100
39016.30 39100
37605.12 37700
18061.92 18100
20942.53 21000
21268.40 21300
25517.03 25600
26459.15 26500
26360.10 26400
28385.69 28400
27847.55 27900
27536.63 27600
29987.51 30000
37662.19 37700
38815.46 38900
37669.67 37700
38615.91 38700
27124.84 27200
29453.41 29500
27032.87 27100
28639.95 28700
29282.74 29300
29598.25 29600
38881.14 38900
38751.70 38800
28692.46 28700
29399.35 29400
26895.93 26900
18988.88 19000
36451.90 36500
38733.65 38800
37885.01 37900
11403.26 11500
29891.47 29900
28846.58 28900
28259.42 28300
30013.05 30100
32493.27 32500
39483.05 39500
40563.98 40600
38145.32 38200
39093.86 39100
37916.83 38000
41014.33 41100
14456.61 14500
16281.11 16300
21246.04 21300
29738.65 29800
21996.42 22000
27067.66 27100
26939.56 27000
28516.58 28600
29222.21 29300
26949.11 27000
27060.25 27100
27947.31 28000
35307.66 35400
35522.62 35600
40397.04 40400
39581.17 39600
39334.96 39400
38571.64 38600
15966.33 16000
28146.24 28200
30267.64 30300
28054.89 28100
29465.84 29500
27914.64 28000
17583.88 17600
36816.11 36900
37181.15 37200
37274.82 37300
38453.06 38500
37668.05 37700
37405.43 37500
12772.79 12800
21154.88 21200
26996.81 27000
27478.28 27500
28043.60 28100
27924.71 28000
26503.76 26600
35850.21 35900
38236.79 38300
39426.81 39500
39973.26 40000
39023.81 39100
37836.94 37900
38138.26 38200
13326.85 13400
18190.15 18200
24288.61 24300
29049.90 29100
30347.05 30400
29772.69 29800
29005.38 29100
36128.14 36200
39845.02 39900
40561.96 40600
41562.41 41600
39730.86 39800
39923.29 40000
39852.96 39900
12829.70 12900
25798.49 25800
40069.27 40100
39415.91 39500
38799.48 38800
39709.84 39800
38648.08 38700
20903.34 21000
28028.78 28100
28364.48 28400
28481.81 28500
29551.05 29600
28335.60 28400
28176.68 28200
544.21 600
576.02 600
538.02 600
670.86 700
536.72 600
849.76 900
587.17 600
539.86 600
835.67 900
606.09 700
832.76 900
20927.59 21000
24745.32 24800
24057.31 24100
27426.39 27500
28337.72 28400
27687.62 27700
27404.00 27500
26568.33 26600
28838.61 28900
28253.84 28300
26448.70 26500
30386.38 30400
37567.31 37600
38431.97 38500
37475.92 37500
39760.68 39800
39524.46 39600
41887.01 41900
39126.35 39200
39196.14 39200
39848.70 39900
41059.38 41100
12648.01 12700
15121.09 15200
19254.36 19300
25273.80 25300
28873.53 28900
28871.32 28900
29354.44 29400
28768.67 28800
28578.91 28600
27881.94 27900
27069.77 27100
27220.11 27300
29073.04 29100
30318.94 30400
33115.82 33200
39298.64 39300
39299.58 39300
39209.06 39300
37566.26 37600
37340.09 37400
37249.31 37300
37636.85 37700
13992.87 14000
23730.80 23800
24284.36 24300
22264.86 22300
27065.25 27100
26493.20 26500
27028.55 27100
28175.44 28200
26976.81 27000
27740.63 27800
27402.22 27500
18427.50 18500
34270.26 34300
36816.66 36900
39196.57 39200
38047.43 38100
38866.26 38900
38986.01 39000
38997.66 39000
40281.54 40300
38748.24 38800
37914.12 38000
17982.36 18000
18705.71 18800
20881.79 20900
27035.48 27100
28142.83 28200
30040.52 30100
28768.49 28800
31337.83 31400
29120.83 29200
27989.91 28000
29504.69 29600
11908.23 12000
36131.06 36200
38524.34 38600
41387.41 41400
39441.03 39500
39145.61 39200
41220.86 41300
40683.02 40700
39455.27 39500
39929.93 40000
40034.62 40100
30503.44 30600
37829.23 37900
39019.54 39100
39698.97 39700
39823.66 39900
40438.92 40500
38714.70 38800
38526.58 38600
37882.16 37900
38682.25 38700
37728.56 37800
12766.30 12800
29087.50 29100
30029.63 30100
29457.06 29500
30186.85 30200
29911.52 30000
29876.76 29900
31146.30 31200
28358.34 28400
29986.53 30000
28968.30 29000
22630.10 22700
23554.92 23600
24896.26 24900
25251.12 25300
28021.64 28100
28348.11 28400
28471.38 28500
27158.20 27200
27451.68 27500
30716.68 30800
32465.57 32500
38001.93 38100
39419.71 39500
39802.98 39900
39088.95 39100
39669.53 39700
40108.76 40200
38534.69 38600
13993.97 14000
16060.37 16100
22956.99 23000
27308.16 27400
27712.29 27800
27315.41 27400
27705.70 27800
27459.29 27500
27573.21 27600
38977.09 39000
39918.57 40000
39156.11 39200
38336.07 38400
39089.96 39100
36909.35 37000
37351.31 37400
38084.48 38100
39784.88 39800
11964.16 12000
14120.04 14200
25500.87 25600
26724.67 26800
27427.34 27500
28803.27 28900
29157.29 29200
27346.78 27400
28393.87 28400
38063.51 38100
38235.58 38300
38147.15 38200
39314.60 39400
38837.22 38900
38608.74 38700
37345.50 37400
39047.64 39100
37919.73 38000
6140.77 6200
18594.41 18600
25051.07 25100
27345.60 27400
28897.08 28900
31239.20 31300
28871.21 28900
30223.04 30300
30570.03 30600
30076.26 30100
36921.38 37000
38899.14 38900
38654.33 38700
41325.56 41400
41675.20 41700
41152.65 41200
41966.28 42000
39732.52 39800
39751.44 39800
39000.77 39100
39167.34 39200
39191.43 39200
38477.99 38500
38571.85 38600
40083.39 40100
37978.71 38000
40618.92 40700
41433.61 41500
27423.71 27500
28385.66 28400
28116.68 28200
28703.01 28800
30367.79 30400
30692.82 30700
29341.14 29400
29543.47 29600
29125.14 29200
11003.22 11100
15725.50 15800
17161.55 17200
21185.50 21200
21953.58 22000
27396.23 27400
27485.44 27500
27753.44 27800
27849.41 27900
26266.80 26300
27369.27 27400
27943.96 28000
26837.36 26900
25773.58 25800
32914.96 33000
33312.64 33400
37629.11 37700
38569.27 38600
40071.58 40100
38371.72 38400
39060.26 39100
38368.05 38400
39044.72 39100
40229.49 40300
38882.76 38900
39779.30 39800
19512.19 19600
22581.67 22600
23925.80 24000
24222.29 24300
26725.66 26800
25816.87 25900
29293.79 29300
28583.76 28600
27737.91 27800
28960.05 29000
29293.87 29300
28185.11 28200
27309.44 27400
30413.75 30500
35291.37 35300
37962.19 38000
38207.36 38300
37599.47 37600
37147.43 37200
38227.41 38300
38621.25 38700
37057.16 37100
38195.88 38200
38359.72 38400
38343.59 38400
11909.57 12000
14854.44 14900
14493.91 14500
25489.97 25500
28207.40 28300
28466.40 28500
28751.48 28800
30595.28 30600
28161.74 28200
28538.41 28600
27597.67 27600
27091.08 27100
27327.00 27400
31059.50 31100
35670.09 35700
37698.46 37700
38224.63 38300
38828.55 38900
40748.67 40800
38061.26 38100
39103.29 39200
38479.46 38500
38394.58 38400
37918.92 38000
37608.71 37700
38019.55 38100
18546.10 18600
23066.55 23100
23208.20 23300
28618.42 28700
30810.72 30900
29106.40 29200
30794.25 30800
28588.81 28600
29338.77 29400
28118.34 28200
31093.46 31100
29746.07 29800
29414.60 29500
20775.01 20800
25713.20 25800
39465.77 39500
40551.81 40600
40889.48 40900
41617.75 41700
40377.85 40400
41599.11 41600
42675.79 42700
39634.67 39700
41826.89 41900
40409.39 40500
40226.77 40300
11895.18 11900
31101.79 31200
37723.44 37800
37465.86 37500
37492.98 37500
39187.78 39200
40035.68 40100
39793.21 39800
38440.77 38500
38384.91 38400
37303.64 37400
37513.71 37600
39626.02 39700
5884.49 5900
26699.70 26700
26765.41 26800
29333.46 29400
29331.36 29400
29329.70 29400
30492.75 30500
29799.72 29800
30097.20 30100
28498.80 28500
28184.02 28200
28805.44 28900
30834.82 30900
29910.02 30000
561.47 600
642.83 700
527.48 600
583.62 600
563.61 600
543.05 600
567.73 600
582.14 600
831.92 900
905.84 1000
506.62 600
828.30 900
636.21 700
613.51 700
919.41 1000
596.64 600
828.63 900
11178.79 11200
26783.99 26800
27955.34 28000
28468.90 28500
29766.45 29800
39814.27 39900
40653.96 40700
38592.70 38600
19774.36 19800
27259.64 27300
30592.29 30600
27321.62 27400
36902.59 37000
38820.38 38900
36431.42 36500
38563.70 38600
27964.07 28000
26799.52 26800
29191.49 29200
29662.48 29700
36667.26 36700
39214.17 39300
39874.00 39900
38341.46 38400
29861.06 29900
31015.95 31100
29181.08 29200
30263.83 30300
35197.92 35200
40838.42 40900
41194.96 41200
41738.65 41800
38623.94 38700
38714.05 38800
40784.84 40800
38388.27 38400
24468.49 24500
27838.90 27900
29365.29 29400
30679.54 30700
12949.39 13000
24924.28 25000
25434.89 25500
26882.00 26900
27808.26 27900
28324.64 28400
28355.93 28400
37500.56 37600
39240.78 39300
40837.64 40900
37758.18 37800
39772.12 39800
38651.71 38700
39709.17 39800
37842.55 37900
20556.67 20600
25984.26 26000
27985.24 28000
26916.69 27000
28660.30 28700
27791.25 27800
28462.90 28500
28282.90 28300
37363.35 37400
36179.52 36200
38206.07 38300
37534.53 37600
39169.01 39200
38384.17 38400
37214.78 37300
38648.47 38700
17447.45 17500
25621.97 25700
27909.87 28000
27835.77 27900
29275.28 29300
27255.46 27300
28205.55 28300
29426.77 29500
30713.47 30800
38060.19 38100
39912.35 40000
37742.43 37800
39704.58 39800
38972.32 39000
39076.43 39100
38189.33 38200
15146.51 15200
20424.78 20500
30046.60 30100
27808.75 27900
29741.63 29800
29924.38 30000
30495.07 30500
30452.19 30500
36225.91 36300
37132.84 37200
39245.63 39300
40370.27 40400
42275.39 42300
39401.24 39500
43912.32 44000
40183.53 40200
21241.25 21300
38771.22 38800
37565.91 37600
38428.80 38500
39972.43 40000
38300.41 38400
37867.67 37900
38923.44 39000
21838.10 21900
25300.63 25400
28432.81 28500
31219.84 31300
30550.85 30600
28977.95 29000
29148.01 29200
28552.29 28600
912.46 1000
749.55 800
722.91 800
807.40 900
849.21 900
801.67 900
822.69 900
835.62 900
974.27 1000
9516.84 9600
20033.04 20100
21688.61 21700
26691.80 26700
26569.16 26600
27210.76 27300
28451.66 28500
28252.76 28300
27220.75 27300
27613.37 27700
30202.16 30300
29955.90 30000
34750.79 34800
39698.45 39700
39355.93 39400
39690.65 39700
38896.63 38900
38134.50 38200
38460.36 38500
39566.35 39600
5787.01 5800
25476.12 25500
25446.89 25500
27725.93 27800
27679.42 27700
28824.71 28900
27025.85 27100
28149.56 28200
27737.61 27800
29647.33 29700
27849.63 27900
28700.80 28800
29952.14 30000
34967.48 35000
35247.24 35300
39047.97 39100
38427.97 38500
38491.66 38500
39162.68 39200
38182.72 38200
38808.72 38900
14191.82 14200
22078.01 22100
27297.70 27300
27966.82 28000
27145.38 27200
29114.13 29200
26862.02 26900
27483.77 27500
27038.75 27100
27379.85 27400
21673.42 21700
36023.53 36100
37640.75 37700
38123.89 38200
39932.95 40000
39138.53 39200
39936.77 40000
38453.44 38500
38156.74 38200
39609.33 39700
14484.00 14500
15174.03 15200
24633.88 24700
25768.03 25800
28724.46 28800
29723.78 29800
28795.35 28800
29736.91 29800
29519.96 29600
28725.76 28800
16644.15 16700
30162.22 30200
32935.43 33000
42430.53 42500
40384.55 40400
39360.40 39400
41425.74 41500
40539.20 40600
40575.81 40600
40168.48 40200
19439.76 19500
24428.76 24500
35334.49 35400
36241.35 36300
39100.49 39200
39294.69 39300
39342.15 39400
37261.75 37300
37805.52 37900
37967.65 38000
18370.61 18400
24419.88 24500
25834.47 25900
30461.97 30500
29768.30 29800
28491.34 28500
29809.25 29900
29213.48 29300
28618.96 28700
28694.93 28700
909.12 1000
792.10 800
794.07 800
819.45 900
685.28 700
583.34 600
808.72 900
607.21 700
878.53 900
558.18 600
499.75 500
892.10 900
615.25 700
866.56 900
681.63 700
973.57 1000
561.46 600
12718.01 12800
23174.48 23200
25348.90 25400
27981.16 28000
28479.31 28500
27996.81 28000
28100.30 28200
28410.31 28500
35415.19 35500
37136.70 37200
39122.27 39200
39368.71 39400
39513.61 39600
41712.13 41800
38652.84 38700
37683.29 37700
39800.13 39900
38623.88 38700
12718.98 12800
21167.03 21200
23690.20 23700
29309.72 29400
27324.73 27400
28442.86 28500
30143.65 30200
27800.66 27900
28761.68 28800
27696.59 27700
33236.59 33300
35424.41 35500
37258.39 37300
37881.32 37900
38502.45 38600
40176.01 40200
38333.02 38400
37474.12 37500
37639.03 37700
37850.98 37900
9381.76 9400
27548.48 27600
28676.06 28700
28288.11 28300
30344.40 30400
29306.54 29400
27637.97 27700
28167.39 28200
28363.79 28400
27125.61 27200
33925.46 34000
35288.80 35300
36275.53 36300
36878.10 36900
40014.69 40100
39464.23 39500
39730.09 39800
39414.51 39500
38138.26 38200
37900.21 38000
10745.39 10800
29428.66 29500
29062.34 29100
28687.80 28700
29844.52 29900
28472.79 28500
28931.19 29000
29585.40 29600
29106.86 29200
30962.95 31000
30419.66 30500
34724.59 34800
35977.22 36000
36704.99 36800
39145.46 39200
39028.72 39100
41780.51 41800
42103.22 42200
41910.16 42000
39473.01 39500
35108.01 35200
38091.47 38100
37178.39 37200
38956.96 39000
37545.98 37600
38257.18 38300
39330.76 39400
38049.14 38100
37822.00 37900
38335.26 38400
23279.69 23300
24810.62 24900
24660.03 24700
26729.96 26800
26741.41 26800
28620.46 28700
29670.73 29700
30449.52 30500
29226.92 29300
28880.11 28900
726.33 800
798.13 800
872.16 900
1041.87 1100
788.95 800
12872.58 12900
22947.05 23000
38049.51 38100
39571.56 39600
14201.52 14300
27984.89 28000
39142.93 39200
37532.64 37600
12859.52 12900
24491.19 24500
37606.49 37700
38708.13 38800
25165.41 25200
26459.43 26500
39934.28 40000
40277.67 40300
35874.90 35900
38783.46 38800
29703.28 29800
29250.12 29300
