28054.94 28100
35418.86 35500
1610.94 1700
1152.40 1200
30937.57 31000
33947.56 34000
38721.75 38800
40467.08 40500
2287.07 2300
2778.70 2800
1460.00 1500
1776.28 1800
28398.03 28400
31363.56 31400
36214.50 36300
38374.10 38400
1588.74 1600
2255.04 2300
1529.36 1600
1141.43 1200
33146.23 33200
41504.78 41600
2549.87 2600
26982.73 27000
31353.22 31400
31875.31 31900
35810.75 35900
39128.80 39200
38710.32 38800
2233.72 2300
1615.70 1700
2267.48 2300
1076.58 1100
1580.35 1600
1505.30 1600
31867.69 31900
33599.95 33600
40872.54 40900
41559.25 41600
2626.43 2700
2766.65 2800
767.32 800
31385.56 31400
39658.21 39700
2261.47 2300
34090.37 34100
40889.09 40900
2818.96 2900
27979.98 28000
28561.21 28600
32183.42 32200
32179.26 32200
35664.48 35700
36553.61 36600
39104.38 39200
39633.40 39700
2417.09 2500
1685.49 1700
1593.56 1600
2401.30 2500
1415.06 1500
1149.79 1200
1108.35 1200
32078.88 32100
33838.16 33900
39001.61 39100
41176.55 41200
2922.21 3000
2235.18 2300
1514.51 1600
33031.89 33100
32517.05 32600
33486.80 33500
40049.99 40100
40773.57 40800
40529.11 40600
2609.49 2700
2343.49 2400
2865.36 2900
1775.79 1800
30700.90 30800
31960.33 32000
31884.52 31900
33340.23 33400
33513.94 33600
39014.85 39100
38663.02 38700
40840.19 40900
40005.93 40100
40793.92 40800
2098.63 2100
2531.17 2600
2823.62 2900
2251.93 2300
2390.20 2400
1460.69 1500
1539.24 1600
27391.10 27400
27417.62 27500
33373.97 33400
33624.51 33700
34787.98 34800
35736.01 35800
40992.75 41000
41630.28 41700
2708.02 2800
2812.82 2900
1628.22 1700
1876.38 1900
1149.33 1200
1730.68 1800
27919.75 28000
30568.05 30600
33665.30 33700
36176.45 36200
38684.97 38700
40907.97 41000
2704.76 2800
2310.67 2400
2036.95 2100
1716.71 1800
1436.56 1500
31170.67 31200
32942.48 33000
32924.99 33000
38653.73 38700
40497.68 40500
40923.89 41000
2762.00 2800
2602.93 2700
2182.58 2200
1427.39 1500
29496.87 29500
31314.02 31400
33820.73 33900
36581.97 36600
38522.87 38600
41084.18 41100
1598.08 1600
2942.49 3000
2261.69 2300
1415.74 1500
1180.59 1200
1768.50 1800
27273.78 27300
31107.39 31200
31682.01 31700
34008.84 34100
35326.42 35400
39116.02 39200
39383.55 39400
41363.13 41400
2448.94 2500
3112.35 3200
2284.84 2300
1537.15 1600
1211.36 1300
1509.00 1600
1681.01 1700
30464.09 30500
31019.01 31100
32018.14 32100
32531.74 32600
32966.47 33000
39476.40 39500
39327.68 39400
40739.70 40800
39627.07 39700
40977.34 41000
2391.06 2400
2586.16 2600
2800.06 2900
2477.93 2500
2596.76 2600
1508.35 1600
1404.36 1500
1821.56 1900
27375.95 27400
33191.67 33200
36150.00 36200
40988.62 41000
2543.48 2600
1627.54 1700
1075.14 1100
26022.73 26100
31547.17 31600
34052.72 34100
34072.35 34100
39278.29 39300
40640.19 40700
2285.03 2300
2868.72 2900
1648.82 1700
1365.73 1400
1731.81 1800
31456.32 31500
32248.04 32300
33255.10 33300
38268.74 38300
39299.56 39300
40560.19 40600
2697.42 2700
2363.47 2400
2375.44 2400
1474.64 1500
1572.30 1600
1595.86 1600
31062.31 31100
31806.26 31900
33166.55 33200
33359.68 33400
40265.22 40300
39239.16 39300
39398.55 39400
40860.39 40900
2295.55 2300
2309.08 2400
2964.67 3000
2802.22 2900
1699.03 1700
1780.57 1800
31782.52 31800
39494.40 39500
2144.43 2200
26925.67 27000
27056.57 27100
28386.69 28400
34989.13 35000
35879.34 35900
35954.51 36000
1546.78 1600
1643.83 1700
1956.00 2000
1101.86 1200
1669.45 1700
1099.64 1100
27439.94 27500
27647.81 27700
34697.71 34700
36940.15 37000
1820.19 1900
1526.97 1600
1117.13 1200
1455.00 1500
32114.79 32200
31986.20 32000
32478.24 32500
32662.95 32700
39486.58 39500
39470.53 39500
39482.02 39500
41368.85 41400
2745.42 2800
2076.13 2100
2365.71 2400
2647.08 2700
1443.69 1500
31676.21 31700
31973.15 32000
31417.40 31500
33855.97 33900
38953.53 39000
40197.15 40200
39598.69 39600
39699.90 39700
2206.86 2300
2177.09 2200
2250.27 2300
2779.78 2800
1701.07 1800
1560.32 1600
27332.93 27400
33515.60 33600
34940.25 35000
40827.80 40900
2622.92 2700
1555.37 1600
1034.29 1100
31425.35 31500
40270.69 40300
2430.32 2500
31530.01 31600
31907.33 32000
33321.20 33400
39396.77 39400
39810.80 39900
41227.53 41300
2781.14 2800
2321.01 2400
2582.11 2600
1495.69 1500
34089.11 34100
41346.13 41400
2785.71 2800
27629.33 27700
30894.01 30900
33121.05 33200
33627.84 33700
34134.63 34200
35610.66 35700
40279.03 40300
40641.46 40700
39590.74 39600
42791.56 42800
2201.49 2300
3021.20 3100
2623.17 2700
1411.52 1500
2865.56 2900
1059.01 1100
1665.70 1700
29137.61 29200
33451.53 33500
33616.76 33700
35994.62 36000
40471.97 40500
41080.73 41100
2904.08 3000
2570.11 2600
1660.28 1700
1156.25 1200
1712.35 1800
26491.78 26500
28490.45 28500
31273.02 31300
32084.41 32100
31899.29 31900
34433.20 34500
35279.92 35300
38625.27 38700
39239.50 39300
38873.75 38900
2266.23 2300
1515.61 1600
1485.82 1500
2421.82 2500
2537.98 2600
1489.55 1500
1200.88 1300
1527.54 1600
1150.78 1200
1480.65 1500
31625.33 31700
31590.72 31600
33072.31 33100
33772.85 33800
39574.51 39600
39005.68 39100
39906.61 40000
42528.42 42600
2214.90 2300
3261.95 3300
2383.94 2400
2575.94 2600
1503.62 1600
1397.89 1400
28494.52 28500
35995.95 36000
1940.95 2000
1734.08 1800
