33121.16 33200
38503.76 38600
39404.27 39500
34162.54 34200
37810.44 37900
36975.69 37000
41420.34 41500
38677.98 38700
1.19 100
1.57 100
1.34 100
37426.23 37500
39995.47 40000
40704.31 40800
37444.24 37500
37912.56 38000
38801.27 38900
2127.85 2200
3855.35 3900
2133.71 2200
2.85 100
2.45 100
2.66 100
2.67 100
2.47 100
2.60 100
2.41 100
2.53 100
2.44 100
2.68 100
2.55 100
2.89 100
2.55 100
2.47 100
2.61 100
2.50 100
2.52 100
2.51 100
2.67 100
2.50 100
2.55 100
2.55 100
2.83 100
2.56 100
2.75 100
2.53 100
2.50 100
19.62 100
2.68 100
3.08 100
2.59 100
3.07 100
2.91 100
2.60 100
2.63 100
2.60 100
2.61 100
2.76 100
2.83 100
2.56 100
3.09 100
3.07 100
1535.85 1600
1851.93 1900
38946.26 39000
40003.10 40100
35229.26 35300
39766.08 39800
35872.69 35900
39035.33 39100
34705.19 34800
37880.61 37900
36938.30 37000
35771.96 35800
40974.21 41000
41180.60 41200
2.57 100
2.98 100
3.12 100
6.17 100
10.58 100
2.41 100
2.68 100
39636.44 39700
37554.08 37600
38185.82 38200
39802.53 39900
38724.66 38800
40751.44 40800
38562.60 38600
42094.44 42100
39298.89 39300
1344.58 1400
609.38 700
3121.81 3200
285.23 300
2752.00 2800
3155.33 3200
337.18 400
1771.91 1800
1482.91 1500
2.65 100
208.34 300
1566.31 1600
39396.79 39400
37455.96 37500
34167.41 34200
39310.90 39400
34876.39 34900
34023.02 34100
35367.96 35400
37726.71 37800
35652.23 35700
40232.32 40300
41385.45 41400
35887.71 35900
3.12 100
38768.53 38800
36676.71 36700
39355.51 39400
41382.90 41400
42396.47 42400
42009.62 42100
38260.82 38300
43589.24 43600
40279.78 40300
2883.85 2900
402.47 500
3164.10 3200
2988.76 3000
704.41 800
2252.30 2300
3848.28 3900
781.49 800
123.72 200
669.80 700
1153.40 1200
795.11 800
190.44 200
75.45 100
39316.29 39400
37452.46 37500
39221.78 39300
35101.86 35200
34678.54 34700
35032.65 35100
34663.09 34700
38582.69 38600
37783.62 37800
35622.07 35700
16.35 100
37446.86 37500
41786.45 41800
37055.95 37100
40925.00 41000
42821.02 42900
39829.96 39900
40924.51 41000
42119.24 42200
2070.52 2100
160.54 200
660.76 700
2.64 100
1987.31 2000
996.68 1000
1943.38 2000
1583.62 1600
782.24 800
645.74 700
35517.98 35600
39583.10 39600
89.08 100
96.33 100
33813.52 33900
34306.17 34400
34314.05 34400
40706.99 40800
34991.76 35000
39717.82 39800
39458.74 39500
41024.15 41100
40020.44 40100
41880.19 41900
39040.56 39100
40841.10 40900
40119.97 40200
38130.10 38200
42154.72 42200
39201.56 39300
37467.81 37500
41624.91 41700
40925.72 41000
3194.67 3200
295.29 300
647.76 700
3538.76 3600
239.14 300
818.11 900
91.69 100
1444.22 1500
36773.22 36800
34994.83 35000
38583.94 38600
34704.56 34800
35708.67 35800
34255.84 34300
38372.01 38400
40197.21 40200
39134.83 39200
37803.59 37900
37556.09 37600
35823.38 35900
41897.70 41900
37764.85 37800
39251.78 39300
41409.23 41500
41043.60 41100
43481.76 43500
38766.49 38800
38797.11 38800
39659.92 39700
42875.84 42900
40214.38 40300
43232.26 43300
8.95 100
4003.95 4100
1824.68 1900
2669.15 2700
2074.11 2100
3321.93 3400
2536.07 2600
1842.16 1900
231.14 300
1744.88 1800
3060.02 3100
1385.18 1400
850.37 900
869.31 900
812.93 900
1576.80 1600
964.91 1000
38935.69 39000
67.02 100
68.19 100
38883.12 38900
34203.50 34300
39529.40 39600
37696.00 37700
34995.61 35000
39527.70 39600
38395.42 38400
40438.03 40500
41646.81 41700
2719.20 2800
3603.31 3700
2881.24 2900
375.86 400
1598.44 1600
37595.07 37600
37288.93 37300
37979.16 38000
36724.42 36800
36361.86 36400
34366.01 34400
37633.68 37700
37130.99 37200
35735.75 35800
37102.31 37200
39342.37 39400
36448.28 36500
39911.69 40000
39467.03 39500
37669.21 37700
39108.18 39200
39945.22 40000
40726.02 40800
42412.27 42500
37888.17 37900
40309.91 40400
42380.42 42400
40102.84 40200
195.58 200
3231.81 3300
207.41 300
662.84 700
2238.49 2300
121.84 200
2471.44 2500
1.37 100
169.91 200
157.02 200
1060.56 1100
36648.03 36700
84.81 100
39301.94 39400
37049.91 37100
39913.22 40000
38207.04 38300
40868.77 40900
34807.54 34900
37054.96 37100
35710.77 35800
38452.66 38500
39628.24 39700
37307.48 37400
37066.64 37100
38853.95 38900
38902.08 39000
41274.55 41300
42798.15 42800
42433.56 42500
39839.93 39900
38600.17 38700
41491.84 41500
40759.59 40800
43617.43 43700
3898.93 3900
1420.34 1500
386.97 400
1388.21 1400
2.43 100
2269.57 2300
502.46 600
2773.82 2800
2.67 100
2.43 100
2.60 100
2.42 100
2.57 100
2.53 100
10.24 100
2.69 100
2.49 100
2.48 100
2.34 100
2.51 100
2.69 100
2.46 100
2.55 100
3.11 100
2.37 100
18.71 100
2.57 100
2.40 100
2.92 100
2.60 100
2.52 100
2.46 100
2.38 100
2.72 100
6.92 100
2.72 100
2.60 100
2.45 100
2.46 100
2.90 100
2.70 100
2.63 100
2.89 100
2.57 100
2.45 100
2.60 100
2.38 100
2.46 100
2.37 100
2.39 100
2.43 100
2.85 100
2.69 100
2.35 100
2.75 100
2.69 100
2.69 100
63.98 100
369.15 400
1044.03 1100
1319.37 1400
70.89 100
1501.33 1600
1880.64 1900
5.21 100
2.65 100
2.38 100
2.44 100
2.51 100
2.45 100
2.43 100
2.39 100
2.41 100
2.38 100
15.48 100
2.37 100
2.57 100
2.83 100
2.37 100
2.50 100
2.53 100
2.69 100
2.45 100
2.46 100
2.74 100
2.51 100
2.45 100
2.37 100
2.48 100
2.49 100
2.71 100
2.77 100
2.75 100
2.83 100
36690.75 36700
38506.70 38600
36640.23 36700
35348.59 35400
35344.05 35400
38098.64 38100
34086.80 34100
37735.38 37800
41148.02 41200
39682.56 39700
38442.39 38500
38057.02 38100
38888.71 38900
38942.84 39000
42758.22 42800
2388.03 2400
3409.74 3500
1794.45 1800
527.12 600
1.53 100
315.53 400
295.67 300
515.08 600
552.82 600
34343.01 34400
84.05 100
33593.14 33600
36260.70 36300
34468.09 34500
34064.38 34100
40624.77 40700
35189.29 35200
38432.60 38500
38649.37 38700
37440.60 37500
38388.19 38400
41076.76 41100
39525.17 39600
43218.02 43300
42640.75 42700
3441.39 3500
1128.72 1200
6.60 100
344.13 400
1791.32 1800
3041.14 3100
78.24 100
1126.46 1200
1235.72 1300
793.72 800
1183.39 1200
38374.13 38400
37677.11 37700
38314.16 38400
32929.22 33000
91.30 100
40117.67 40200
38044.57 38100
36823.67 36900
37905.99 38000
41623.46 41700
38285.46 38300
19.06 100
1.90 100
2.19 100
3.38 100
3.52 100
40997.68 41000
36622.80 36700
42661.82 42700
42765.66 42800
40834.91 40900
11.02 100
2781.58 2800
3488.90 3500
1363.03 1400
2.56 100
444.42 500
36166.68 36200
37249.93 37300
36449.23 36500
33385.58 33400
39326.52 39400
35561.70 35600
40174.33 40200
35476.81 35500
39777.27 39800
36732.83 36800
38812.96 38900
36984.56 37000
38712.11 38800
38420.81 38500
40632.43 40700
36690.87 36700
38247.66 38300
39383.39 39400
37013.11 37100
38238.76 38300
37058.79 37100
38589.85 38600
40230.79 40300
42036.02 42100
40951.11 41000
39094.83 39100
37805.14 37900
39310.20 39400
42591.11 42600
955.87 1000
261.57 300
1264.91 1300
90.01 100
1622.84 1700
2172.86 2200
1039.12 1100
2996.92 3000
3072.21 3100
2428.45 2500
3005.56 3100
2.47 100
2.48 100
2.55 100
2.56 100
2.85 100
2.75 100
11.01 100
2.75 100
2.65 100
2.73 100
2.90 100
2.82 100
2.62 100
2.95 100
2.63 100
2.85 100
3.03 100
2.75 100
2.59 100
2.51 100
17.74 100
2.46 100
2.42 100
2.48 100
2.36 100
2.40 100
2.37 100
2.39 100
2.36 100
2.37 100
2.42 100
2.37 100
2.41 100
2.55 100
11.12 100
2.44 100
2.81 100
4.64 100
2.41 100
2.41 100
2.47 100
2.34 100
18.07 100
2.56 100
2.50 100
2.60 100
2.52 100
714.62 800
559.35 600
977.28 1000
500.05 600
0.83 100
116.42 200
0.78 100
94.65 100
1.74 100
1286.37 1300
1346.29 1400
1846.78 1900
1351.14 1400
38578.49 38600
83.37 100
35342.97 35400
34814.05 34900
37057.12 37100
35528.69 35600
38066.22 38100
37906.01 38000
38274.57 38300
40927.64 41000
36512.61 36600
39169.31 39200
38933.40 39000
39805.33 39900
5.68 100
36804.92 36900
2.17 100
1.85 100
1.04 100
39836.49 39900
1.39 100
2.90 100
2.29 100
2.13 100
0.78 100
18.57 100
12.72 100
36235.99 36300
1.17 100
0.70 100
4.17 100
3.40 100
37760.38 37800
37013.05 37100
39660.43 39700
38895.22 38900
40988.46 41000
38954.23 39000
38382.05 38400
2597.60 2600
3304.85 3400
2480.20 2500
1378.36 1400
2.53 100
2.67 100
2.38 100
2.42 100
2.44 100
2.68 100
2.55 100
2.86 100
2.47 100
2.81 100
2.84 100
2.76 100
5.26 100
2.75 100
2.57 100
2.68 100
2.58 100
2.74 100
4.99 100
2.91 100
2.48 100
2.44 100
2.76 100
2.68 100
2.48 100
2.52 100
2.67 100
2.85 100
2.92 100
2.50 100
2.50 100
2.87 100
2.92 100
2.64 100
2.79 100
2.72 100
2.97 100
2.84 100
2.78 100
2.93 100
2.75 100
2.70 100
2.84 100
3.09 100
2.84 100
2.59 100
845.13 900
1351.07 1400
1429.72 1500
1819.49 1900
38456.98 38500
35934.20 36000
38378.92 38400
38325.69 38400
39036.49 39100
36199.19 36200
36773.39 36800
36104.19 36200
37446.73 37500
38041.69 38100
41823.49 41900
35595.03 35600
37985.68 38000
40170.11 40200
37654.49 37700
37782.77 37800
39232.51 39300
37024.70 37100
40217.80 40300
41871.92 41900
42883.07 42900
38851.38 38900
37326.45 37400
42197.64 42200
43050.20 43100
40074.15 40100
39569.73 39600
43808.51 43900
1453.26 1500
1038.79 1100
4094.00 4100
672.25 700
420.72 500
87.95 100
2034.39 2100
1293.29 1300
2950.51 3000
384.20 400
247.84 300
1426.74 1500
617.42 700
1458.41 1500
1393.80 1400
570.90 600
490.16 500
2.47 100
2.49 100
2.57 100
12.13 100
2.64 100
2.51 100
2.41 100
2.47 100
2.58 100
2.94 100
2.73 100
2.97 100
2.77 100
17.99 100
2.62 100
2.59 100
2.57 100
2.81 100
2.60 100
2.70 100
2.87 100
2.52 100
2.66 100
2.53 100
2.66 100
16.80 100
2.53 100
2.68 100
2.88 100
3.04 100
14.36 100
2.81 100
2.57 100
2.65 100
2.58 100
2.55 100
35911.31 36000
36567.63 36600
35605.87 35700
40517.50 40600
38937.42 39000
37727.32 37800
35836.91 35900
35434.18 35500
36882.78 36900
34917.36 35000
39915.16 40000
38160.79 38200
40440.93 40500
36868.18 36900
39240.55 39300
35997.86 36000
42139.12 42200
39901.89 40000
39663.60 39700
40919.58 41000
39725.14 39800
39514.85 39600
39183.19 39200
40513.37 40600
2578.54 2600
1263.69 1300
2622.58 2700
1194.66 1200
1589.11 1600
2706.93 2800
967.02 1000
844.96 900
319.51 400
524.65 600
1456.90 1500
1.84 100
2.00 100
2.08 100
1.94 100
1.99 100
1.89 100
1.77 100
2.25 100
2.17 100
1.96 100
2.03 100
1.80 100
1.96 100
2.16 100
1.84 100
2.40 100
1.75 100
2.11 100
10.21 100
1.99 100
2.01 100
2.30 100
2.36 100
2.04 100
1.93 100
1.85 100
1.88 100
1.81 100
1.92 100
2.15 100
2.49 100
2.02 100
1.86 100
1.84 100
1.82 100
1.77 100
2.16 100
1.83 100
2.16 100
1.95 100
1.79 100
1.76 100
1.74 100
1.88 100
1.78 100
1.93 100
1.78 100
73.55 100
38826.85 38900
37365.97 37400
39214.17 39300
35137.99 35200
37853.27 37900
37863.99 37900
38217.37 38300
40260.68 40300
41053.84 41100
41260.24 41300
40380.53 40400
41370.93 41400
42173.88 42200
40551.35 40600
973.93 1000
1522.34 1600
465.68 500
3.92 100
4088.45 4100
613.07 700
529.37 600
2.16 100
1269.91 1300
39669.79 39700
40072.42 40100
39833.31 39900
38853.69 38900
41324.04 41400
37630.84 37700
41918.26 42000
38069.99 38100
43118.32 43200
39222.01 39300
2532.61 2600
3174.19 3200
3985.60 4000
1539.39 1600
2.43 100
581.87 600
1780.30 1800
475.30 500
0.90 100
931.51 1000
37208.56 37300
35187.47 35200
35406.56 35500
35765.06 35800
41239.01 41300
36934.28 37000
36979.32 37000
41123.52 41200
36136.41 36200
5.04 100
10.94 100
3.59 100
2.54 100
36238.61 36300
40604.62 40700
36368.04 36400
41324.85 41400
41171.14 41200
40173.50 40200
40709.42 40800
1712.62 1800
586.30 600
630.46 700
338.08 400
105.84 200
34939.85 35000
39507.67 39600
36433.42 36500
35792.04 35800
36290.79 36300
39165.81 39200
37562.46 37600
36642.47 36700
10.24 100
2.38 100
5.37 100
37774.66 37800
38838.74 38900
42086.67 42100
39534.76 39600
41494.54 41500
40247.48 40300
43059.23 43100
3250.07 3300
1406.13 1500
3711.23 3800
344.85 400
1302.10 1400
760.86 800
175.72 200
1240.59 1300
38250.36 38300
75.27 100
35857.42 35900
39281.29 39300
40078.31 40100
40688.89 40700
40083.41 40100
37913.49 38000
40232.41 40300
38605.75 38700
37566.78 37600
41285.92 41300
38657.52 38700
4.56 100
4.25 100
3.91 100
2.08 100
3.40 100
8.45 100
10.48 100
3.40 100
2.22 100
40168.48 40200
36541.95 36600
40357.28 40400
38763.21 38800
37076.59 37100
42214.57 42300
41203.76 41300
40893.17 40900
39262.49 39300
2247.25 2300
1403.81 1500
1270.34 1300
1471.91 1500
36873.92 36900
34908.87 35000
87.90 100
35478.08 35500
35760.67 35800
39210.18 39300
40222.77 40300
38482.38 38500
35292.52 35300
35485.57 35500
40567.74 40600
37435.99 37500
34814.75 34900
9.06 100
1.77 100
3.77 100
36877.88 36900
37482.05 37500
37408.74 37500
40765.40 40800
40867.59 40900
40298.07 40300
41535.38 41600
41043.57 41100
41160.95 41200
3075.19 3100
1697.93 1700
3542.14 3600
1.07 100
0.76 100
0.95 100
1.10 100
1.03 100
0.89 100
0.86 100
684.09 700
1478.31 1500
1835.40 1900
39411.35 39500
34032.16 34100
38384.15 38400
39347.16 39400
38638.50 38700
35675.69 35700
36364.58 36400
38957.03 39000
37906.94 38000
35812.17 35900
39444.90 39500
40131.96 40200
39704.32 39800
37068.29 37100
37414.37 37500
39865.46 39900
37398.83 37400
39274.06 39300
38942.59 39000
41289.91 41300
38262.47 38300
38525.02 38600
42689.01 42700
41658.28 41700
39732.55 39800
41073.55 41100
38623.54 38700
39799.32 39800
39184.68 39200
37644.84 37700
40128.34 40200
2105.70 2200
297.11 300
2324.94 2400
364.22 400
1352.32 1400
0.90 100
0.69 100
1131.53 1200
3268.48 3300
651.52 700
1481.22 1500
1484.47 1500
1603.40 1700
1.94 100
1308.00 1400
233.44 300
801.41 900
0.93 100
1338.16 1400
696.84 700
1572.03 1600
0.73 100
0.71 100
0.69 100
0.78 100
1.08 100
16.99 100
0.87 100
0.99 100
1.11 100
0.99 100
1.07 100
1.03 100
0.91 100
1.22 100
0.93 100
1.13 100
11.95 100
1.16 100
0.94 100
0.99 100
0.87 100
0.80 100
0.85 100
1.02 100
0.80 100
0.85 100
1.01 100
1.09 100
1.17 100
0.86 100
0.99 100
0.87 100
2.35 100
1.02 100
6.07 100
1.37 100
14.79 100
0.88 100
0.90 100
0.97 100
1.04 100
9.94 100
1.03 100
0.85 100
0.82 100
5.61 100
0.98 100
15.27 100
1.12 100
0.92 100
1.04 100
0.89 100
0.93 100
0.93 100
1.16 100
0.91 100
36163.08 36200
39868.12 39900
34692.36 34700
35474.41 35500
39266.56 39300
34515.41 34600
33624.00 33700
34738.01 34800
37929.02 38000
40576.21 40600
38487.75 38500
38817.17 38900
35810.74 35900
37113.66 37200
42437.71 42500
36698.38 36700
38665.87 38700
38712.13 38800
39861.31 39900
41004.34 41100
1376.38 1400
1812.80 1900
1895.89 1900
179.43 200
1517.83 1600
1010.64 1100
819.17 900
1351.47 1400
37265.83 37300
35044.07 35100
39172.66 39200
37525.41 37600
34370.27 34400
39430.78 39500
37917.68 38000
38415.06 38500
35570.81 35600
9.22 100
11.30 100
2.87 100
42421.98 42500
38348.66 38400
41325.24 41400
43187.53 43200
40770.84 40800
39628.08 39700
116.74 200
3324.69 3400
2746.20 2800
3649.42 3700
1075.54 1100
445.41 500
197.91 200
1282.69 1300
34510.44 34600
69.47 100
69.36 100
36594.42 36600
33994.95 34000
35646.83 35700
35616.29 35700
35027.47 35100
36649.91 36700
39691.67 39700
36933.75 37000
38006.57 38100
37954.56 38000
38005.88 38100
38802.20 38900
38605.22 38700
37729.77 37800
39156.82 39200
38141.97 38200
41451.63 41500
38246.46 38300
38977.87 39000
42099.40 42100
43227.04 43300
39103.07 39200
43314.56 43400
3896.89 3900
3181.91 3200
1060.17 1100
2.50 100
2293.77 2300
3195.34 3200
2825.63 2900
331.37 400
1692.97 1700
1518.19 1600
650.05 700
1141.52 1200
298.05 300
39455.49 39500
99.76 100
38608.30 38700
33649.21 33700
36104.07 36200
35829.45 35900
35330.91 35400
37271.97 37300
37222.14 37300
36304.58 36400
39567.29 39600
36747.37 36800
38456.10 38500
41427.33 41500
39348.01 39400
39117.05 39200
38526.15 38600
40381.58 40400
38464.75 38500
36469.34 36500
38061.58 38100
37140.63 37200
42659.33 42700
43008.23 43100
37661.32 37700
39295.22 39300
419.66 500
2782.92 2800
3323.07 3400
1150.33 1200
416.74 500
745.13 800
240.36 300
265.77 300
35332.92 35400
33598.39 33600
36733.14 36800
39974.59 40000
36491.97 36500
38271.10 38300
37793.12 37800
40692.34 40700
39643.69 39700
39457.59 39500
41685.75 41700
42410.24 42500
42664.23 42700
41777.31 41800
40061.50 40100
38269.79 38300
39163.34 39200
39193.46 39200
41137.91 41200
503.72 600
1478.53 1500
2249.80 2300
1168.27 1200
4066.24 4100
3692.23 3700
1709.85 1800
1515.88 1600
1186.45 1200
145.89 200
1626.80 1700
33166.77 33200
33779.12 33800
35965.32 36000
39320.87 39400
39940.05 40000
38478.25 38500
35407.95 35500
37351.86 37400
37679.28 37700
35271.38 35300
35361.73 35400
37478.04 37500
38459.09 38500
39600.97 39700
37997.63 38000
39577.35 39600
39252.29 39300
39400.37 39500
42894.32 42900
39447.08 39500
2013.02 2100
180.04 200
736.21 800
1552.17 1600
2051.35 2100
2503.32 2600
1071.04 1100
460.59 500
779.17 800
1190.24 1200
621.92 700
36321.83 36400
35577.06 35600
37354.82 37400
33774.97 33800
35401.58 35500
39427.68 39500
36390.37 36400
36910.00 37000
36828.67 36900
42316.29 42400
37243.20 37300
5.58 100
3.13 100
2.40 100
3.15 100
2.60 100
39294.22 39300
42213.41 42300
38304.23 38400
41740.01 41800
41350.55 41400
43800.18 43900
42116.42 42200
1196.62 1200
1555.20 1600
564.55 600
3593.41 3600
1979.41 2000
3907.57 4000
958.41 1000
942.08 1000
315.17 400
569.88 600
35681.39 35700
46.70 100
39268.13 39300
65.36 100
36405.60 36500
34663.51 34700
35020.02 35100
38842.15 38900
35155.07 35200
34046.27 34100
38441.70 38500
36857.39 36900
36299.07 36300
36864.75 36900
42262.15 42300
38528.90 38600
1607.79 1700
122.96 200
621.69 700
33485.46 33500
75.73 100
36381.87 36400
35881.93 35900
37641.71 37700
37935.54 38000
39598.51 39600
34590.82 34600
35714.34 35800
35276.59 35300
38199.86 38200
37169.12 37200
38564.63 38600
36677.87 36700
41220.59 41300
39900.23 40000
39607.60 39700
39581.21 39600
39453.55 39500
37984.75 38000
39191.29 39200
37697.02 37700
138.44 200
621.57 700
117.56 200
2605.59 2700
188.04 200
476.31 500
1347.72 1400
33311.36 33400
80.71 100
35023.45 35100
37553.17 37600
39462.21 39500
38642.99 38700
36146.92 36200
35258.90 35300
37230.51 37300
41763.11 41800
41065.46 41100
37989.92 38000
40476.32 40500
40357.51 40400
42157.57 42200
42246.22 42300
37204.71 37300
39286.75 39300
39529.45 39600
39282.01 39300
43069.90 43100
40207.80 40300
40797.17 40800
41556.90 41600
433.55 500
2840.97 2900
3060.54 3100
3931.32 4000
565.22 600
3579.60 3600
1142.43 1200
2606.29 2700
2135.02 2200
1030.44 1100
1419.69 1500
571.83 600
1029.77 1100
481.95 500
984.91 1000
448.95 500
38455.67 38500
86.18 100
35618.11 35700
33290.83 33300
39059.01 39100
37045.36 37100
38101.13 38200
37795.45 37800
35132.77 35200
35132.47 35200
35115.60 35200
40102.94 40200
41857.79 41900
36899.52 36900
36751.39 36800
38508.40 38600
36931.65 37000
41703.85 41800
38248.10 38300
37829.01 37900
42820.35 42900
41981.05 42000
39241.27 39300
479.65 500
1571.39 1600
2490.82 2500
1764.56 1800
2111.35 2200
2611.75 2700
282.45 300
3693.16 3700
1742.03 1800
1265.82 1300
741.99 800
317.19 400
899.78 900
68.95 100
1107.45 1200
1.26 100
0.70 100
0.76 100
1.01 100
0.95 100
0.70 100
0.75 100
1.02 100
0.87 100
0.72 100
0.89 100
0.83 100
0.81 100
0.76 100
0.89 100
0.68 100
0.78 100
0.82 100
0.79 100
0.97 100
0.77 100
0.83 100
16.92 100
0.85 100
0.75 100
10.50 100
0.80 100
0.80 100
0.74 100
0.76 100
0.75 100
1.00 100
0.99 100
0.71 100
0.98 100
0.71 100
0.72 100
0.75 100
0.75 100
0.89 100
0.94 100
0.87 100
0.83 100
0.95 100
0.81 100
0.83 100
0.75 100
1.01 100
0.76 100
0.70 100
0.74 100
1.00 100
0.78 100
0.74 100
0.74 100
0.85 100
0.73 100
0.68 100
0.75 100
0.71 100
34888.21 34900
35244.75 35300
34915.10 35000
33839.41 33900
40166.17 40200
35334.84 35400
37065.94 37100
36094.78 36100
37518.43 37600
37095.70 37100
35895.69 35900
10.41 100
1.90 100
25.77 100
3.77 100
4.10 100
38651.43 38700
2.28 100
39284.39 39300
38823.82 38900
41352.74 41400
42253.34 42300
39439.41 39500
39501.93 39600
42264.98 42300
346.17 400
3766.29 3800
1691.22 1700
1247.60 1300
1713.04 1800
3634.87 3700
440.97 500
189.01 200
1199.33 1200
1119.70 1200
564.74 600
1624.16 1700
33362.43 33400
38827.53 38900
39406.77 39500
35188.90 35200
38030.39 38100
35210.53 35300
37752.86 37800
38699.30 38700
40147.82 40200
38224.36 38300
38836.16 38900
14.08 100
1.67 100
4.02 100
2.04 100
23.09 100
3.50 100
41167.08 41200
40750.04 40800
38768.47 38800
42301.54 42400
42041.04 42100
43234.07 43300
39638.55 39700
43409.06 43500
446.70 500
112.90 200
1695.69 1700
271.16 300
2530.68 2600
4108.05 4200
2.00 100
90.38 100
1628.04 1700
918.39 1000
1557.77 1600
33121.16 33200
38503.76 38600
39404.27 39500
34162.54 34200
37810.44 37900
36975.69 37000
41420.34 41500
38677.98 38700
1.19 100
1.57 100
1.34 100
37426.23 37500
39995.47 40000
40704.31 40800
37444.24 37500
37912.56 38000
38801.27 38900
2127.85 2200
3855.35 3900
2133.71 2200
2.85 100
2.45 100
2.66 100
2.67 100
2.47 100
2.60 100
2.41 100
2.53 100
2.44 100
2.68 100
2.55 100
2.89 100
2.55 100
2.47 100
2.61 100
2.50 100
2.52 100
2.51 100
2.67 100
2.50 100
2.55 100
2.55 100
2.83 100
2.56 100
2.75 100
2.53 100
2.50 100
19.62 100
2.68 100
3.08 100
2.59 100
3.07 100
2.91 100
2.60 100
2.63 100
2.60 100
2.61 100
2.76 100
2.83 100
2.56 100
3.09 100
3.07 100
1535.85 1600
1851.93 1900
38946.26 39000
40003.10 40100
35229.26 35300
39766.08 39800
35872.69 35900
39035.33 39100
34705.19 34800
37880.61 37900
36938.30 37000
35771.96 35800
40974.21 41000
41180.60 41200
2.57 100
2.98 100
3.12 100
6.17 100
10.58 100
2.41 100
2.68 100
39636.44 39700
37554.08 37600
38185.82 38200
39802.53 39900
38724.66 38800
40751.44 40800
38562.60 38600
42094.44 42100
39298.89 39300
1344.58 1400
609.38 700
3121.81 3200
285.23 300
2752.00 2800
3155.33 3200
337.18 400
1771.91 1800
1482.91 1500
2.65 100
208.34 300
1566.31 1600
39396.79 39400
37455.96 37500
34167.41 34200
39310.90 39400
34876.39 34900
34023.02 34100
35367.96 35400
37726.71 37800
35652.23 35700
40232.32 40300
41385.45 41400
35887.71 35900
3.12 100
38768.53 38800
36676.71 36700
39355.51 39400
41382.90 41400
42396.47 42400
42009.62 42100
38260.82 38300
43589.24 43600
40279.78 40300
2883.85 2900
402.47 500
3164.10 3200
2988.76 3000
704.41 800
2252.30 2300
3848.28 3900
781.49 800
123.72 200
669.80 700
1153.40 1200
795.11 800
190.44 200
75.45 100
39316.29 39400
37452.46 37500
39221.78 39300
35101.86 35200
34678.54 34700
35032.65 35100
34663.09 34700
38582.69 38600
37783.62 37800
35622.07 35700
16.35 100
37446.86 37500
41786.45 41800
37055.95 37100
40925.00 41000
42821.02 42900
39829.96 39900
40924.51 41000
42119.24 42200
2070.52 2100
160.54 200
660.76 700
2.64 100
1987.31 2000
996.68 1000
1943.38 2000
1583.62 1600
782.24 800
645.74 700
35517.98 35600
39583.10 39600
89.08 100
96.33 100
33813.52 33900
34306.17 34400
34314.05 34400
40706.99 40800
34991.76 35000
39717.82 39800
39458.74 39500
41024.15 41100
40020.44 40100
41880.19 41900
39040.56 39100
40841.10 40900
40119.97 40200
38130.10 38200
42154.72 42200
39201.56 39300
37467.81 37500
41624.91 41700
40925.72 41000
3194.67 3200
295.29 300
647.76 700
3538.76 3600
239.14 300
818.11 900
91.69 100
1444.22 1500
36773.22 36800
34994.83 35000
38583.94 38600
34704.56 34800
35708.67 35800
34255.84 34300
38372.01 38400
40197.21 40200
39134.83 39200
37803.59 37900
37556.09 37600
35823.38 35900
41897.70 41900
37764.85 37800
39251.78 39300
41409.23 41500
41043.60 41100
43481.76 43500
38766.49 38800
38797.11 38800
39659.92 39700
42875.84 42900
40214.38 40300
43232.26 43300
8.95 100
4003.95 4100
1824.68 1900
2669.15 2700
2074.11 2100
3321.93 3400
2536.07 2600
1842.16 1900
231.14 300
1744.88 1800
3060.02 3100
1385.18 1400
850.37 900
869.31 900
812.93 900
1576.80 1600
964.91 1000
38935.69 39000
67.02 100
68.19 100
38883.12 38900
34203.50 34300
39529.40 39600
37696.00 37700
34995.61 35000
39527.70 39600
38395.42 38400
40438.03 40500
41646.81 41700
2719.20 2800
3603.31 3700
2881.24 2900
375.86 400
1598.44 1600
37595.07 37600
37288.93 37300
37979.16 38000
36724.42 36800
36361.86 36400
34366.01 34400
37633.68 37700
37130.99 37200
35735.75 35800
37102.31 37200
39342.37 39400
36448.28 36500
39911.69 40000
39467.03 39500
37669.21 37700
39108.18 39200
39945.22 40000
40726.02 40800
42412.27 42500
37888.17 37900
40309.91 40400
42380.42 42400
40102.84 40200
195.58 200
3231.81 3300
207.41 300
662.84 700
2238.49 2300
121.84 200
2471.44 2500
1.37 100
169.91 200
157.02 200
1060.56 1100
36648.03 36700
84.81 100
39301.94 39400
37049.91 37100
39913.22 40000
38207.04 38300
40868.77 40900
34807.54 34900
37054.96 37100
35710.77 35800
38452.66 38500
39628.24 39700
37307.48 37400
37066.64 37100
38853.95 38900
38902.08 39000
41274.55 41300
42798.15 42800
42433.56 42500
39839.93 39900
38600.17 38700
41491.84 41500
40759.59 40800
43617.43 43700
3898.93 3900
1420.34 1500
386.97 400
1388.21 1400
2.43 100
2269.57 2300
502.46 600
2773.82 2800
2.67 100
2.43 100
2.60 100
2.42 100
2.57 100
2.53 100
10.24 100
2.69 100
2.49 100
2.48 100
2.34 100
2.51 100
2.69 100
2.46 100
2.55 100
3.11 100
2.37 100
18.71 100
2.57 100
2.40 100
2.92 100
2.60 100
2.52 100
2.46 100
2.38 100
2.72 100
6.92 100
2.72 100
2.60 100
2.45 100
2.46 100
2.90 100
2.70 100
2.63 100
2.89 100
2.57 100
2.45 100
2.60 100
2.38 100
2.46 100
2.37 100
2.39 100
2.43 100
2.85 100
2.69 100
2.35 100
2.75 100
2.69 100
2.69 100
63.98 100
369.15 400
1044.03 1100
1319.37 1400
70.89 100
1501.33 1600
1880.64 1900
5.21 100
2.65 100
2.38 100
2.44 100
2.51 100
2.45 100
2.43 100
2.39 100
2.41 100
2.38 100
15.48 100
2.37 100
2.57 100
2.83 100
2.37 100
2.50 100
2.53 100
2.69 100
2.45 100
2.46 100
2.74 100
2.51 100
2.45 100
2.37 100
2.48 100
2.49 100
2.71 100
2.77 100
2.75 100
2.83 100
36690.75 36700
38506.70 38600
36640.23 36700
35348.59 35400
35344.05 35400
38098.64 38100
34086.80 34100
37735.38 37800
41148.02 41200
39682.56 39700
38442.39 38500
38057.02 38100
38888.71 38900
38942.84 39000
42758.22 42800
2388.03 2400
3409.74 3500
1794.45 1800
527.12 600
1.53 100
315.53 400
295.67 300
515.08 600
552.82 600
34343.01 34400
84.05 100
33593.14 33600
36260.70 36300
34468.09 34500
34064.38 34100
40624.77 40700
35189.29 35200
38432.60 38500
38649.37 38700
37440.60 37500
38388.19 38400
41076.76 41100
39525.17 39600
43218.02 43300
42640.75 42700
3441.39 3500
1128.72 1200
6.60 100
344.13 400
1791.32 1800
3041.14 3100
78.24 100
1126.46 1200
1235.72 1300
793.72 800
1183.39 1200
38374.13 38400
37677.11 37700
38314.16 38400
32929.22 33000
91.30 100
40117.67 40200
38044.57 38100
36823.67 36900
37905.99 38000
41623.46 41700
38285.46 38300
19.06 100
1.90 100
2.19 100
3.38 100
3.52 100
40997.68 41000
36622.80 36700
42661.82 42700
42765.66 42800
40834.91 40900
11.02 100
2781.58 2800
3488.90 3500
1363.03 1400
2.56 100
444.42 500
36166.68 36200
37249.93 37300
36449.23 36500
33385.58 33400
39326.52 39400
35561.70 35600
40174.33 40200
35476.81 35500
39777.27 39800
36732.83 36800
38812.96 38900
36984.56 37000
38712.11 38800
38420.81 38500
40632.43 40700
36690.87 36700
38247.66 38300
39383.39 39400
37013.11 37100
38238.76 38300
37058.79 37100
38589.85 38600
40230.79 40300
42036.02 42100
40951.11 41000
39094.83 39100
37805.14 37900
39310.20 39400
42591.11 42600
955.87 1000
261.57 300
1264.91 1300
90.01 100
1622.84 1700
2172.86 2200
1039.12 1100
2996.92 3000
3072.21 3100
2428.45 2500
3005.56 3100
2.47 100
2.48 100
2.55 100
2.56 100
2.85 100
2.75 100
11.01 100
2.75 100
2.65 100
2.73 100
2.90 100
2.82 100
2.62 100
2.95 100
2.63 100
2.85 100
3.03 100
2.75 100
2.59 100
2.51 100
17.74 100
2.46 100
2.42 100
2.48 100
2.36 100
2.40 100
2.37 100
2.39 100
2.36 100
2.37 100
2.42 100
2.37 100
2.41 100
2.55 100
11.12 100
2.44 100
2.81 100
4.64 100
2.41 100
2.41 100
2.47 100
2.34 100
18.07 100
2.56 100
2.50 100
2.60 100
2.52 100
714.62 800
559.35 600
977.28 1000
500.05 600
0.83 100
116.42 200
0.78 100
94.65 100
1.74 100
1286.37 1300
1346.29 1400
1846.78 1900
1351.14 1400
38578.49 38600
83.37 100
35342.97 35400
34814.05 34900
37057.12 37100
35528.69 35600
38066.22 38100
37906.01 38000
38274.57 38300
40927.64 41000
36512.61 36600
39169.31 39200
38933.40 39000
39805.33 39900
5.68 100
36804.92 36900
2.17 100
1.85 100
1.04 100
39836.49 39900
1.39 100
2.90 100
2.29 100
2.13 100
0.78 100
18.57 100
12.72 100
36235.99 36300
1.17 100
0.70 100
4.17 100
3.40 100
37760.38 37800
37013.05 37100
39660.43 39700
38895.22 38900
40988.46 41000
38954.23 39000
38382.05 38400
2597.60 2600
3304.85 3400
2480.20 2500
1378.36 1400
2.53 100
2.67 100
2.38 100
2.42 100
2.44 100
2.68 100
2.55 100
2.86 100
2.47 100
2.81 100
2.84 100
2.76 100
5.26 100
2.75 100
2.57 100
2.68 100
2.58 100
2.74 100
4.99 100
2.91 100
2.48 100
2.44 100
2.76 100
2.68 100
2.48 100
2.52 100
2.67 100
2.85 100
2.92 100
2.50 100
2.50 100
2.87 100
2.92 100
2.64 100
2.79 100
2.72 100
2.97 100
2.84 100
2.78 100
2.93 100
2.75 100
2.70 100
2.84 100
3.09 100
2.84 100
2.59 100
845.13 900
1351.07 1400
1429.72 1500
1819.49 1900
38456.98 38500
35934.20 36000
38378.92 38400
38325.69 38400
39036.49 39100
36199.19 36200
36773.39 36800
36104.19 36200
37446.73 37500
38041.69 38100
41823.49 41900
35595.03 35600
37985.68 38000
40170.11 40200
37654.49 37700
37782.77 37800
39232.51 39300
37024.70 37100
40217.80 40300
41871.92 41900
42883.07 42900
38851.38 38900
37326.45 37400
42197.64 42200
43050.20 43100
40074.15 40100
39569.73 39600
43808.51 43900
1453.26 1500
1038.79 1100
4094.00 4100
672.25 700
420.72 500
87.95 100
2034.39 2100
1293.29 1300
2950.51 3000
384.20 400
247.84 300
1426.74 1500
617.42 700
1458.41 1500
1393.80 1400
570.90 600
490.16 500
2.47 100
2.49 100
2.57 100
12.13 100
2.64 100
2.51 100
2.41 100
2.47 100
2.58 100
2.94 100
2.73 100
2.97 100
2.77 100
17.99 100
2.62 100
2.59 100
2.57 100
2.81 100
2.60 100
2.70 100
2.87 100
2.52 100
2.66 100
2.53 100
2.66 100
16.80 100
2.53 100
2.68 100
2.88 100
3.04 100
14.36 100
2.81 100
2.57 100
2.65 100
2.58 100
2.55 100
35911.31 36000
36567.63 36600
35605.87 35700
40517.50 40600
38937.42 39000
37727.32 37800
35836.91 35900
35434.18 35500
36882.78 36900
34917.36 35000
39915.16 40000
38160.79 38200
40440.93 40500
36868.18 36900
39240.55 39300
35997.86 36000
42139.12 42200
39901.89 40000
39663.60 39700
40919.58 41000
39725.14 39800
39514.85 39600
39183.19 39200
40513.37 40600
2578.54 2600
1263.69 1300
2622.58 2700
1194.66 1200
1589.11 1600
2706.93 2800
967.02 1000
844.96 900
319.51 400
524.65 600
1456.90 1500
1.84 100
2.00 100
2.08 100
1.94 100
1.99 100
1.89 100
1.77 100
2.25 100
2.17 100
1.96 100
2.03 100
1.80 100
1.96 100
2.16 100
1.84 100
2.40 100
1.75 100
2.11 100
10.21 100
1.99 100
2.01 100
2.30 100
2.36 100
2.04 100
1.93 100
1.85 100
1.88 100
1.81 100
1.92 100
2.15 100
2.49 100
2.02 100
1.86 100
1.84 100
1.82 100
1.77 100
2.16 100
1.83 100
2.16 100
1.95 100
1.79 100
1.76 100
1.74 100
1.88 100
1.78 100
1.93 100
1.78 100
73.55 100
38826.85 38900
37365.97 37400
39214.17 39300
35137.99 35200
37853.27 37900
37863.99 37900
38217.37 38300
40260.68 40300
41053.84 41100
41260.24 41300
40380.53 40400
41370.93 41400
42173.88 42200
40551.35 40600
973.93 1000
1522.34 1600
465.68 500
3.92 100
4088.45 4100
613.07 700
529.37 600
2.16 100
1269.91 1300
39669.79 39700
40072.42 40100
39833.31 39900
38853.69 38900
41324.04 41400
37630.84 37700
41918.26 42000
38069.99 38100
43118.32 43200
39222.01 39300
2532.61 2600
3174.19 3200
3985.60 4000
1539.39 1600
2.43 100
581.87 600
1780.30 1800
475.30 500
0.90 100
931.51 1000
37208.56 37300
35187.47 35200
35406.56 35500
35765.06 35800
41239.01 41300
36934.28 37000
36979.32 37000
41123.52 41200
36136.41 36200
5.04 100
10.94 100
3.59 100
2.54 100
36238.61 36300
40604.62 40700
36368.04 36400
41324.85 41400
41171.14 41200
40173.50 40200
40709.42 40800
1712.62 1800
586.30 600
630.46 700
338.08 400
105.84 200
34939.85 35000
39507.67 39600
36433.42 36500
35792.04 35800
36290.79 36300
39165.81 39200
37562.46 37600
36642.47 36700
10.24 100
2.38 100
5.37 100
37774.66 37800
38838.74 38900
42086.67 42100
39534.76 39600
41494.54 41500
40247.48 40300
43059.23 43100
3250.07 3300
1406.13 1500
3711.23 3800
344.85 400
1302.10 1400
760.86 800
175.72 200
1240.59 1300
38250.36 38300
75.27 100
35857.42 35900
39281.29 39300
40078.31 40100
40688.89 40700
40083.41 40100
37913.49 38000
40232.41 40300
38605.75 38700
37566.78 37600
41285.92 41300
38657.52 38700
4.56 100
4.25 100
3.91 100
2.08 100
3.40 100
8.45 100
10.48 100
3.40 100
2.22 100
40168.48 40200
36541.95 36600
40357.28 40400
38763.21 38800
37076.59 37100
42214.57 42300
41203.76 41300
40893.17 40900
39262.49 39300
2247.25 2300
1403.81 1500
1270.34 1300
1471.91 1500
36873.92 36900
34908.87 35000
87.90 100
35478.08 35500
35760.67 35800
39210.18 39300
40222.77 40300
38482.38 38500
35292.52 35300
35485.57 35500
40567.74 40600
37435.99 37500
34814.75 34900
9.06 100
1.77 100
3.77 100
36877.88 36900
37482.05 37500
37408.74 37500
40765.40 40800
40867.59 40900
40298.07 40300
41535.38 41600
41043.57 41100
41160.95 41200
3075.19 3100
1697.93 1700
3542.14 3600
1.07 100
0.76 100
0.95 100
1.10 100
1.03 100
0.89 100
0.86 100
684.09 700
1478.31 1500
1835.40 1900
39411.35 39500
34032.16 34100
38384.15 38400
39347.16 39400
38638.50 38700
35675.69 35700
36364.58 36400
38957.03 39000
37906.94 38000
35812.17 35900
39444.90 39500
40131.96 40200
39704.32 39800
37068.29 37100
37414.37 37500
39865.46 39900
37398.83 37400
39274.06 39300
38942.59 39000
41289.91 41300
38262.47 38300
38525.02 38600
42689.01 42700
41658.28 41700
39732.55 39800
41073.55 41100
38623.54 38700
39799.32 39800
39184.68 39200
37644.84 37700
40128.34 40200
2105.70 2200
297.11 300
2324.94 2400
364.22 400
1352.32 1400
0.90 100
0.69 100
1131.53 1200
3268.48 3300
651.52 700
1481.22 1500
1484.47 1500
1603.40 1700
1.94 100
1308.00 1400
233.44 300
801.41 900
0.93 100
1338.16 1400
696.84 700
1572.03 1600
0.73 100
0.71 100
0.69 100
0.78 100
1.08 100
16.99 100
0.87 100
0.99 100
1.11 100
0.99 100
1.07 100
1.03 100
0.91 100
1.22 100
0.93 100
1.13 100
11.95 100
1.16 100
0.94 100
0.99 100
0.87 100
0.80 100
0.85 100
1.02 100
0.80 100
0.85 100
1.01 100
1.09 100
1.17 100
0.86 100
0.99 100
0.87 100
2.35 100
1.02 100
6.07 100
1.37 100
14.79 100
0.88 100
0.90 100
0.97 100
1.04 100
9.94 100
1.03 100
0.85 100
0.82 100
5.61 100
0.98 100
15.27 100
1.12 100
0.92 100
1.04 100
0.89 100
0.93 100
0.93 100
1.16 100
0.91 100
36163.08 36200
39868.12 39900
34692.36 34700
35474.41 35500
39266.56 39300
34515.41 34600
33624.00 33700
34738.01 34800
37929.02 38000
40576.21 40600
38487.75 38500
38817.17 38900
35810.74 35900
37113.66 37200
42437.71 42500
36698.38 36700
38665.87 38700
38712.13 38800
39861.31 39900
41004.34 41100
1376.38 1400
1812.80 1900
1895.89 1900
179.43 200
1517.83 1600
1010.64 1100
819.17 900
1351.47 1400
37265.83 37300
35044.07 35100
39172.66 39200
37525.41 37600
34370.27 34400
39430.78 39500
37917.68 38000
38415.06 38500
35570.81 35600
9.22 100
11.30 100
2.87 100
42421.98 42500
38348.66 38400
41325.24 41400
43187.53 43200
40770.84 40800
39628.08 39700
116.74 200
3324.69 3400
2746.20 2800
3649.42 3700
1075.54 1100
445.41 500
197.91 200
1282.69 1300
34510.44 34600
69.47 100
69.36 100
36594.42 36600
33994.95 34000
35646.83 35700
35616.29 35700
35027.47 35100
36649.91 36700
39691.67 39700
36933.75 37000
38006.57 38100
37954.56 38000
38005.88 38100
38802.20 38900
38605.22 38700
37729.77 37800
39156.82 39200
38141.97 38200
41451.63 41500
38246.46 38300
38977.87 39000
42099.40 42100
43227.04 43300
39103.07 39200
43314.56 43400
3896.89 3900
3181.91 3200
1060.17 1100
2.50 100
2293.77 2300
3195.34 3200
2825.63 2900
331.37 400
1692.97 1700
1518.19 1600
650.05 700
1141.52 1200
298.05 300
39455.49 39500
99.76 100
38608.30 38700
33649.21 33700
36104.07 36200
35829.45 35900
35330.91 35400
37271.97 37300
37222.14 37300
36304.58 36400
39567.29 39600
36747.37 36800
38456.10 38500
41427.33 41500
39348.01 39400
39117.05 39200
38526.15 38600
40381.58 40400
38464.75 38500
36469.34 36500
38061.58 38100
37140.63 37200
42659.33 42700
43008.23 43100
37661.32 37700
39295.22 39300
419.66 500
2782.92 2800
3323.07 3400
1150.33 1200
416.74 500
745.13 800
240.36 300
265.77 300
35332.92 35400
33598.39 33600
36733.14 36800
39974.59 40000
36491.97 36500
38271.10 38300
37793.12 37800
40692.34 40700
39643.69 39700
39457.59 39500
41685.75 41700
42410.24 42500
42664.23 42700
41777.31 41800
40061.50 40100
38269.79 38300
39163.34 39200
39193.46 39200
41137.91 41200
503.72 600
1478.53 1500
2249.80 2300
1168.27 1200
4066.24 4100
3692.23 3700
1709.85 1800
1515.88 1600
1186.45 1200
145.89 200
1626.80 1700
33166.77 33200
33779.12 33800
35965.32 36000
39320.87 39400
39940.05 40000
38478.25 38500
35407.95 35500
37351.86 37400
37679.28 37700
35271.38 35300
35361.73 35400
37478.04 37500
38459.09 38500
39600.97 39700
37997.63 38000
39577.35 39600
39252.29 39300
39400.37 39500
42894.32 42900
39447.08 39500
2013.02 2100
180.04 200
736.21 800
1552.17 1600
2051.35 2100
2503.32 2600
1071.04 1100
460.59 500
779.17 800
1190.24 1200
621.92 700
36321.83 36400
35577.06 35600
37354.82 37400
33774.97 33800
35401.58 35500
39427.68 39500
36390.37 36400
36910.00 37000
36828.67 36900
42316.29 42400
37243.20 37300
5.58 100
3.13 100
2.40 100
3.15 100
2.60 100
39294.22 39300
42213.41 42300
38304.23 38400
41740.01 41800
41350.55 41400
43800.18 43900
42116.42 42200
1196.62 1200
1555.20 1600
564.55 600
3593.41 3600
1979.41 2000
3907.57 4000
958.41 1000
942.08 1000
315.17 400
569.88 600
35681.39 35700
46.70 100
39268.13 39300
65.36 100
36405.60 36500
34663.51 34700
35020.02 35100
38842.15 38900
35155.07 35200
34046.27 34100
38441.70 38500
36857.39 36900
36299.07 36300
36864.75 36900
42262.15 42300
38528.90 38600
1607.79 1700
122.96 200
621.69 700
33485.46 33500
75.73 100
36381.87 36400
35881.93 35900
37641.71 37700
37935.54 38000
39598.51 39600
34590.82 34600
35714.34 35800
35276.59 35300
38199.86 38200
37169.12 37200
38564.63 38600
36677.87 36700
41220.59 41300
39900.23 40000
39607.60 39700
39581.21 39600
39453.55 39500
37984.75 38000
39191.29 39200
37697.02 37700
138.44 200
621.57 700
117.56 200
2605.59 2700
188.04 200
476.31 500
1347.72 1400
33311.36 33400
80.71 100
35023.45 35100
37553.17 37600
39462.21 39500
38642.99 38700
36146.92 36200
35258.90 35300
37230.51 37300
41763.11 41800
41065.46 41100
37989.92 38000
40476.32 40500
40357.51 40400
42157.57 42200
42246.22 42300
37204.71 37300
39286.75 39300
39529.45 39600
39282.01 39300
43069.90 43100
40207.80 40300
40797.17 40800
41556.90 41600
433.55 500
2840.97 2900
3060.54 3100
3931.32 4000
565.22 600
3579.60 3600
1142.43 1200
2606.29 2700
2135.02 2200
1030.44 1100
1419.69 1500
571.83 600
1029.77 1100
481.95 500
984.91 1000
448.95 500
38455.67 38500
86.18 100
35618.11 35700
33290.83 33300
39059.01 39100
37045.36 37100
38101.13 38200
37795.45 37800
35132.77 35200
35132.47 35200
35115.60 35200
40102.94 40200
41857.79 41900
36899.52 36900
36751.39 36800
38508.40 38600
36931.65 37000
41703.85 41800
38248.10 38300
37829.01 37900
42820.35 42900
41981.05 42000
39241.27 39300
479.65 500
1571.39 1600
2490.82 2500
1764.56 1800
2111.35 2200
2611.75 2700
282.45 300
3693.16 3700
1742.03 1800
1265.82 1300
741.99 800
317.19 400
899.78 900
68.95 100
1107.45 1200
1.26 100
0.70 100
0.76 100
1.01 100
0.95 100
0.70 100
0.75 100
1.02 100
0.87 100
0.72 100
0.89 100
0.83 100
0.81 100
0.76 100
0.89 100
0.68 100
0.78 100
0.82 100
0.79 100
0.97 100
0.77 100
0.83 100
16.92 100
0.85 100
0.75 100
10.50 100
0.80 100
0.80 100
0.74 100
0.76 100
0.75 100
1.00 100
0.99 100
0.71 100
0.98 100
0.71 100
0.72 100
0.75 100
0.75 100
0.89 100
0.94 100
0.87 100
0.83 100
0.95 100
0.81 100
0.83 100
0.75 100
1.01 100
0.76 100
0.70 100
0.74 100
1.00 100
0.78 100
0.74 100
0.74 100
0.85 100
0.73 100
0.68 100
0.75 100
0.71 100
34888.21 34900
35244.75 35300
34915.10 35000
33839.41 33900
40166.17 40200
35334.84 35400
37065.94 37100
36094.78 36100
37518.43 37600
37095.70 37100
35895.69 35900
10.41 100
1.90 100
25.77 100
3.77 100
4.10 100
38651.43 38700
2.28 100
39284.39 39300
38823.82 38900
41352.74 41400
42253.34 42300
39439.41 39500
39501.93 39600
42264.98 42300
346.17 400
3766.29 3800
1691.22 1700
1247.60 1300
1713.04 1800
3634.87 3700
440.97 500
189.01 200
1199.33 1200
1119.70 1200
564.74 600
1624.16 1700
33362.43 33400
38827.53 38900
39406.77 39500
35188.90 35200
38030.39 38100
35210.53 35300
37752.86 37800
38699.30 38700
40147.82 40200
38224.36 38300
38836.16 38900
14.08 100
1.67 100
4.02 100
2.04 100
23.09 100
3.50 100
41167.08 41200
40750.04 40800
38768.47 38800
42301.54 42400
42041.04 42100
43234.07 43300
39638.55 39700
43409.06 43500
446.70 500
112.90 200
1695.69 1700
271.16 300
2530.68 2600
4108.05 4200
2.00 100
90.38 100
1628.04 1700
918.39 1000
1557.77 1600
