1714.34 1800
6274.47 6300
1.88 100
4.85 100
1.90 100
1.96 100
5.47 100
3.47 100
7113.32 7200
7029.67 7100
6899.35 6900
30906.86 31000
31362.78 31400
32346.15 32400
29761.92 29800
3001.60 3100
218.01 300
1908.56 2000
1.98 100
219.71 300
477.57 500
912.30 1000
1515.02 1600
1002.65 1100
363.27 400
2191.28 2200
6190.65 6200
2.17 100
4.82 100
7.59 100
7.88 100
6.76 100
2.14 100
1.96 100
4.01 100
6518.19 6600
7571.30 7600
7458.92 7500
6755.07 6800
6940.56 7000
9955.21 10000
30958.56 31000
32564.07 32600
29140.38 29200
31772.68 31800
32178.29 32200
31446.57 31500
30677.55 30700
1146.75 1200
2584.16 2600
1362.46 1400
2470.93 2500
2912.48 3000
624.69 700
175.01 200
467.39 500
1675.14 1700
1638.29 1700
0.92 100
2178.14 2200
2461.70 2500
1037.93 1100
9.00 100
0.76 100
0.97 100
0.96 100
0.95 100
1.00 100
1.04 100
18.09 100
0.83 100
1.03 100
0.79 100
1.09 100
1.09 100
0.88 100
0.76 100
0.92 100
0.80 100
0.81 100
0.87 100
0.94 100
0.90 100
0.80 100
1.02 100
0.85 100
1.66 100
0.85 100
0.84 100
0.84 100
0.81 100
0.95 100
1.14 100
1.08 100
0.91 100
0.85 100
0.85 100
0.88 100
1.00 100
1.06 100
0.98 100
6800.54 6900
9347.81 9400
9767.67 9800
9682.30 9700
9847.41 9900
9868.46 9900
31204.60 31300
3.26 100
2.93 100
1.05 100
9.62 100
1.63 100
3.16 100
31158.50 31200
32020.11 32100
32378.80 32400
32735.41 32800
30663.05 30700
1280.54 1300
1849.02 1900
3348.29 3400
502.82 600
1396.38 1400
15.77 100
2.59 100
10.30 100
2.50 100
2.42 100
2.44 100
2.61 100
2.74 100
2.67 100
2.58 100
2.66 100
2.63 100
2.61 100
2.49 100
2.58 100
13.39 100
2.53 100
2.50 100
2.81 100
2.71 100
2.73 100
2.57 100
2.50 100
2.60 100
6709.10 6800
6899.48 6900
6740.68 6800
7320.62 7400
9717.18 9800
9763.80 9800
31569.57 31600
2.98 100
31138.37 31200
0.99 100
1.00 100
2.37 100
31331.38 31400
30904.85 31000
32139.65 32200
32397.68 32400
2797.10 2800
0.72 100
1330.86 1400
2.52 100
570.89 600
760.09 800
8.18 100
1067.37 1100
2403.38 2500
2027.83 2100
445.09 500
2.44 100
12.88 100
6281.65 6300
6506.10 6600
6610.67 6700
0.76 100
8783.42 8800
7261.99 7300
9691.91 9700
6921.71 7000
10542.20 10600
28580.01 28600
5.75 100
2.68 100
30255.95 30300
29444.66 29500
32651.28 32700
30386.51 30400
32356.17 32400
33532.17 33600
33103.65 33200
2871.28 2900
2366.39 2400
2659.84 2700
2661.17 2700
3.38 100
3196.21 3200
2.72 100
681.93 700
2.61 100
18.88 100
2.81 100
2.45 100
2.64 100
2.54 100
2.88 100
2.89 100
19.45 100
2.59 100
3.06 100
2.56 100
2.84 100
2.55 100
2.49 100
3.14 100
2.58 100
2.65 100
2.77 100
2.66 100
19.58 100
2.90 100
2.71 100
2.90 100
2.52 100
2.70 100
2.50 100
2.90 100
2.67 100
2.38 100
2.42 100
2.43 100
764.52 800
584.76 600
2.79 100
691.87 700
1849.71 1900
1973.86 2000
6573.94 6600
3.98 100
2.09 100
0.74 100
4.84 100
2.67 100
7072.38 7100
6519.18 6600
6680.39 6700
30839.23 30900
30743.79 30800
29297.50 29300
30950.17 31000
1019.40 1100
2643.89 2700
2.38 100
2.39 100
2.55 100
2.50 100
2.46 100
2.41 100
2.44 100
2.39 100
2.50 100
2.58 100
2.81 100
2.49 100
2.49 100
2.44 100
2.42 100
2.39 100
2.39 100
2.38 100
2.41 100
2.82 100
2.65 100
2.52 100
2.54 100
2.46 100
2.53 100
2.42 100
3.16 100
2.68 100
2.64 100
2.77 100
2.88 100
2.92 100
2.79 100
2.74 100
2.67 100
2.88 100
3.02 100
2.63 100
2.72 100
3.09 100
2.72 100
2.97 100
785.37 800
1168.71 1200
1433.58 1500
892.69 900
2.83 100
158.17 200
18.56 100
5760.08 5800
6822.05 6900
6524.50 6600
6339.67 6400
9941.42 10000
9721.29 9800
10529.34 10600
28940.86 29000
32009.72 32100
32411.58 32500
33025.28 33100
32263.94 32300
29309.26 29400
30481.83 30500
31159.17 31200
2036.41 2100
2554.67 2600
2822.31 2900
2051.44 2100
1361.49 1400
2.52 100
2.75 100
2.65 100
2.42 100
2.65 100
2.90 100
2.61 100
2.56 100
2.51 100
2.55 100
2.66 100
2.46 100
2.67 100
2.44 100
2.56 100
2.83 100
2.58 100
2.70 100
2.69 100
2.50 100
2.49 100
2.55 100
2.77 100
2.77 100
2.97 100
2.55 100
2.52 100
2.95 100
2.87 100
2.79 100
2.91 100
3.11 100
2.67 100
2.73 100
2.66 100
2.65 100
2.75 100
2.77 100
3.22 100
2.96 100
2.70 100
2.79 100
2.52 100
2.76 100
10.96 100
3.01 100
3.06 100
2.79 100
3.05 100
3.08 100
2.71 100
2.58 100
2.73 100
3.10 100
2.93 100
2.68 100
2.77 100
2.96 100
4.08 100
2.61 100
2.62 100
2.73 100
2.91 100
754.26 800
494.09 500
213.99 300
2222.78 2300
472.67 500
2.52 100
1719.74 1800
2108.18 2200
560.40 600
1634.64 1700
245.94 300
6239.23 6300
2.12 100
2.99 100
2.27 100
2.13 100
18.79 100
4.08 100
6750.32 6800
9087.44 9100
6670.15 6700
10175.26 10200
9760.98 9800
10066.58 10100
10018.17 10100
28320.29 28400
4.03 100
2.47 100
2.43 100
6.76 100
3.00 100
4.68 100
5.11 100
31921.60 32000
32008.03 32100
31441.69 31500
30148.86 30200
29008.97 29100
32821.80 32900
33217.25 33300
33609.31 33700
3014.48 3100
2067.41 2100
1555.59 1600
2705.58 2800
2.39 100
2.06 100
2.14 100
2.40 100
2.45 100
2.16 100
2.14 100
2.36 100
2.24 100
2.35 100
2.11 100
2.46 100
2.43 100
2.36 100
2.33 100
2.43 100
2.50 100
2.55 100
2.38 100
2.45 100
2.45 100
2.50 100
2.42 100
2.63 100
2.52 100
2.59 100
2.49 100
2.35 100
2.43 100
2.51 100
2.52 100
2.33 100
15.65 100
2.39 100
2.41 100
2.51 100
2.83 100
2.49 100
2.40 100
2.71 100
2.68 100
2.48 100
2.38 100
2.70 100
2.54 100
2.54 100
2.72 100
2.72 100
2.59 100
2.57 100
2.85 100
2.77 100
2.53 100
2.52 100
2.44 100
2.42 100
2.44 100
2.62 100
2.71 100
2.55 100
79.86 100
734.74 800
853.24 900
778.10 800
1161.44 1200
1491.97 1500
7538.28 7600
6617.63 6700
6621.00 6700
9753.68 9800
9944.44 10000
32381.51 32400
31712.86 31800
32422.86 32500
30470.39 30500
33561.83 33600
2964.68 3000
2.59 100
1893.68 1900
1819.75 1900
114.87 200
592.08 600
623.39 700
1567.00 1600
2289.41 2300
2.01 100
2.44 100
2.03 100
1.85 100
2.35 100
2.11 100
1.96 100
1.83 100
2.23 100
1.86 100
2.21 100
1.89 100
1.92 100
2.19 100
1.93 100
2.22 100
2.14 100
2.27 100
1.77 100
2.05 100
1.82 100
1.93 100
2.14 100
2.10 100
2.04 100
1.83 100
9.66 100
2.09 100
1.93 100
2.25 100
2.39 100
18.81 100
2.21 100
1.97 100
2.53 100
1.97 100
2.69 100
2.39 100
2.37 100
2.05 100
2.17 100
2.36 100
2.16 100
1.95 100
2.19 100
2.42 100
1.99 100
2.05 100
2.18 100
2.01 100
2.23 100
1.98 100
1.90 100
1.86 100
1.83 100
2.10 100
1.93 100
1.87 100
1.93 100
1.96 100
1.83 100
1.98 100
2.24 100
2.02 100
2.20 100
2.27 100
2.32 100
1.94 100
2.17 100
2.26 100
2.43 100
2.34 100
2.00 100
1.96 100
1.95 100
2.26 100
2.02 100
2.07 100
1.82 100
2.21 100
2.44 100
2.02 100
2.14 100
6138.10 6200
18.32 100
3.13 100
5.36 100
6.74 100
2.47 100
7216.51 7300
9809.68 9900
7025.82 7100
9847.36 9900
31528.77 31600
9.50 100
2.83 100
2.96 100
19.16 100
31755.88 31800
32537.19 32600
29137.00 29200
31019.85 31100
2794.16 2800
1926.24 2000
1750.23 1800
2318.12 2400
683.51 700
2093.00 2100
2011.76 2100
1139.11 1200
1.80 100
1044.43 1100
2231.34 2300
440.89 500
0.89 100
2.97 100
1404.53 1500
2.06 100
0.86 100
0.89 100
0.76 100
0.80 100
1.18 100
0.91 100
0.79 100
0.79 100
0.81 100
0.78 100
0.74 100
0.81 100
0.79 100
0.78 100
0.83 100
0.80 100
0.78 100
0.76 100
0.86 100
0.86 100
0.80 100
0.77 100
0.78 100
0.77 100
0.78 100
0.77 100
0.78 100
0.72 100
0.85 100
0.73 100
0.91 100
0.70 100
0.94 100
0.71 100
0.92 100
0.83 100
0.95 100
11.97 100
0.87 100
0.72 100
0.75 100
0.76 100
7554.08 7600
7354.43 7400
6771.63 6800
9336.94 9400
9468.46 9500
9742.52 9800
9606.12 9700
9780.70 9800
10242.30 10300
10046.56 10100
9970.17 10000
28836.73 28900
2.26 100
13.88 100
1.95 100
3.69 100
32179.41 32200
31431.88 31500
32847.89 32900
33147.19 33200
31837.60 31900
31987.48 32000
32324.90 32400
32664.31 32700
31610.65 31700
33584.18 33600
3214.77 3300
2440.75 2500
3351.39 3400
2100.65 2200
2.45 100
2157.86 2200
2297.23 2300
941.28 1000
2803.07 2900
2.62 100
39.69 100
300.53 400
2.43 100
515.91 600
2380.73 2400
2070.15 2100
2.11 100
1538.36 1600
15.51 100
7099.37 7100
6302.61 6400
6858.50 6900
7346.48 7400
6258.11 6300
6956.51 7000
6401.33 6500
9982.95 10000
9822.25 9900
6472.08 6500
9970.57 10000
30471.52 30500
1.06 100
31038.54 31100
1.01 100
31656.69 31700
2.13 100
2.83 100
1.07 100
2.20 100
4.51 100
1.15 100
1.76 100
31502.47 31600
31810.23 31900
32490.13 32500
30670.76 30700
32685.48 32700
31152.11 31200
32578.78 32600
32884.40 32900
2033.88 2100
1550.00 1600
3094.39 3100
3314.59 3400
2678.69 2700
2449.92 2500
85.65 100
297.36 300
1137.90 1200
1556.40 1600
2.49 100
5724.38 5800
6125.60 6200
7201.11 7300
6458.46 6500
7037.19 7100
7199.37 7200
9808.66 9900
7051.65 7100
29718.56 29800
3.50 100
2.96 100
2.19 100
5.90 100
5.59 100
3.90 100
2.34 100
31447.59 31500
30030.64 30100
32408.09 32500
29873.89 29900
32488.53 32500
31766.65 31800
31178.97 31200
2119.75 2200
2929.92 3000
2.35 100
2543.55 2600
2255.23 2300
4.13 100
260.63 300
2.53 100
698.23 700
92.02 100
259.01 300
2191.36 2200
2094.21 2100
6592.08 6600
6176.41 6200
9360.81 9400
7464.34 7500
6998.36 7000
7114.32 7200
31196.19 31200
4.54 100
7.13 100
2.65 100
31477.58 31500
2.13 100
6.75 100
5.47 100
4.18 100
3.24 100
2.20 100
2.28 100
31813.10 31900
31360.57 31400
32184.36 32200
30640.36 30700
2606.14 2700
1431.16 1500
1561.92 1600
211.60 300
2.29 100
1.99 100
2.32 100
1.81 100
2.06 100
1.84 100
1.75 100
2.17 100
2.11 100
1.79 100
2.15 100
7.47 100
2.05 100
2.32 100
2.31 100
2.15 100
2.54 100
2.18 100
2.31 100
1.83 100
2.22 100
1.78 100
1.80 100
1.90 100
1.83 100
1.95 100
2.31 100
2.00 100
11.18 100
1.83 100
2.27 100
1.92 100
1.92 100
1.85 100
1.79 100
1629.55 1700
355.65 400
6304.77 6400
6864.17 6900
7644.12 7700
10171.73 10200
29699.53 29700
0.85 100
3.15 100
0.99 100
2.86 100
17.76 100
0.85 100
31703.42 31800
33315.53 33400
31690.64 31700
2697.36 2700
1845.95 1900
2833.03 2900
2.48 100
714.87 800
1101.67 1200
195.57 200
2286.27 2300
13.20 100
1.83 100
7140.47 7200
6269.64 6300
9978.30 10000
10500.15 10600
31122.14 31200
9.28 100
3.15 100
29728.53 29800
2.28 100
1.81 100
2.09 100
6.34 100
7.19 100
3.05 100
2.39 100
4.93 100
29460.90 29500
33103.62 33200
33260.57 33300
2303.81 2400
2258.83 2300
1.76 100
1.76 100
1421.73 1500
2.28 100
8.44 100
543.93 600
652.63 700
2.07 100
20.53 100
945.90 1000
2243.01 2300
8.80 100
13.46 100
3.88 100
2.13 100
6807.75 6900
7471.18 7500
9407.93 9500
9678.91 9700
9365.81 9400
28233.16 28300
5.43 100
1.79 100
7.33 100
5.42 100
31154.34 31200
31376.12 31400
30045.62 30100
32952.76 33000
33708.03 33800
1976.67 2000
3381.40 3400
3450.46 3500
17.53 100
560.32 600
2436.28 2500
809.63 900
1128.15 1200
556.14 600
1681.60 1700
294.22 300
6283.43 6300
7034.99 7100
7656.57 7700
9109.85 9200
7074.35 7100
6711.65 6800
6455.16 6500
9175.08 9200
9748.32 9800
31505.54 31600
1.15 100
0.98 100
2.20 100
1.04 100
3.88 100
31041.94 31100
1.36 100
3.00 100
2.15 100
1.94 100
31095.38 31100
4.56 100
31665.76 31700
29153.44 29200
31562.85 31600
31985.73 32000
33473.79 33500
31034.10 31100
2236.12 2300
3025.31 3100
3230.72 3300
2.45 100
2.38 100
1059.73 1100
79.28 100
304.01 400
661.15 700
700.10 800
2201.18 2300
592.38 600
6430.64 6500
6521.66 6600
7015.61 7100
7495.92 7500
6344.12 6400
6503.51 6600
6697.73 6700
29093.54 29100
5.48 100
2.16 100
3.68 100
31522.31 31600
3.34 100
2.44 100
2.44 100
6.50 100
6.20 100
2.48 100
4.53 100
4.18 100
3.45 100
30922.75 31000
32397.95 32400
30101.56 30200
32634.68 32700
33017.93 33100
3351.75 3400
1838.64 1900
2286.30 2300
2.75 100
0.80 100
3230.08 3300
645.58 700
613.07 700
479.16 500
2.82 100
184.24 200
2.42 100
9.82 100
2.69 100
5.10 100
2.59 100
2.75 100
17.29 100
2.38 100
2.43 100
1893.89 1900
711.88 800
1475.39 1500
1353.80 1400
2135.64 2200
762.91 800
5605.51 5700
3.91 100
0.72 100
1.08 100
0.81 100
5865.66 5900
0.95 100
4.78 100
3.26 100
6495.56 6500
6923.33 7000
6309.84 6400
6656.69 6700
6617.87 6700
8547.79 8600
6367.05 6400
6874.78 6900
9071.71 9100
29743.30 29800
3.25 100
0.87 100
1.01 100
3.25 100
3.06 100
0.86 100
31582.08 31600
7.79 100
0.83 100
1.00 100
30052.30 30100
32027.81 32100
30203.83 30300
31641.75 31700
29733.35 29800
31138.58 31200
32395.76 32400
29785.14 29800
2824.88 2900
1221.12 1300
1414.54 1500
1016.35 1100
2225.91 2300
622.52 700
2.50 100
73.47 100
601.12 700
1094.99 1100
2228.45 2300
1834.52 1900
2271.62 2300
1899.87 1900
109.33 200
1.81 100
1.76 100
1.86 100
1.84 100
1.97 100
1.81 100
1.83 100
1.94 100
1.78 100
1.88 100
1.74 100
1.95 100
1.88 100
1.91 100
2.00 100
1.95 100
1.88 100
1.84 100
1.93 100
1.85 100
2.17 100
1.92 100
2.32 100
2.28 100
1.83 100
2.16 100
2.11 100
2.06 100
1.87 100
1.98 100
1.98 100
2.16 100
1.79 100
2.14 100
1.73 100
2.00 100
1.90 100
2.42 100
2.20 100
1.96 100
1.89 100
2.33 100
2.54 100
1.93 100
2.18 100
2.20 100
1.97 100
2.17 100
2.08 100
2.41 100
2.18 100
14.76 100
1.97 100
2.00 100
2.05 100
2.15 100
18.07 100
2.32 100
1.98 100
1.91 100
2.00 100
1.91 100
1.78 100
1.85 100
1.88 100
2.15 100
2.07 100
1.78 100
2.06 100
1.90 100
1.88 100
1.83 100
2.31 100
69.33 100
7497.25 7500
9111.96 9200
6779.73 6800
9596.70 9600
9782.08 9800
9826.67 9900
10213.62 10300
30290.23 30300
2.54 100
3.49 100
1.80 100
31854.15 31900
0.98 100
3.28 100
1.75 100
1.74 100
3.98 100
31857.16 31900
2.68 100
2.74 100
25.92 100
31748.49 31800
30167.81 30200
33299.02 33300
33120.89 33200
2621.46 2700
3065.03 3100
91.12 100
931.39 1000
131.54 200
1173.59 1200
2358.01 2400
5973.13 6000
1.92 100
1.81 100
2.60 100
3.14 100
6.20 100
8.56 100
0.72 100
0.76 100
7119.16 7200
6504.29 6600
6373.85 6400
10097.91 10100
9962.92 10000
27766.75 27800
30424.25 30500
2.75 100
5.02 100
2.53 100
1.80 100
9.82 100
6.16 100
31693.72 31700
2.24 100
2.37 100
3.13 100
2.17 100
3.86 100
32420.28 32500
29355.38 29400
29227.70 29300
33078.32 33100
2683.56 2700
2.33 100
572.01 600
1315.69 1400
2233.31 2300
495.41 500
825.76 900
2.64 100
1968.34 2000
469.81 500
1818.78 1900
6165.95 6200
2.73 100
6877.15 6900
7278.73 7300
6494.35 6500
9898.80 9900
9696.99 9700
9737.50 9800
9731.78 9800
31984.43 32000
31900.86 32000
2.18 100
31892.64 31900
3.41 100
6.14 100
29484.04 29500
30986.47 31000
30851.13 30900
32807.28 32900
30797.79 30800
2441.81 2500
2276.45 2300
1489.27 1500
2.66 100
2405.72 2500
2477.84 2500
2.79 100
2.54 100
2.63 100
2.40 100
2.40 100
16.31 100
442.78 500
518.24 600
747.03 800
2.62 100
2.49 100
2.77 100
2.51 100
2.44 100
2.58 100
2.53 100
2.60 100
2.97 100
2.52 100
2.56 100
2.68 100
2.87 100
2.80 100
2.74 100
2.74 100
2.43 100
2.83 100
2.73 100
2.76 100
2.42 100
2.37 100
2.40 100
2.41 100
2.42 100
2.45 100
2.42 100
2.46 100
2.56 100
2.56 100
14.08 100
2.49 100
2.52 100
2.44 100
2.44 100
2.45 100
2.46 100
3.67 100
2.55 100
2.47 100
630.30 700
464.44 500
142.76 200
4.22 100
203.76 300
108.82 200
8.99 100
7491.20 7500
7023.64 7100
9027.49 9100
6279.65 6300
9591.70 9600
10651.26 10700
31645.45 31700
1.24 100
1.32 100
0.83 100
8.81 100
3.53 100
1.29 100
2.41 100
1.90 100
31234.17 31300
32576.72 32600
29745.05 29800
30487.75 30500
29782.49 29800
31891.29 31900
2742.09 2800
2514.23 2600
2224.73 2300
529.91 600
2.79 100
2.63 100
2.51 100
2.87 100
2.62 100
2.60 100
2.72 100
2.73 100
2.76 100
2.54 100
2.74 100
2.55 100
2.39 100
2.53 100
2.45 100
2.61 100
2.67 100
2.72 100
2.52 100
19.59 100
2.83 100
2.52 100
2.85 100
2.78 100
2.77 100
3.05 100
2.80 100
2.68 100
1127.72 1200
1916.98 2000
1380.15 1400
857.48 900
1927.77 2000
6101.81 6200
2.20 100
2.34 100
8.38 100
6653.33 6700
6551.46 6600
6061.86 6100
6241.40 6300
6505.66 6600
9583.25 9600
9924.88 10000
28618.49 28700
28012.34 28100
2.23 100
2.31 100
3.60 100
3.97 100
2.49 100
3.01 100
6.72 100
4.81 100
31681.42 31700
4.12 100
2.63 100
2.79 100
31905.31 32000
2.46 100
2.57 100
4.85 100
2.67 100
30304.53 30400
32064.89 32100
30541.23 30600
30054.44 30100
2109.29 2200
2.65 100
1039.22 1100
1168.14 1200
0.83 100
2.19 100
0.79 100
0.81 100
465.50 500
723.76 800
0.77 100
0.69 100
97.28 100
1.92 100
0.73 100
1.89 100
2.10 100
2.10 100
2.14 100
2.20 100
2.05 100
2.41 100
0.75 100
2.14 100
0.73 100
2.05 100
1.81 100
1.90 100
1.97 100
2.26 100
1.90 100
1.96 100
0.99 100
0.81 100
1.90 100
0.83 100
0.91 100
0.95 100
1.90 100
0.73 100
0.74 100
2.13 100
0.94 100
1.98 100
2.01 100
0.72 100
0.72 100
0.71 100
0.77 100
19.72 100
0.75 100
1.96 100
9.15 100
0.77 100
1.83 100
0.81 100
1.96 100
0.81 100
0.72 100
2.10 100
0.84 100
0.74 100
0.82 100
1.96 100
2.25 100
12.85 100
0.78 100
2.02 100
1.83 100
0.93 100
2.23 100
2.16 100
0.87 100
1.09 100
0.77 100
0.72 100
0.74 100
0.76 100
0.69 100
0.80 100
0.98 100
75.00 100
317.25 400
1579.08 1600
6439.94 6500
5962.36 6000
6451.56 6500
6513.30 6600
6179.55 6200
9771.42 9800
29859.92 29900
1.82 100
3.76 100
1.87 100
5.27 100
4.19 100
4.68 100
30097.76 30100
29687.10 29700
32425.56 32500
29549.46 29600
32535.52 32600
1495.63 1500
2343.87 2400
306.32 400
2.54 100
1.04 100
240.06 300
189.44 200
402.50 500
1268.73 1300
2158.61 2200
2072.18 2100
6128.79 6200
0.84 100
0.94 100
2.37 100
5.49 100
6.33 100
2.83 100
0.80 100
1.65 100
6944.17 7000
6756.78 6800
6679.32 6700
6757.45 6800
7531.69 7600
9417.02 9500
30527.62 30600
28996.28 29000
30094.56 30100
30800.44 30900
31917.72 32000
29474.00 29500
32258.69 32300
2152.19 2200
65.15 100
2381.81 2400
610.17 700
0.76 100
475.60 500
937.24 1000
1005.16 1100
1607.45 1700
14.23 100
6.78 100
1.88 100
6442.62 6500
6551.17 6600
6989.76 7000
6275.87 6300
9698.10 9700
6574.53 6600
9814.41 9900
30685.83 30700
2.41 100
2.39 100
2.53 100
2.36 100
31539.98 31600
7.99 100
8.56 100
0.90 100
3.63 100
3.60 100
2.93 100
28988.73 29000
29337.06 29400
32709.28 32800
33167.57 33200
32185.28 32200
31340.04 31400
2183.31 2200
2094.72 2100
2382.04 2400
2534.54 2600
2.37 100
2.87 100
2.75 100
2.53 100
2.87 100
2.86 100
2.54 100
2.86 100
2.66 100
2.73 100
2.59 100
2.91 100
3.06 100
2.69 100
2.80 100
2.98 100
2.76 100
14.00 100
3.05 100
17.12 100
2.78 100
2.60 100
2.84 100
2.90 100
2.89 100
2.58 100
3.00 100
2.86 100
11.58 100
2.62 100
2.52 100
2.53 100
2.43 100
2.83 100
2.70 100
2.53 100
2.66 100
2.84 100
2.87 100
2.69 100
2.65 100
3.02 100
2.78 100
2.63 100
17.97 100
2.59 100
2.98 100
2.76 100
2.67 100
2.61 100
108.83 200
113.16 200
874.82 900
2.55 100
2.55 100
2.61 100
2.91 100
2.53 100
2.91 100
2.80 100
2.90 100
2.73 100
2.59 100
3.01 100
2.62 100
2.66 100
2.63 100
3.04 100
2.67 100
2.56 100
2.69 100
2.46 100
2.41 100
2.39 100
2.39 100
2.43 100
2.44 100
2.42 100
2.41 100
2.45 100
2.45 100
2.50 100
2.40 100
2.40 100
2.45 100
1124.74 1200
1053.46 1100
1.99 100
1482.98 1500
2.45 100
2065.00 2100
1622.22 1700
7173.18 7200
9334.74 9400
9469.66 9500
6501.60 6600
7043.02 7100
6502.84 6600
10307.55 10400
10195.46 10200
28876.18 28900
10.89 100
2.07 100
31110.05 31200
5.73 100
6.74 100
1.93 100
2.81 100
2.15 100
1.85 100
32196.82 32200
31464.30 31500
32483.96 32500
32176.79 32200
32775.83 32800
32834.63 32900
1459.22 1500
2367.46 2400
2.45 100
2660.53 2700
1.96 100
2.87 100
700.11 800
607.69 700
1431.74 1500
13.42 100
1354.65 1400
534.08 600
5921.01 6000
0.78 100
0.75 100
0.75 100
0.73 100
4.98 100
6372.74 6400
6743.97 6800
6808.86 6900
9999.78 10000
10296.94 10300
31154.26 31200
2.09 100
2.80 100
29958.19 30000
0.80 100
1.85 100
0.89 100
1.80 100
5.31 100
6.37 100
3.18 100
0.75 100
2.41 100
1.72 100
1.91 100
32488.50 32500
29225.84 29300
30013.26 30100
33199.44 33200
3069.30 3100
1965.61 2000
2890.04 2900
2.59 100
597.30 600
1714.34 1800
6274.47 6300
1.88 100
4.85 100
1.90 100
1.96 100
5.47 100
3.47 100
7113.32 7200
7029.67 7100
6899.35 6900
30906.86 31000
31362.78 31400
32346.15 32400
29761.92 29800
3001.60 3100
218.01 300
1908.56 2000
1.98 100
219.71 300
477.57 500
912.30 1000
1515.02 1600
1002.65 1100
363.27 400
2191.28 2200
6190.65 6200
2.17 100
4.82 100
7.59 100
7.88 100
6.76 100
2.14 100
1.96 100
4.01 100
6518.19 6600
7571.30 7600
7458.92 7500
6755.07 6800
6940.56 7000
9955.21 10000
30958.56 31000
32564.07 32600
29140.38 29200
31772.68 31800
32178.29 32200
31446.57 31500
30677.55 30700
1146.75 1200
2584.16 2600
1362.46 1400
2470.93 2500
2912.48 3000
624.69 700
175.01 200
467.39 500
1675.14 1700
1638.29 1700
0.92 100
2178.14 2200
2461.70 2500
1037.93 1100
9.00 100
0.76 100
0.97 100
0.96 100
0.95 100
1.00 100
1.04 100
18.09 100
0.83 100
1.03 100
0.79 100
1.09 100
1.09 100
0.88 100
0.76 100
0.92 100
0.80 100
0.81 100
0.87 100
0.94 100
0.90 100
0.80 100
1.02 100
0.85 100
1.66 100
0.85 100
0.84 100
0.84 100
0.81 100
0.95 100
1.14 100
1.08 100
0.91 100
0.85 100
0.85 100
0.88 100
1.00 100
1.06 100
0.98 100
6800.54 6900
9347.81 9400
9767.67 9800
9682.30 9700
9847.41 9900
9868.46 9900
31204.60 31300
3.26 100
2.93 100
1.05 100
9.62 100
1.63 100
3.16 100
31158.50 31200
32020.11 32100
32378.80 32400
32735.41 32800
30663.05 30700
1280.54 1300
1849.02 1900
3348.29 3400
502.82 600
1396.38 1400
15.77 100
2.59 100
10.30 100
2.50 100
2.42 100
2.44 100
2.61 100
2.74 100
2.67 100
2.58 100
2.66 100
2.63 100
2.61 100
2.49 100
2.58 100
13.39 100
2.53 100
2.50 100
2.81 100
2.71 100
2.73 100
2.57 100
2.50 100
2.60 100
6709.10 6800
6899.48 6900
6740.68 6800
7320.62 7400
9717.18 9800
9763.80 9800
31569.57 31600
2.98 100
31138.37 31200
0.99 100
1.00 100
2.37 100
31331.38 31400
30904.85 31000
32139.65 32200
32397.68 32400
2797.10 2800
0.72 100
1330.86 1400
2.52 100
570.89 600
760.09 800
8.18 100
1067.37 1100
2403.38 2500
2027.83 2100
445.09 500
2.44 100
12.88 100
6281.65 6300
6506.10 6600
6610.67 6700
0.76 100
8783.42 8800
7261.99 7300
9691.91 9700
6921.71 7000
10542.20 10600
28580.01 28600
5.75 100
2.68 100
30255.95 30300
29444.66 29500
32651.28 32700
30386.51 30400
32356.17 32400
33532.17 33600
33103.65 33200
2871.28 2900
2366.39 2400
2659.84 2700
2661.17 2700
3.38 100
3196.21 3200
2.72 100
681.93 700
2.61 100
18.88 100
2.81 100
2.45 100
2.64 100
2.54 100
2.88 100
2.89 100
19.45 100
2.59 100
3.06 100
2.56 100
2.84 100
2.55 100
2.49 100
3.14 100
2.58 100
2.65 100
2.77 100
2.66 100
19.58 100
2.90 100
2.71 100
2.90 100
2.52 100
2.70 100
2.50 100
2.90 100
2.67 100
2.38 100
2.42 100
2.43 100
764.52 800
584.76 600
2.79 100
691.87 700
1849.71 1900
1973.86 2000
6573.94 6600
3.98 100
2.09 100
0.74 100
4.84 100
2.67 100
7072.38 7100
6519.18 6600
6680.39 6700
30839.23 30900
30743.79 30800
29297.50 29300
30950.17 31000
1019.40 1100
2643.89 2700
2.38 100
2.39 100
2.55 100
2.50 100
2.46 100
2.41 100
2.44 100
2.39 100
2.50 100
2.58 100
2.81 100
2.49 100
2.49 100
2.44 100
2.42 100
2.39 100
2.39 100
2.38 100
2.41 100
2.82 100
2.65 100
2.52 100
2.54 100
2.46 100
2.53 100
2.42 100
3.16 100
2.68 100
2.64 100
2.77 100
2.88 100
2.92 100
2.79 100
2.74 100
2.67 100
2.88 100
3.02 100
2.63 100
2.72 100
3.09 100
2.72 100
2.97 100
785.37 800
1168.71 1200
1433.58 1500
892.69 900
2.83 100
158.17 200
18.56 100
5760.08 5800
6822.05 6900
6524.50 6600
6339.67 6400
9941.42 10000
9721.29 9800
10529.34 10600
28940.86 29000
32009.72 32100
32411.58 32500
33025.28 33100
32263.94 32300
29309.26 29400
30481.83 30500
31159.17 31200
2036.41 2100
2554.67 2600
2822.31 2900
2051.44 2100
1361.49 1400
2.52 100
2.75 100
2.65 100
2.42 100
2.65 100
2.90 100
2.61 100
2.56 100
2.51 100
2.55 100
2.66 100
2.46 100
2.67 100
2.44 100
2.56 100
2.83 100
2.58 100
2.70 100
2.69 100
2.50 100
2.49 100
2.55 100
2.77 100
2.77 100
2.97 100
2.55 100
2.52 100
2.95 100
2.87 100
2.79 100
2.91 100
3.11 100
2.67 100
2.73 100
2.66 100
2.65 100
2.75 100
2.77 100
3.22 100
2.96 100
2.70 100
2.79 100
2.52 100
2.76 100
10.96 100
3.01 100
3.06 100
2.79 100
3.05 100
3.08 100
2.71 100
2.58 100
2.73 100
3.10 100
2.93 100
2.68 100
2.77 100
2.96 100
4.08 100
2.61 100
2.62 100
2.73 100
2.91 100
754.26 800
494.09 500
213.99 300
2222.78 2300
472.67 500
2.52 100
1719.74 1800
2108.18 2200
560.40 600
1634.64 1700
245.94 300
6239.23 6300
2.12 100
2.99 100
2.27 100
2.13 100
18.79 100
4.08 100
6750.32 6800
9087.44 9100
6670.15 6700
10175.26 10200
9760.98 9800
10066.58 10100
10018.17 10100
28320.29 28400
4.03 100
2.47 100
2.43 100
6.76 100
3.00 100
4.68 100
5.11 100
31921.60 32000
32008.03 32100
31441.69 31500
30148.86 30200
29008.97 29100
32821.80 32900
33217.25 33300
33609.31 33700
3014.48 3100
2067.41 2100
1555.59 1600
2705.58 2800
2.39 100
2.06 100
2.14 100
2.40 100
2.45 100
2.16 100
2.14 100
2.36 100
2.24 100
2.35 100
2.11 100
2.46 100
2.43 100
2.36 100
2.33 100
2.43 100
2.50 100
2.55 100
2.38 100
2.45 100
2.45 100
2.50 100
2.42 100
2.63 100
2.52 100
2.59 100
2.49 100
2.35 100
2.43 100
2.51 100
2.52 100
2.33 100
15.65 100
2.39 100
2.41 100
2.51 100
2.83 100
2.49 100
2.40 100
2.71 100
2.68 100
2.48 100
2.38 100
2.70 100
2.54 100
2.54 100
2.72 100
2.72 100
2.59 100
2.57 100
2.85 100
2.77 100
2.53 100
2.52 100
2.44 100
2.42 100
2.44 100
2.62 100
2.71 100
2.55 100
79.86 100
734.74 800
853.24 900
778.10 800
1161.44 1200
1491.97 1500
7538.28 7600
6617.63 6700
6621.00 6700
9753.68 9800
9944.44 10000
32381.51 32400
31712.86 31800
32422.86 32500
30470.39 30500
33561.83 33600
2964.68 3000
2.59 100
1893.68 1900
1819.75 1900
114.87 200
592.08 600
623.39 700
1567.00 1600
2289.41 2300
2.01 100
2.44 100
2.03 100
1.85 100
2.35 100
2.11 100
1.96 100
1.83 100
2.23 100
1.86 100
2.21 100
1.89 100
1.92 100
2.19 100
1.93 100
2.22 100
2.14 100
2.27 100
1.77 100
2.05 100
1.82 100
1.93 100
2.14 100
2.10 100
2.04 100
1.83 100
9.66 100
2.09 100
1.93 100
2.25 100
2.39 100
18.81 100
2.21 100
1.97 100
2.53 100
1.97 100
2.69 100
2.39 100
2.37 100
2.05 100
2.17 100
2.36 100
2.16 100
1.95 100
2.19 100
2.42 100
1.99 100
2.05 100
2.18 100
2.01 100
2.23 100
1.98 100
1.90 100
1.86 100
1.83 100
2.10 100
1.93 100
1.87 100
1.93 100
1.96 100
1.83 100
1.98 100
2.24 100
2.02 100
2.20 100
2.27 100
2.32 100
1.94 100
2.17 100
2.26 100
2.43 100
2.34 100
2.00 100
1.96 100
1.95 100
2.26 100
2.02 100
2.07 100
1.82 100
2.21 100
2.44 100
2.02 100
2.14 100
6138.10 6200
18.32 100
3.13 100
5.36 100
6.74 100
2.47 100
7216.51 7300
9809.68 9900
7025.82 7100
9847.36 9900
31528.77 31600
9.50 100
2.83 100
2.96 100
19.16 100
31755.88 31800
32537.19 32600
29137.00 29200
31019.85 31100
2794.16 2800
1926.24 2000
1750.23 1800
2318.12 2400
683.51 700
2093.00 2100
2011.76 2100
1139.11 1200
1.80 100
1044.43 1100
2231.34 2300
440.89 500
0.89 100
2.97 100
1404.53 1500
2.06 100
0.86 100
0.89 100
0.76 100
0.80 100
1.18 100
0.91 100
0.79 100
0.79 100
0.81 100
0.78 100
0.74 100
0.81 100
0.79 100
0.78 100
0.83 100
0.80 100
0.78 100
0.76 100
0.86 100
0.86 100
0.80 100
0.77 100
0.78 100
0.77 100
0.78 100
0.77 100
0.78 100
0.72 100
0.85 100
0.73 100
0.91 100
0.70 100
0.94 100
0.71 100
0.92 100
0.83 100
0.95 100
11.97 100
0.87 100
0.72 100
0.75 100
0.76 100
7554.08 7600
7354.43 7400
6771.63 6800
9336.94 9400
9468.46 9500
9742.52 9800
9606.12 9700
9780.70 9800
10242.30 10300
10046.56 10100
9970.17 10000
28836.73 28900
2.26 100
13.88 100
1.95 100
3.69 100
32179.41 32200
31431.88 31500
32847.89 32900
33147.19 33200
31837.60 31900
31987.48 32000
32324.90 32400
32664.31 32700
31610.65 31700
33584.18 33600
3214.77 3300
2440.75 2500
3351.39 3400
2100.65 2200
2.45 100
2157.86 2200
2297.23 2300
941.28 1000
2803.07 2900
2.62 100
39.69 100
300.53 400
2.43 100
515.91 600
2380.73 2400
2070.15 2100
2.11 100
1538.36 1600
15.51 100
7099.37 7100
6302.61 6400
6858.50 6900
7346.48 7400
6258.11 6300
6956.51 7000
6401.33 6500
9982.95 10000
9822.25 9900
6472.08 6500
9970.57 10000
30471.52 30500
1.06 100
31038.54 31100
1.01 100
31656.69 31700
2.13 100
2.83 100
1.07 100
2.20 100
4.51 100
1.15 100
1.76 100
31502.47 31600
31810.23 31900
32490.13 32500
30670.76 30700
32685.48 32700
31152.11 31200
32578.78 32600
32884.40 32900
2033.88 2100
1550.00 1600
3094.39 3100
3314.59 3400
2678.69 2700
2449.92 2500
85.65 100
297.36 300
1137.90 1200
1556.40 1600
2.49 100
5724.38 5800
6125.60 6200
7201.11 7300
6458.46 6500
7037.19 7100
7199.37 7200
9808.66 9900
7051.65 7100
29718.56 29800
3.50 100
2.96 100
2.19 100
5.90 100
5.59 100
3.90 100
2.34 100
31447.59 31500
30030.64 30100
32408.09 32500
29873.89 29900
32488.53 32500
31766.65 31800
31178.97 31200
2119.75 2200
2929.92 3000
2.35 100
2543.55 2600
2255.23 2300
4.13 100
260.63 300
2.53 100
698.23 700
92.02 100
259.01 300
2191.36 2200
2094.21 2100
6592.08 6600
6176.41 6200
9360.81 9400
7464.34 7500
6998.36 7000
7114.32 7200
31196.19 31200
4.54 100
7.13 100
2.65 100
31477.58 31500
2.13 100
6.75 100
5.47 100
4.18 100
3.24 100
2.20 100
2.28 100
31813.10 31900
31360.57 31400
32184.36 32200
30640.36 30700
2606.14 2700
1431.16 1500
1561.92 1600
211.60 300
2.29 100
1.99 100
2.32 100
1.81 100
2.06 100
1.84 100
1.75 100
2.17 100
2.11 100
1.79 100
2.15 100
7.47 100
2.05 100
2.32 100
2.31 100
2.15 100
2.54 100
2.18 100
2.31 100
1.83 100
2.22 100
1.78 100
1.80 100
1.90 100
1.83 100
1.95 100
2.31 100
2.00 100
11.18 100
1.83 100
2.27 100
1.92 100
1.92 100
1.85 100
1.79 100
1629.55 1700
355.65 400
6304.77 6400
6864.17 6900
7644.12 7700
10171.73 10200
29699.53 29700
0.85 100
3.15 100
0.99 100
2.86 100
17.76 100
0.85 100
31703.42 31800
33315.53 33400
31690.64 31700
2697.36 2700
1845.95 1900
2833.03 2900
2.48 100
714.87 800
1101.67 1200
195.57 200
2286.27 2300
13.20 100
1.83 100
7140.47 7200
6269.64 6300
9978.30 10000
10500.15 10600
31122.14 31200
9.28 100
3.15 100
29728.53 29800
2.28 100
1.81 100
2.09 100
6.34 100
7.19 100
3.05 100
2.39 100
4.93 100
29460.90 29500
33103.62 33200
33260.57 33300
2303.81 2400
2258.83 2300
1.76 100
1.76 100
1421.73 1500
2.28 100
8.44 100
543.93 600
652.63 700
2.07 100
20.53 100
945.90 1000
2243.01 2300
8.80 100
13.46 100
3.88 100
2.13 100
6807.75 6900
7471.18 7500
9407.93 9500
9678.91 9700
9365.81 9400
28233.16 28300
5.43 100
1.79 100
7.33 100
5.42 100
31154.34 31200
31376.12 31400
30045.62 30100
32952.76 33000
33708.03 33800
1976.67 2000
3381.40 3400
3450.46 3500
17.53 100
560.32 600
2436.28 2500
809.63 900
1128.15 1200
556.14 600
1681.60 1700
294.22 300
6283.43 6300
7034.99 7100
7656.57 7700
9109.85 9200
7074.35 7100
6711.65 6800
6455.16 6500
9175.08 9200
9748.32 9800
31505.54 31600
1.15 100
0.98 100
2.20 100
1.04 100
3.88 100
31041.94 31100
1.36 100
3.00 100
2.15 100
1.94 100
31095.38 31100
4.56 100
31665.76 31700
29153.44 29200
31562.85 31600
31985.73 32000
33473.79 33500
31034.10 31100
2236.12 2300
3025.31 3100
3230.72 3300
2.45 100
2.38 100
1059.73 1100
79.28 100
304.01 400
661.15 700
700.10 800
2201.18 2300
592.38 600
6430.64 6500
6521.66 6600
7015.61 7100
7495.92 7500
6344.12 6400
6503.51 6600
6697.73 6700
29093.54 29100
5.48 100
2.16 100
3.68 100
31522.31 31600
3.34 100
2.44 100
2.44 100
6.50 100
6.20 100
2.48 100
4.53 100
4.18 100
3.45 100
30922.75 31000
32397.95 32400
30101.56 30200
32634.68 32700
33017.93 33100
3351.75 3400
1838.64 1900
2286.30 2300
2.75 100
0.80 100
3230.08 3300
645.58 700
613.07 700
479.16 500
2.82 100
184.24 200
2.42 100
9.82 100
2.69 100
5.10 100
2.59 100
2.75 100
17.29 100
2.38 100
2.43 100
1893.89 1900
711.88 800
1475.39 1500
1353.80 1400
2135.64 2200
762.91 800
5605.51 5700
3.91 100
0.72 100
1.08 100
0.81 100
5865.66 5900
0.95 100
4.78 100
3.26 100
6495.56 6500
6923.33 7000
6309.84 6400
6656.69 6700
6617.87 6700
8547.79 8600
6367.05 6400
6874.78 6900
9071.71 9100
29743.30 29800
3.25 100
0.87 100
1.01 100
3.25 100
3.06 100
0.86 100
31582.08 31600
7.79 100
0.83 100
1.00 100
30052.30 30100
32027.81 32100
30203.83 30300
31641.75 31700
29733.35 29800
31138.58 31200
32395.76 32400
29785.14 29800
2824.88 2900
1221.12 1300
1414.54 1500
1016.35 1100
2225.91 2300
622.52 700
2.50 100
73.47 100
601.12 700
1094.99 1100
2228.45 2300
1834.52 1900
2271.62 2300
1899.87 1900
109.33 200
1.81 100
1.76 100
1.86 100
1.84 100
1.97 100
1.81 100
1.83 100
1.94 100
1.78 100
1.88 100
1.74 100
1.95 100
1.88 100
1.91 100
2.00 100
1.95 100
1.88 100
1.84 100
1.93 100
1.85 100
2.17 100
1.92 100
2.32 100
2.28 100
1.83 100
2.16 100
2.11 100
2.06 100
1.87 100
1.98 100
1.98 100
2.16 100
1.79 100
2.14 100
1.73 100
2.00 100
1.90 100
2.42 100
2.20 100
1.96 100
1.89 100
2.33 100
2.54 100
1.93 100
2.18 100
2.20 100
1.97 100
2.17 100
2.08 100
2.41 100
2.18 100
14.76 100
1.97 100
2.00 100
2.05 100
2.15 100
18.07 100
2.32 100
1.98 100
1.91 100
2.00 100
1.91 100
1.78 100
1.85 100
1.88 100
2.15 100
2.07 100
1.78 100
2.06 100
1.90 100
1.88 100
1.83 100
2.31 100
69.33 100
7497.25 7500
9111.96 9200
6779.73 6800
9596.70 9600
9782.08 9800
9826.67 9900
10213.62 10300
30290.23 30300
2.54 100
3.49 100
1.80 100
31854.15 31900
0.98 100
3.28 100
1.75 100
1.74 100
3.98 100
31857.16 31900
2.68 100
2.74 100
25.92 100
31748.49 31800
30167.81 30200
33299.02 33300
33120.89 33200
2621.46 2700
3065.03 3100
91.12 100
931.39 1000
131.54 200
1173.59 1200
2358.01 2400
5973.13 6000
1.92 100
1.81 100
2.60 100
3.14 100
6.20 100
8.56 100
0.72 100
0.76 100
7119.16 7200
6504.29 6600
6373.85 6400
10097.91 10100
9962.92 10000
27766.75 27800
30424.25 30500
2.75 100
5.02 100
2.53 100
1.80 100
9.82 100
6.16 100
31693.72 31700
2.24 100
2.37 100
3.13 100
2.17 100
3.86 100
32420.28 32500
29355.38 29400
29227.70 29300
33078.32 33100
2683.56 2700
2.33 100
572.01 600
1315.69 1400
2233.31 2300
495.41 500
825.76 900
2.64 100
1968.34 2000
469.81 500
1818.78 1900
6165.95 6200
2.73 100
6877.15 6900
7278.73 7300
6494.35 6500
9898.80 9900
9696.99 9700
9737.50 9800
9731.78 9800
31984.43 32000
31900.86 32000
2.18 100
31892.64 31900
3.41 100
6.14 100
29484.04 29500
30986.47 31000
30851.13 30900
32807.28 32900
30797.79 30800
2441.81 2500
2276.45 2300
1489.27 1500
2.66 100
2405.72 2500
2477.84 2500
2.79 100
2.54 100
2.63 100
2.40 100
2.40 100
16.31 100
442.78 500
518.24 600
747.03 800
2.62 100
2.49 100
2.77 100
2.51 100
2.44 100
2.58 100
2.53 100
2.60 100
2.97 100
2.52 100
2.56 100
2.68 100
2.87 100
2.80 100
2.74 100
2.74 100
2.43 100
2.83 100
2.73 100
2.76 100
2.42 100
2.37 100
2.40 100
2.41 100
2.42 100
2.45 100
2.42 100
2.46 100
2.56 100
2.56 100
14.08 100
2.49 100
2.52 100
2.44 100
2.44 100
2.45 100
2.46 100
3.67 100
2.55 100
2.47 100
630.30 700
464.44 500
142.76 200
4.22 100
203.76 300
108.82 200
8.99 100
7491.20 7500
7023.64 7100
9027.49 9100
6279.65 6300
9591.70 9600
10651.26 10700
31645.45 31700
1.24 100
1.32 100
0.83 100
8.81 100
3.53 100
1.29 100
2.41 100
1.90 100
31234.17 31300
32576.72 32600
29745.05 29800
30487.75 30500
29782.49 29800
31891.29 31900
2742.09 2800
2514.23 2600
2224.73 2300
529.91 600
2.79 100
2.63 100
2.51 100
2.87 100
2.62 100
2.60 100
2.72 100
2.73 100
2.76 100
2.54 100
2.74 100
2.55 100
2.39 100
2.53 100
2.45 100
2.61 100
2.67 100
2.72 100
2.52 100
19.59 100
2.83 100
2.52 100
2.85 100
2.78 100
2.77 100
3.05 100
2.80 100
2.68 100
1127.72 1200
1916.98 2000
1380.15 1400
857.48 900
1927.77 2000
6101.81 6200
2.20 100
2.34 100
8.38 100
6653.33 6700
6551.46 6600
6061.86 6100
6241.40 6300
6505.66 6600
9583.25 9600
9924.88 10000
28618.49 28700
28012.34 28100
2.23 100
2.31 100
3.60 100
3.97 100
2.49 100
3.01 100
6.72 100
4.81 100
31681.42 31700
4.12 100
2.63 100
2.79 100
31905.31 32000
2.46 100
2.57 100
4.85 100
2.67 100
30304.53 30400
32064.89 32100
30541.23 30600
30054.44 30100
2109.29 2200
2.65 100
1039.22 1100
1168.14 1200
0.83 100
2.19 100
0.79 100
0.81 100
465.50 500
723.76 800
0.77 100
0.69 100
97.28 100
1.92 100
0.73 100
1.89 100
2.10 100
2.10 100
2.14 100
2.20 100
2.05 100
2.41 100
0.75 100
2.14 100
0.73 100
2.05 100
1.81 100
1.90 100
1.97 100
2.26 100
1.90 100
1.96 100
0.99 100
0.81 100
1.90 100
0.83 100
0.91 100
0.95 100
1.90 100
0.73 100
0.74 100
2.13 100
0.94 100
1.98 100
2.01 100
0.72 100
0.72 100
0.71 100
0.77 100
19.72 100
0.75 100
1.96 100
9.15 100
0.77 100
1.83 100
0.81 100
1.96 100
0.81 100
0.72 100
2.10 100
0.84 100
0.74 100
0.82 100
1.96 100
2.25 100
12.85 100
0.78 100
2.02 100
1.83 100
0.93 100
2.23 100
2.16 100
0.87 100
1.09 100
0.77 100
0.72 100
0.74 100
0.76 100
0.69 100
0.80 100
0.98 100
75.00 100
317.25 400
1579.08 1600
6439.94 6500
5962.36 6000
6451.56 6500
6513.30 6600
6179.55 6200
9771.42 9800
29859.92 29900
1.82 100
3.76 100
1.87 100
5.27 100
4.19 100
4.68 100
30097.76 30100
29687.10 29700
32425.56 32500
29549.46 29600
32535.52 32600
1495.63 1500
2343.87 2400
306.32 400
2.54 100
1.04 100
240.06 300
189.44 200
402.50 500
1268.73 1300
2158.61 2200
2072.18 2100
6128.79 6200
0.84 100
0.94 100
2.37 100
5.49 100
6.33 100
2.83 100
0.80 100
1.65 100
6944.17 7000
6756.78 6800
6679.32 6700
6757.45 6800
7531.69 7600
9417.02 9500
30527.62 30600
28996.28 29000
30094.56 30100
30800.44 30900
31917.72 32000
29474.00 29500
32258.69 32300
2152.19 2200
65.15 100
2381.81 2400
610.17 700
0.76 100
475.60 500
937.24 1000
1005.16 1100
1607.45 1700
14.23 100
6.78 100
1.88 100
6442.62 6500
6551.17 6600
6989.76 7000
6275.87 6300
9698.10 9700
6574.53 6600
9814.41 9900
30685.83 30700
2.41 100
2.39 100
2.53 100
2.36 100
31539.98 31600
7.99 100
8.56 100
0.90 100
3.63 100
3.60 100
2.93 100
28988.73 29000
29337.06 29400
32709.28 32800
33167.57 33200
32185.28 32200
31340.04 31400
2183.31 2200
2094.72 2100
2382.04 2400
2534.54 2600
2.37 100
2.87 100
2.75 100
2.53 100
2.87 100
2.86 100
2.54 100
2.86 100
2.66 100
2.73 100
2.59 100
2.91 100
3.06 100
2.69 100
2.80 100
2.98 100
2.76 100
14.00 100
3.05 100
17.12 100
2.78 100
2.60 100
2.84 100
2.90 100
2.89 100
2.58 100
3.00 100
2.86 100
11.58 100
2.62 100
2.52 100
2.53 100
2.43 100
2.83 100
2.70 100
2.53 100
2.66 100
2.84 100
2.87 100
2.69 100
2.65 100
3.02 100
2.78 100
2.63 100
17.97 100
2.59 100
2.98 100
2.76 100
2.67 100
2.61 100
108.83 200
113.16 200
874.82 900
2.55 100
2.55 100
2.61 100
2.91 100
2.53 100
2.91 100
2.80 100
2.90 100
2.73 100
2.59 100
3.01 100
2.62 100
2.66 100
2.63 100
3.04 100
2.67 100
2.56 100
2.69 100
2.46 100
2.41 100
2.39 100
2.39 100
2.43 100
2.44 100
2.42 100
2.41 100
2.45 100
2.45 100
2.50 100
2.40 100
2.40 100
2.45 100
1124.74 1200
1053.46 1100
1.99 100
1482.98 1500
2.45 100
2065.00 2100
1622.22 1700
7173.18 7200
9334.74 9400
9469.66 9500
6501.60 6600
7043.02 7100
6502.84 6600
10307.55 10400
10195.46 10200
28876.18 28900
10.89 100
2.07 100
31110.05 31200
5.73 100
6.74 100
1.93 100
2.81 100
2.15 100
1.85 100
32196.82 32200
31464.30 31500
32483.96 32500
32176.79 32200
32775.83 32800
32834.63 32900
1459.22 1500
2367.46 2400
2.45 100
2660.53 2700
1.96 100
2.87 100
700.11 800
607.69 700
1431.74 1500
13.42 100
1354.65 1400
534.08 600
5921.01 6000
0.78 100
0.75 100
0.75 100
0.73 100
4.98 100
6372.74 6400
6743.97 6800
6808.86 6900
9999.78 10000
10296.94 10300
31154.26 31200
2.09 100
2.80 100
29958.19 30000
0.80 100
1.85 100
0.89 100
1.80 100
5.31 100
6.37 100
3.18 100
0.75 100
2.41 100
1.72 100
1.91 100
32488.50 32500
29225.84 29300
30013.26 30100
33199.44 33200
3069.30 3100
1965.61 2000
2890.04 2900
2.59 100
597.30 600
