31295.95 31300
31248.62 31300
37354.17 37400
41677.83 41700
31337.36 31400
31451.28 31500
40138.06 40200
41404.45 41500
31553.30 31600
30405.21 30500
41977.79 42000
41794.98 41800
31715.00 31800
32910.54 33000
43737.11 43800
45193.25 45200
41475.20 41500
41746.86 41800
32547.84 32600
33115.52 33200
3498.39 3500
3921.24 4000
29173.95 29200
42419.65 42500
32145.30 32200
41798.27 41800
33704.98 33800
44111.85 44200
36075.18 36100
44147.82 44200
42643.11 42700
34496.24 34500
4593.50 4600
29811.21 29900
31577.37 31600
33474.49 33500
31847.50 31900
40654.89 40700
43636.61 43700
43501.62 43600
43139.14 43200
32184.92 32200
31882.95 31900
32706.02 32800
33741.44 33800
42546.07 42600
42746.05 42800
42512.53 42600
42624.05 42700
29667.96 29700
32584.04 32600
32161.89 32200
33215.43 33300
42513.63 42600
41992.00 42000
43762.94 43800
43224.85 43300
30855.70 30900
31920.42 32000
33714.52 33800
34302.09 34400
44896.78 44900
43969.01 44000
44563.89 44600
45645.71 45700
40209.52 40300
40499.61 40500
42305.08 42400
41921.51 42000
33052.36 33100
33316.61 33400
35736.70 35800
33837.70 33900
3145.16 3200
3166.32 3200
3857.01 3900
3803.74 3900
4623.32 4700
29558.54 29600
42600.43 42700
32284.99 32300
42672.14 42700
30564.85 30600
42787.60 42800
32292.70 32300
44469.67 44500
40210.84 40300
33778.70 33800
2780.40 2800
4682.65 4700
30687.91 30700
41793.08 41800
32067.71 32100
41423.83 41500
31377.14 31400
42989.22 43000
32881.56 32900
45158.73 45200
40824.25 40900
32750.99 32800
4203.93 4300
30755.97 30800
41788.34 41800
31061.88 31100
42177.17 42200
29722.71 29800
41572.54 41600
32985.73 33000
43931.96 44000
42483.57 42500
33118.61 33200
3852.84 3900
33753.80 33800
43446.21 43500
33459.21 33500
41769.33 41800
32724.45 32800
41538.72 41600
33511.82 33600
46349.36 46400
42965.99 43000
34742.69 34800
4596.13 4600
31013.27 31100
33331.39 33400
42495.94 42500
44374.45 44400
32471.30 32500
33826.06 33900
40470.10 40500
42175.98 42200
30962.28 31000
33037.75 33100
40159.94 40200
41091.11 41100
32121.64 32200
33883.81 33900
42856.47 42900
44789.25 44800
42586.18 42600
42477.40 42500
33701.88 33800
33382.16 33400
4395.68 4400
3888.64 3900
29702.56 29800
31247.31 31300
31964.85 32000
32586.27 32600
39757.44 39800
41154.06 41200
42383.33 42400
42970.84 43000
33684.94 33700
34041.29 34100
31519.20 31600
32910.09 33000
40078.63 40100
40979.36 41000
42533.21 42600
44413.16 44500
32280.64 32300
30549.71 30600
34316.70 34400
32382.33 32400
43558.11 43600
43663.02 43700
42716.13 42800
43533.85 43600
33484.66 33500
32543.10 32600
34550.19 34600
34362.16 34400
43045.63 43100
44059.36 44100
43727.20 43800
45649.47 45700
38399.06 38400
41933.66 42000
41734.61 41800
42065.52 42100
33363.19 33400
35312.02 35400
35555.16 35600
34387.45 34400
2746.41 2800
3650.13 3700
4481.81 4500
3972.96 4000
5058.91 5100
30854.29 30900
32377.36 32400
32139.34 32200
32456.82 32500
37677.55 37700
41334.96 41400
42560.64 42600
42824.97 42900
31178.57 31200
32432.86 32500
31653.00 31700
32358.88 32400
40062.20 40100
42480.17 42500
41827.60 41900
43096.22 43100
30164.21 30200
32152.54 32200
31099.31 31100
32212.99 32300
39701.45 39800
41683.06 41700
43318.38 43400
42658.38 42700
32479.00 32500
33908.84 34000
31902.25 32000
33593.25 33600
33788.28 33800
44206.79 44300
44604.69 44700
45847.23 45900
44147.96 44200
45738.71 45800
39767.90 39800
42756.34 42800
41838.89 41900
43358.31 43400
42260.67 42300
32103.09 32200
32943.29 33000
34186.92 34200
34032.85 34100
33508.66 33600
2962.93 3000
3104.56 3200
4883.67 4900
4091.50 4100
4036.44 4100
30747.95 30800
31790.43 31800
32174.90 32200
31457.17 31500
34031.63 34100
44201.95 44300
41587.14 41600
42044.34 42100
43248.62 43300
42642.84 42700
30110.78 30200
29731.78 29800
31596.56 31600
32406.91 32500
33699.65 33700
41347.37 41400
40618.49 40700
42268.71 42300
42507.73 42600
42059.93 42100
26514.38 26600
29891.42 29900
30675.02 30700
31883.61 31900
32903.24 33000
40609.73 40700
42493.08 42500
41375.32 41400
41964.58 42000
41919.37 42000
27015.26 27100
32643.33 32700
32898.84 32900
32407.95 32500
34530.49 34600
41491.68 41500
41482.76 41500
43412.30 43500
44234.91 44300
45158.28 45200
41673.25 41700
41855.48 41900
41332.35 41400
41696.93 41700
42235.52 42300
31534.79 31600
33601.44 33700
33373.23 33400
32978.12 33000
33604.57 33700
3385.71 3400
3766.47 3800
4688.55 4700
3682.24 3700
29962.00 30000
42873.16 42900
31865.68 31900
42297.50 42300
31452.16 31500
42576.80 42600
33619.76 33700
45181.01 45200
40083.60 40100
33559.59 33600
2778.09 2800
4735.01 4800
31469.99 31500
41576.86 41600
31159.80 31200
41900.97 42000
31011.00 31100
42132.26 42200
33299.71 33300
44518.87 44600
41591.18 41600
32755.57 32800
4296.15 4300
30029.13 30100
42760.06 42800
32164.52 32200
41985.67 42000
33051.73 33100
43096.35 43100
34081.27 34100
45911.07 46000
43519.55 43600
34559.90 34600
3292.37 3300
31993.34 32000
32547.68 32600
43007.12 43100
43014.67 43100
32174.49 32200
33647.77 33700
43292.34 43300
42487.12 42500
33263.43 33300
33018.54 33100
44327.79 44400
43770.02 43800
34468.74 34500
34272.38 34300
45156.69 45200
46095.87 46100
43243.56 43300
43115.84 43200
34513.25 34600
34886.13 34900
2651.55 2700
3039.21 3100
4361.63 4400
31493.34 31500
31349.55 31400
40204.43 40300
42449.19 42500
31628.28 31700
30996.88 31000
41064.79 41100
42668.13 42700
31779.29 31800
31813.36 31900
41913.26 42000
42610.73 42700
30867.00 30900
32825.21 32900
45869.81 45900
44074.93 44100
40349.47 40400
41413.01 41500
31543.22 31600
33475.81 33500
2920.57 3000
3926.14 4000
3882.89 3900
31857.32 31900
31409.12 31500
33253.89 33300
32772.86 32800
36356.88 36400
38223.82 38300
40340.77 40400
42209.55 42300
33401.25 33500
31726.61 31800
31403.64 31500
31735.20 31800
38760.14 38800
43614.94 43700
44050.21 44100
43487.50 43500
31645.07 31700
33233.64 33300
30881.84 30900
34242.71 34300
41802.82 41900
44311.18 44400
44481.12 44500
44262.14 44300
34251.53 34300
34126.11 34200
32281.32 32300
35198.11 35200
41587.67 41600
44867.20 44900
45300.92 45400
45539.23 45600
41732.67 41800
42261.27 42300
41849.27 41900
43328.79 43400
30612.31 30700
33526.49 33600
33178.57 33200
34002.34 34100
3517.02 3600
4084.42 4100
29425.55 29500
33520.29 33600
32316.13 32400
43209.50 43300
43560.44 43600
41920.82 42000
31027.20 31100
32224.60 32300
32988.53 33000
42583.51 42600
42850.32 42900
41129.49 41200
31531.06 31600
32749.08 32800
32858.70 32900
43039.04 43100
43175.38 43200
43293.37 43300
30548.94 30600
33206.46 33300
33750.62 33800
34504.34 34600
41015.69 41100
43707.45 43800
45396.31 45400
44126.48 44200
39762.12 39800
43106.47 43200
41565.67 41600
42259.38 42300
33697.00 33700
31613.27 31700
34421.59 34500
34565.14 34600
3959.15 4000
3938.08 4000
4312.41 4400
5319.80 5400
34115.89 34200
45631.92 45700
43547.34 43600
35179.00 35200
4125.91 4200
33066.56 33100
39465.59 39500
32825.98 32900
43538.30 43600
33112.18 33200
44248.81 44300
33674.29 33700
46376.82 46400
44078.65 44100
33604.77 33700
4723.91 4800
33761.29 33800
44311.64 44400
33427.31 33500
43069.67 43100
32251.72 32300
42794.19 42800
33439.98 33500
45480.92 45500
40168.78 40200
34195.77 34200
2614.65 2700
5245.66 5300
31993.46 32000
31193.35 31200
31417.42 31500
41661.74 41700
42644.03 42700
43031.98 43100
32425.79 32500
31842.91 31900
31766.66 31800
39948.85 40000
40619.07 40700
42017.84 42100
30920.56 31000
30579.25 30600
33160.56 33200
41824.41 41900
42082.84 42100
43749.81 43800
32439.20 32500
32611.85 32700
34573.77 34600
42701.94 42800
44795.07 44800
45949.58 46000
39568.33 39600
41706.61 41800
42181.59 42200
32288.54 32300
32403.72 32500
32994.70 33000
2486.72 2500
3572.70 3600
4180.12 4200
32797.84 32800
43621.15 43700
32723.26 32800
42366.80 42400
33587.02 33600
43374.78 43400
34657.12 34700
45363.21 45400
42984.59 43000
35491.29 35500
4319.63 4400
34419.85 34500
45554.41 45600
44275.74 44300
35148.11 35200
3871.73 3900
32742.08 32800
43148.90 43200
34259.27 34300
43988.86 44000
33402.74 33500
43233.92 43300
34593.84 34600
46658.54 46700
43204.70 43300
35236.26 35300
2988.17 3000
4195.63 4200
31771.56 31800
43283.91 43300
30900.17 31000
41978.06 42000
31354.87 31400
42463.47 42500
33170.39 33200
45120.42 45200
39587.08 39600
33421.96 33500
3078.37 3100
4234.78 4300
31590.76 31600
42313.74 42400
31851.52 31900
42294.89 42300
29633.08 29700
41793.90 41800
30721.61 30800
44345.89 44400
40746.36 40800
32835.87 32900
3889.69 3900
32119.25 32200
31814.27 31900
42374.96 42400
42456.19 42500
32954.01 33000
32952.40 33000
41016.74 41100
43462.20 43500
33200.28 33300
32480.17 32500
41683.49 41700
42420.72 42500
34405.28 34500
33633.75 33700
42158.07 42200
45651.10 45700
43730.81 43800
42040.90 42100
30840.03 30900
33497.42 33500
3822.96 3900
31132.86 31200
42636.29 42700
32071.48 32100
42176.52 42200
30900.13 31000
42771.28 42800
31316.91 31400
44419.96 44500
40861.04 40900
32226.78 32300
4140.11 4200
30474.64 30500
42626.37 42700
30598.03 30600
41499.96 41500
30654.41 30700
41752.88 41800
31146.62 31200
43264.13 43300
42443.69 42500
33120.66 33200
3691.28 3700
31306.43 31400
33708.82 33800
42127.39 42200
44419.12 44500
32372.11 32400
33495.83 33500
41706.80 41800
42487.00 42500
44171.27 44200
27504.78 27600
31973.48 32000
32910.14 33000
41099.05 41100
43251.84 43300
43079.40 43100
32538.35 32600
32844.09 32900
31942.57 32000
44635.48 44700
44697.34 44700
44811.78 44900
40144.94 40200
41217.96 41300
41937.70 42000
32533.96 32600
34050.65 34100
33629.91 33700
2506.06 2600
3256.02 3300
4178.34 4200
4599.20 4600
4028.43 4100
31323.55 31400
41202.09 41300
30702.32 30800
41458.90 41500
32135.82 32200
42026.17 42100
33101.80 33200
45205.06 45300
42574.08 42600
31099.48 31100
31784.08 31800
43608.14 43700
31374.65 31400
42041.64 42100
31750.99 31800
43028.46 43100
30985.79 31000
44354.72 44400
35275.55 35300
32564.07 32600
3093.17 3100
29235.39 29300
31390.99 31400
41519.88 41600
42502.95 42600
31629.06 31700
31859.98 31900
41590.79 41600
42426.13 42500
31346.14 31400
31151.37 31200
41941.31 42000
42870.74 42900
29432.57 29500
33459.31 33500
43325.61 43400
44223.93 44300
37586.28 37600
41511.14 41600
34104.99 34200
32369.75 32400
3561.73 3600
4203.84 4300
33227.53 33300
32800.61 32900
31707.40 31800
32528.87 32600
44046.78 44100
44263.14 44300
31569.59 31600
33548.99 33600
31507.59 31600
39305.97 39400
42820.90 42900
42113.60 42200
32208.98 32300
32942.59 33000
31034.53 31100
43563.91 43600
43328.57 43400
43050.96 43100
33770.81 33800
34118.92 34200
32482.59 32500
44162.41 44200
44921.03 45000
45745.11 45800
42261.96 42300
42087.25 42100
42470.58 42500
32964.53 33000
34326.02 34400
34605.86 34700
2846.96 2900
3457.33 3500
4055.93 4100
5092.51 5100
32119.45 32200
42053.28 42100
31450.35 31500
41417.50 41500
30062.21 30100
42256.86 42300
33509.18 33600
43748.52 43800
42235.21 42300
31609.40 31700
31714.81 31800
32686.47 32700
31530.87 31600
32327.22 32400
41328.51 41400
41288.36 41300
41087.15 41100
43003.84 43100
31420.22 31500
30837.21 30900
31903.05 32000
32187.35 32200
37726.50 37800
42542.28 42600
40962.48 41000
42083.27 42100
31461.81 31500
30423.09 30500
31668.46 31700
31901.52 32000
42316.13 42400
42681.90 42700
44061.08 44100
42300.77 42400
32346.18 32400
32580.07 32600
32445.72 32500
34179.26 34200
44045.34 44100
44553.17 44600
43823.77 43900
46401.80 46500
39283.78 39300
41953.84 42000
40767.53 40800
42096.40 42100
32472.93 32500
32287.37 32300
33252.59 33300
34281.62 34300
2220.88 2300
3778.59 3800
4444.49 4500
4080.64 4100
4864.18 4900
31206.73 31300
30957.15 31000
32166.79 32200
41169.70 41200
43714.68 43800
42935.95 43000
31711.83 31800
33872.37 33900
31335.17 31400
42339.07 42400
41809.37 41900
43675.61 43700
30976.70 31000
31408.08 31500
32088.96 32100
42159.99 42200
43083.06 43100
43058.92 43100
32237.58 32300
34232.97 34300
33761.78 33800
44747.17 44800
43872.05 43900
45492.67 45500
41258.98 41300
41321.92 41400
41786.50 41800
33459.60 33500
33426.91 33500
33857.64 33900
3328.69 3400
3259.47 3300
3114.64 3200
4575.99 4600
33902.67 34000
45192.60 45200
33824.12 33900
43835.30 43900
33392.90 33400
43219.28 43300
34581.87 34600
45953.13 46000
43481.48 43500
35446.39 35500
4628.10 4700
32224.23 32300
31451.92 31500
32026.75 32100
41839.27 41900
42955.29 43000
43407.50 43500
32783.53 32800
33320.40 33400
31485.22 31500
41673.30 41700
42117.03 42200
42990.42 43000
31155.82 31200
33815.82 33900
32626.33 32700
41452.17 41500
42967.85 43000
44309.76 44400
32803.61 32900
32782.64 32800
32359.65 32400
33974.74 34000
45765.29 45800
44547.21 44600
45758.79 45800
45037.95 45100
40521.81 40600
43303.21 43400
42066.29 42100
42718.90 42800
32173.29 32200
33667.69 33700
34905.88 35000
34832.59 34900
3667.08 3700
3714.28 3800
4130.31 4200
3471.04 3500
4297.59 4300
31931.44 32000
30003.31 30100
30862.89 30900
41857.84 41900
42829.06 42900
43057.55 43100
31751.19 31800
31804.24 31900
32283.40 32300
41821.28 41900
41487.07 41500
42173.78 42200
30267.24 30300
31063.07 31100
31257.24 31300
41664.59 41700
42568.74 42600
42814.95 42900
31278.63 31300
32498.65 32500
33518.67 33600
43811.14 43900
44970.36 45000
44485.38 44500
39774.95 39800
42857.90 42900
41607.39 41700
32146.26 32200
33819.42 33900
33599.75 33600
2500.41 2600
3786.76 3800
4106.92 4200
30784.05 30800
31494.10 31500
40732.82 40800
43217.08 43300
31275.75 31300
32319.62 32400
40933.21 41000
41900.43 42000
30945.34 31000
30771.34 30800
41513.22 41600
41421.04 41500
32913.12 33000
32954.56 33000
44001.26 44100
44897.40 44900
41556.25 41600
41786.34 41800
30724.97 30800
32831.02 32900
4020.05 4100
31590.65 31600
31324.78 31400
40383.56 40400
41165.30 41200
31032.99 31100
31147.96 31200
41783.04 41800
42513.46 42600
30525.40 30600
31542.19 31600
41284.03 41300
41970.05 42000
32139.32 32200
32721.51 32800
42845.76 42900
44872.33 44900
38318.27 38400
40929.07 41000
33000.08 33100
33158.98 33200
32222.16 32300
3210.19 3300
4594.53 4600
31212.00 31300
32048.78 32100
31912.61 32000
31596.75 31600
32362.69 32400
32170.62 32200
39300.70 39400
39688.09 39700
42963.22 43000
42991.20 43000
32980.21 33000
29274.84 29300
33511.86 33600
32344.83 32400
32467.07 32500
38692.65 38700
40325.59 40400
41700.02 41800
42016.80 42100
43560.33 43600
31688.64 31700
31414.09 31500
33494.54 33500
31767.47 31800
32216.58 32300
39935.53 40000
40401.26 40500
41870.06 41900
44225.94 44300
42991.08 43000
32048.14 32100
34276.15 34300
34892.28 34900
33542.99 33600
33451.29 33500
41939.96 42000
44316.39 44400
46063.88 46100
44463.05 44500
45538.41 45600
40917.88 41000
41311.99 41400
43779.86 43800
42087.83 42100
42256.73 42300
30395.79 30400
31861.97 31900
31983.28 32000
35370.75 35400
33632.35 33700
3473.71 3500
4572.20 4600
4239.61 4300
33120.59 33200
43238.07 43300
33737.47 33800
42723.97 42800
33401.04 33500
43957.95 44000
34594.88 34600
42622.42 42700
42288.07 42300
33411.30 33500
3471.37 3500
33299.86 33300
39581.51 39600
33313.61 33400
38939.92 39000
32600.04 32700
42651.65 42700
33940.21 34000
45037.97 45100
42704.29 42800
34124.70 34200
4240.19 4300
28858.45 28900
32294.42 32300
33354.40 33400
39038.25 39100
42966.78 43000
42761.61 42800
30709.80 30800
31590.23 31600
32950.66 33000
39440.63 39500
42145.61 42200
41926.04 42000
31510.25 31600
32663.17 32700
31986.75 32000
41379.40 41400
42739.80 42800
42974.42 43000
34068.27 34100
34877.64 34900
32958.21 33000
45937.22 46000
46734.11 46800
45376.73 45400
41841.59 41900
41433.78 41500
43241.25 43300
34424.66 34500
34117.59 34200
34469.54 34500
2724.11 2800
3119.88 3200
4954.57 5000
4314.02 4400
4797.59 4800
31247.27 31300
41043.19 41100
30477.56 30500
41724.56 41800
31347.59 31400
42625.70 42700
33274.02 33300
45801.13 45900
38020.38 38100
32869.67 32900
2155.07 2200
3574.81 3600
31981.41 32000
32373.49 32400
33193.84 33200
40785.32 40800
41961.75 42000
42119.80 42200
42174.03 42200
33120.39 33200
32321.86 32400
33422.59 33500
33055.07 33100
38670.60 38700
41228.62 41300
40786.71 40800
43226.75 43300
32860.32 32900
31118.05 31200
32155.17 32200
32591.90 32600
40371.28 40400
41974.70 42000
42825.04 42900
42934.44 43000
31409.15 31500
33445.90 33500
33443.52 33500
33656.75 33700
33890.46 33900
41207.71 41300
42999.13 43000
44497.13 44500
44137.00 44200
46590.08 46600
42770.27 42800
43014.86 43100
41447.78 41500
42549.75 42600
42205.42 42300
33061.68 33100
33552.69 33600
32791.77 32800
34844.52 34900
33808.24 33900
4003.05 4100
4248.17 4300
4938.45 5000
4412.96 4500
4007.87 4100
32717.90 32800
32390.27 32400
40734.21 40800
40504.61 40600
31986.34 32000
32658.80 32700
42404.96 42500
42136.99 42200
32039.44 32100
32876.66 32900
40272.16 40300
43343.96 43400
32959.34 33000
33703.97 33800
42811.85 42900
44516.78 44600
41857.70 41900
42101.44 42200
33224.40 33300
35298.72 35300
4681.89 4700
4348.11 4400
32041.25 32100
31842.35 31900
31402.32 31500
41755.27 41800
42955.98 43000
42956.59 43000
31488.31 31500
32332.53 32400
31873.53 31900
40469.08 40500
41992.93 42000
42289.77 42300
28333.53 28400
31442.98 31500
31043.36 31100
41861.01 41900
41906.78 42000
41969.49 42000
30226.39 30300
32909.21 33000
32213.04 32300
33144.17 33200
44073.16 44100
44028.59 44100
44711.71 44800
44080.90 44100
40475.39 40500
41527.41 41600
41280.67 41300
42669.11 42700
31828.91 31900
32978.71 33000
32507.30 32600
32610.56 32700
3065.81 3100
3645.39 3700
3235.14 3300
3515.96 3600
30276.31 30300
30752.60 30800
31142.22 31200
32048.21 32100
42388.24 42400
41973.93 42000
42413.97 42500
42388.64 42400
31066.69 31100
31744.18 31800
33507.97 33600
32697.85 32700
41002.92 41100
42590.43 42600
41705.98 41800
42301.92 42400
26134.17 26200
32576.97 32600
33186.49 33200
32159.44 32200
39924.30 40000
39459.37 39500
42563.68 42600
43977.13 44000
32313.47 32400
32775.25 32800
34185.78 34200
33350.41 33400
45632.47 45700
44694.71 44700
45310.79 45400
45237.02 45300
39861.02 39900
41060.40 41100
42482.40 42500
43892.78 43900
31540.09 31600
33414.48 33500
32860.47 32900
32747.94 32800
3216.29 3300
4479.81 4500
4390.21 4400
29500.50 29600
31916.94 32000
42451.02 42500
43339.93 43400
31172.17 31200
30882.13 30900
42212.47 42300
42432.34 42500
30373.07 30400
32324.78 32400
42414.69 42500
43565.52 43600
32724.80 32800
33380.14 33400
44767.70 44800
44944.53 45000
37972.90 38000
40634.11 40700
32808.25 32900
33775.11 33800
2980.04 3000
3581.21 3600
4406.06 4500
33308.04 33400
33140.28 33200
32625.63 32700
40755.11 40800
42809.61 42900
44522.37 44600
31900.40 32000
34476.77 34500
33369.78 33400
41288.87 41300
41966.52 42000
42499.79 42500
31679.44 31700
32863.71 32900
32517.85 32600
42075.05 42100
41908.07 42000
42704.82 42800
33188.44 33200
33625.55 33700
33974.49 34000
44099.82 44100
44836.44 44900
46643.50 46700
42842.14 42900
42149.31 42200
42108.81 42200
34571.59 34600
35510.26 35600
35252.92 35300
3250.43 3300
4405.28 4500
4121.83 4200
4531.60 4600
30389.74 30400
31539.10 31600
32265.86 32300
31842.28 31900
38788.98 38800
41645.05 41700
42932.89 43000
42728.72 42800
32077.90 32100
31826.41 31900
32224.62 32300
33136.26 33200
38436.76 38500
42025.43 42100
41597.67 41600
41859.65 41900
31460.52 31500
33661.66 33700
32419.86 32500
31861.33 31900
40160.83 40200
41250.01 41300
41730.06 41800
43354.62 43400
32759.20 32800
34069.19 34100
33342.83 33400
33687.40 33700
42101.11 42200
44198.40 44200
43764.17 43800
46210.35 46300
41879.58 41900
41870.19 41900
42544.56 42600
42356.41 42400
32612.82 32700
33276.22 33300
32554.89 32600
33583.09 33600
4582.39 4600
3933.71 4000
30970.33 31000
33519.36 33600
41402.75 41500
42213.01 42300
30903.20 31000
33318.27 33400
41479.40 41500
41342.70 41400
30178.19 30200
32212.94 32300
42461.44 42500
42262.43 42300
31596.19 31600
34160.49 34200
45031.78 45100
44381.72 44400
37453.45 37500
42821.76 42900
33306.68 33400
32555.87 32600
3447.42 3500
30934.60 31000
31336.02 31400
41644.43 41700
41963.19 42000
31778.81 31800
31828.33 31900
41175.51 41200
41233.08 41300
31229.92 31300
31553.16 31600
42289.89 42300
43212.62 43300
32156.38 32200
33534.92 33600
44378.60 44400
44887.44 44900
41376.49 41400
42107.17 42200
32561.83 32600
33286.91 33300
3438.31 3500
4145.50 4200
28673.53 28700
41221.31 41300
33072.22 33100
43207.57 43300
32703.55 32800
43650.91 43700
32385.57 32400
44618.64 44700
40328.80 40400
33316.84 33400
3004.05 3100
4048.96 4100
32722.13 32800
33818.45 33900
43021.42 43100
44638.45 44700
30891.47 30900
33468.87 33500
43134.31 43200
41592.46 41600
30812.63 30900
33249.97 33300
44578.21 44600
42797.61 42800
31420.10 31500
35183.00 35200
46473.12 46500
44030.43 44100
42861.37 42900
43770.08 43800
33193.85 33200
35133.71 35200
4265.59 4300
5532.14 5600
32296.45 32300
43067.33 43100
33509.80 33600
43019.66 43100
32998.07 33000
43692.89 43700
33967.53 34000
45227.16 45300
42063.90 42100
34694.87 34700
3237.31 3300
4566.38 4600
33275.10 33300
32804.00 32900
31283.97 31300
41793.83 41800
43281.76 43300
43316.48 43400
31021.42 31100
33190.18 33200
33865.98 33900
42619.57 42700
42764.79 42800
42166.80 42200
31134.63 31200
32215.83 32300
32481.68 32500
40862.18 40900
42257.20 42300
41221.94 41300
31704.95 31800
33553.42 33600
33412.75 33500
33503.39 33600
44065.68 44100
43944.06 44000
45263.16 45300
44446.09 44500
41973.73 42000
42108.13 42200
42998.70 43000
42375.77 42400
31427.53 31500
32345.87 32400
33500.46 33600
32257.14 32300
3463.99 3500
3923.73 4000
31175.69 31200
42158.63 42200
30075.68 30100
41375.86 41400
29908.28 30000
40668.67 40700
33282.60 33300
43376.59 43400
42431.02 42500
30444.62 30500
33467.20 33500
31628.14 31700
40685.48 40700
43339.41 43400
33732.52 33800
32567.99 32600
40220.84 40300
41043.36 41100
32067.06 32100
31889.73 31900
40021.04 40100
42482.64 42500
33388.26 33400
33863.41 33900
41924.28 42000
43516.82 43600
41342.08 41400
42056.63 42100
31666.37 31700
34011.04 34100
4830.95 4900
31282.19 31300
33152.04 33200
40465.62 40500
41437.60 41500
31508.90 31600
32144.56 32200
41244.64 41300
41073.54 41100
30849.24 30900
32357.62 32400
41972.45 42000
42012.64 42100
33752.76 33800
33157.69 33200
44461.38 44500
46725.81 46800
42533.98 42600
41238.62 41300
32414.14 32500
33691.93 33700
4176.85 4200
3439.59 3500
31115.05 31200
41969.50 42000
32626.02 32700
42623.76 42700
32903.34 33000
38356.00 38400
33057.22 33100
45638.40 45700
42683.20 42700
33740.67 33800
4399.92 4400
31946.41 32000
40515.99 40600
32462.58 32500
38143.60 38200
30469.82 30500
43531.02 43600
33634.68 33700
45416.52 45500
42715.13 42800
34158.46 34200
3367.70 3400
33536.68 33600
41059.43 41100
32568.92 32600
41130.60 41200
32411.14 32500
43063.02 43100
34232.80 34300
43025.85 43100
42071.32 42100
34007.14 34100
4867.36 4900
31089.59 31100
42635.96 42700
29922.86 30000
41538.52 41600
30423.53 30500
41841.32 41900
32499.46 32500
44214.28 44300
41138.90 41200
32964.55 33000
3163.86 3200
30236.02 30300
30690.18 30700
42462.75 42500
42897.68 42900
32011.01 32100
34421.03 34500
43320.14 43400
42110.95 42200
31171.80 31200
33695.81 33700
44028.65 44100
42352.31 42400
33369.62 33400
35299.05 35300
45784.48 45800
44230.08 44300
42643.85 42700
43381.51 43400
33796.64 33800
34237.18 34300
4740.42 4800
4539.78 4600
33008.74 33100
42656.57 42700
33844.63 33900
43080.30 43100
32585.93 32600
44411.38 44500
34292.10 34300
45951.11 46000
43979.17 44000
33943.01 34000
4381.98 4400
31189.08 31200
33232.28 33300
42502.35 42600
44076.54 44100
30963.34 31000
33532.37 33600
42167.07 42200
43027.97 43100
30943.90 31000
31941.97 32000
41666.58 41700
42507.98 42600
34509.35 34600
35582.89 35600
45582.65 45600
45934.64 46000
42582.52 42600
43397.68 43400
34335.88 34400
33845.74 33900
3367.23 3400
4538.83 4600
31756.22 31800
42993.82 43000
30392.63 30400
41781.25 41800
30590.93 30600
42224.99 42300
34810.59 34900
45449.24 45500
43476.33 43500
33818.24 33900
4186.80 4200
31296.91 31300
31392.39 31400
42297.98 42300
43309.70 43400
31546.85 31600
32220.24 32300
42559.24 42600
42203.82 42300
27137.26 27200
31520.31 31600
38593.03 38600
42418.13 42500
41557.96 41600
32538.32 32600
32722.30 32800
33093.83 33100
45244.26 45300
43005.03 43100
43891.04 43900
41860.46 41900
41982.92 42000
42493.97 42500
32880.64 32900
32718.12 32800
32537.05 32600
3637.91 3700
4120.25 4200
4027.52 4100
31162.19 31200
42328.97 42400
33869.91 33900
43911.97 44000
33998.77 34000
42793.86 42800
34208.42 34300
44092.71 44100
42013.48 42100
34889.44 34900
5173.55 5200
28285.72 28300
42225.91 42300
30797.36 30800
42625.60 42700
27904.45 28000
42806.71 42900
31704.46 31800
44781.58 44800
38840.89 38900
33678.36 33700
2635.01 2700
4502.89 4600
32013.86 32100
33165.67 33200
40869.99 40900
41334.28 41400
31849.68 31900
32900.50 33000
42866.44 42900
42014.01 42100
31755.47 31800
32857.99 32900
41308.17 41400
42438.22 42500
32536.29 32600
33919.98 34000
43141.24 43200
43017.87 43100
41419.63 41500
42144.68 42200
31292.66 31300
34373.01 34400
4995.59 5000
29722.49 29800
30133.06 30200
42563.74 42600
42831.93 42900
30300.44 30400
32105.47 32200
40434.83 40500
41936.54 42000
30397.79 30400
31837.57 31900
40897.15 40900
42344.83 42400
32576.52 32600
31306.45 31400
43300.61 43400
44546.85 44600
42868.58 42900
41440.78 41500
32343.00 32400
34116.81 34200
3435.91 3500
3565.94 3600
31590.17 31600
31959.03 32000
43381.14 43400
42760.67 42800
32204.04 32300
32497.06 32500
40812.38 40900
41982.48 42000
31786.79 31800
31550.03 31600
41315.72 41400
42812.73 42900
33398.07 33400
33364.00 33400
44737.08 44800
44873.56 44900
41837.46 41900
42879.30 42900
30231.07 30300
33381.64 33400
31391.62 31400
43344.36 43400
31884.29 31900
42193.54 42200
31751.95 31800
43218.70 43300
29887.60 29900
44468.74 44500
32538.67 32600
30491.19 30500
3604.57 3700
30907.44 31000
32589.78 32600
43462.32 43500
41723.71 41800
31460.36 31500
33163.46 33200
41610.93 41700
42319.80 42400
26569.46 26600
32684.10 32700
40656.08 40700
41517.51 41600
33172.22 33200
34009.87 34100
44048.04 44100
44505.42 44600
41894.56 41900
42532.59 42600
34536.91 34600
32523.51 32600
4628.97 4700
4767.58 4800
31141.78 31200
31376.75 31400
42082.72 42100
43229.65 43300
32549.36 32600
31143.04 31200
40898.55 40900
42819.97 42900
32258.58 32300
31413.25 31500
42444.00 42500
43185.72 43200
35184.60 35200
33291.04 33300
44920.39 45000
46305.66 46400
42492.06 42500
41909.83 42000
33897.81 33900
34246.02 34300
2992.61 3000
3362.06 3400
4712.81 4800
29842.62 29900
41717.43 41800
29543.79 29600
41613.14 41700
29872.72 29900
41614.60 41700
31145.94 31200
42904.82 43000
41046.58 41100
32838.63 32900
4679.57 4700
31951.82 32000
31614.80 31700
33708.62 33800
33473.85 33500
42297.09 42300
43695.22 43700
42771.16 42800
44846.11 44900
31523.81 31600
32846.71 32900
34063.56 34100
34058.02 34100
41848.19 41900
41455.07 41500
43012.10 43100
44394.24 44400
31235.36 31300
33043.58 33100
34560.11 34600
33334.32 33400
39027.65 39100
41774.28 41800
42833.07 42900
42927.41 43000
32863.87 32900
34329.56 34400
33757.14 33800
33972.34 34000
45176.98 45200
45057.59 45100
45105.87 45200
45191.45 45200
42017.30 42100
41823.11 41900
42553.01 42600
42480.11 42500
33388.15 33400
33361.96 33400
35833.96 35900
35526.48 35600
3823.23 3900
4275.28 4300
4142.97 4200
3910.56 4000
32434.80 32500
43272.81 43300
33547.87 33600
42865.44 42900
32548.16 32600
43658.04 43700
33523.15 33600
45731.96 45800
37933.51 38000
33689.01 33700
2596.02 2600
4799.63 4800
31869.83 31900
41906.58 42000
32096.04 32100
41395.64 41400
31167.63 31200
41480.29 41500
32408.81 32500
44546.78 44600
42299.85 42300
31422.42 31500
31999.03 32000
43102.79 43200
30357.27 30400
42133.09 42200
30059.28 30100
42429.55 42500
31532.96 31600
44780.49 44800
37443.77 37500
33061.85 33100
3369.01 3400
33294.59 33300
31622.88 31700
31772.77 31800
36941.26 37000
39380.29 39400
44343.39 44400
33885.75 33900
31233.62 31300
31160.82 31200
42472.94 42500
42303.67 42400
42946.52 43000
31139.33 31200
31118.94 31200
33827.69 33900
44184.37 44200
42502.66 42600
43132.23 43200
31667.11 31700
32808.96 32900
34157.24 34200
43883.89 43900
44466.82 44500
47115.22 47200
40615.04 40700
41100.47 41200
42438.41 42500
31984.79 32000
32644.27 32700
33104.52 33200
4271.52 4300
4266.50 4300
32624.95 32700
32506.58 32600
39481.74 39500
40547.15 40600
32332.01 32400
32294.27 32300
39917.85 40000
40637.04 40700
32137.61 32200
32157.02 32200
39021.59 39100
39177.49 39200
29402.50 29500
32633.20 32700
33466.98 33500
42217.08 42300
44868.33 44900
43794.46 43800
41814.52 41900
42954.47 43000
42265.53 42300
32332.91 32400
33329.49 33400
32831.77 32900
3997.48 4000
31431.39 31500
31210.10 31300
41307.25 41400
41638.29 41700
31727.43 31800
31955.77 32000
40834.71 40900
41754.91 41800
31040.38 31100
31048.34 31100
42373.37 42400
42965.67 43000
32641.82 32700
33112.70 33200
43426.61 43500
44999.76 45000
39618.46 39700
41937.61 42000
32434.66 32500
32115.91 32200
4660.03 4700
33269.19 33300
43597.80 43600
34511.03 34600
43606.43 43700
33256.67 33300
42518.14 42600
33744.54 33800
45595.04 45600
42295.42 42300
34885.69 34900
4452.00 4500
32560.82 32600
42962.88 43000
33331.82 33400
44178.42 44200
30951.34 31000
44031.74 44100
29620.78 29700
44202.97 44300
40813.41 40900
33927.04 34000
2570.50 2600
4308.78 4400
32414.89 32500
43752.65 43800
28091.94 28100
40219.61 40300
33135.06 33200
43073.06 43100
33095.52 33100
46185.71 46200
43265.41 43300
33925.31 34000
5137.08 5200
28899.60 28900
33513.81 33600
40526.51 40600
41627.13 41700
34170.48 34200
32737.16 32800
41115.93 41200
43056.86 43100
31551.00 31600
33086.52 33100
43354.41 43400
43913.05 44000
33993.81 34000
35172.30 35200
43025.26 43100
43668.93 43700
42072.83 42100
42912.31 43000
32139.34 32200
31673.29 31700
32174.91 32200
32616.53 32700
31270.11 31300
32650.97 32700
42232.03 42300
43387.45 43400
42927.24 43000
43612.77 43700
32742.58 32800
32700.35 32800
32022.82 32100
33285.86 33300
42655.92 42700
42782.48 42800
42586.19 42600
42872.69 42900
28415.90 28500
32349.31 32400
33625.24 33700
32770.20 32800
43921.14 44000
43621.01 43700
42039.44 42100
42931.93 43000
29965.85 30000
32336.75 32400
33392.07 33400
35354.59 35400
43260.34 43300
46825.56 46900
44476.31 44500
45828.11 45900
41559.37 41600
41252.53 41300
42923.54 43000
43734.23 43800
32286.32 32300
34876.90 34900
33558.32 33600
34392.24 34400
2945.55 3000
3188.80 3200
3663.42 3700
4351.75 4400
3921.44 4000
4078.12 4100
31073.59 31100
32680.58 32700
31349.46 31400
41781.56 41800
42693.81 42700
43515.51 43600
31344.94 31400
30956.67 31000
30685.28 30700
40422.77 40500
41566.51 41600
42209.07 42300
31671.64 31700
30842.02 30900
30772.75 30800
41678.38 41700
42232.40 42300
42462.45 42500
31502.64 31600
32764.11 32800
32368.29 32400
44439.88 44500
44009.94 44100
44739.45 44800
40699.57 40700
41370.76 41400
43027.48 43100
32152.62 32200
32545.58 32600
33594.75 33600
2848.60 2900
3298.57 3300
4643.96 4700
3576.36 3600
31295.95 31300
31248.62 31300
37354.17 37400
41677.83 41700
31337.36 31400
31451.28 31500
40138.06 40200
41404.45 41500
31553.30 31600
30405.21 30500
41977.79 42000
41794.98 41800
31715.00 31800
32910.54 33000
43737.11 43800
45193.25 45200
41475.20 41500
41746.86 41800
32547.84 32600
33115.52 33200
3498.39 3500
3921.24 4000
29173.95 29200
42419.65 42500
32145.30 32200
41798.27 41800
33704.98 33800
44111.85 44200
36075.18 36100
44147.82 44200
42643.11 42700
34496.24 34500
4593.50 4600
29811.21 29900
31577.37 31600
33474.49 33500
31847.50 31900
40654.89 40700
43636.61 43700
43501.62 43600
43139.14 43200
32184.92 32200
31882.95 31900
32706.02 32800
33741.44 33800
42546.07 42600
42746.05 42800
42512.53 42600
42624.05 42700
29667.96 29700
32584.04 32600
32161.89 32200
33215.43 33300
42513.63 42600
41992.00 42000
43762.94 43800
43224.85 43300
30855.70 30900
31920.42 32000
33714.52 33800
34302.09 34400
44896.78 44900
43969.01 44000
44563.89 44600
45645.71 45700
40209.52 40300
40499.61 40500
42305.08 42400
41921.51 42000
33052.36 33100
33316.61 33400
35736.70 35800
33837.70 33900
3145.16 3200
3166.32 3200
3857.01 3900
3803.74 3900
4623.32 4700
29558.54 29600
42600.43 42700
32284.99 32300
42672.14 42700
30564.85 30600
42787.60 42800
32292.70 32300
44469.67 44500
40210.84 40300
33778.70 33800
2780.40 2800
4682.65 4700
30687.91 30700
41793.08 41800
32067.71 32100
41423.83 41500
31377.14 31400
42989.22 43000
32881.56 32900
45158.73 45200
40824.25 40900
32750.99 32800
4203.93 4300
30755.97 30800
41788.34 41800
31061.88 31100
42177.17 42200
29722.71 29800
41572.54 41600
32985.73 33000
43931.96 44000
42483.57 42500
33118.61 33200
3852.84 3900
33753.80 33800
43446.21 43500
33459.21 33500
41769.33 41800
32724.45 32800
41538.72 41600
33511.82 33600
46349.36 46400
42965.99 43000
34742.69 34800
4596.13 4600
31013.27 31100
33331.39 33400
42495.94 42500
44374.45 44400
32471.30 32500
33826.06 33900
40470.10 40500
42175.98 42200
30962.28 31000
33037.75 33100
40159.94 40200
41091.11 41100
32121.64 32200
33883.81 33900
42856.47 42900
44789.25 44800
42586.18 42600
42477.40 42500
33701.88 33800
33382.16 33400
4395.68 4400
3888.64 3900
29702.56 29800
31247.31 31300
31964.85 32000
32586.27 32600
39757.44 39800
41154.06 41200
42383.33 42400
42970.84 43000
33684.94 33700
34041.29 34100
31519.20 31600
32910.09 33000
40078.63 40100
40979.36 41000
42533.21 42600
44413.16 44500
32280.64 32300
30549.71 30600
34316.70 34400
32382.33 32400
43558.11 43600
43663.02 43700
42716.13 42800
43533.85 43600
33484.66 33500
32543.10 32600
34550.19 34600
34362.16 34400
43045.63 43100
44059.36 44100
43727.20 43800
45649.47 45700
38399.06 38400
41933.66 42000
41734.61 41800
42065.52 42100
33363.19 33400
35312.02 35400
35555.16 35600
34387.45 34400
2746.41 2800
3650.13 3700
4481.81 4500
3972.96 4000
5058.91 5100
30854.29 30900
32377.36 32400
32739.72 32800
32139.34 32200
32456.82 32500
37677.55 37700
41334.96 41400
42803.85 42900
42560.64 42600
42824.97 42900
31178.57 31200
32432.86 32500
31653.00 31700
33222.27 33300
32358.88 32400
40062.20 40100
41156.25 41200
42480.17 42500
41827.60 41900
43096.22 43100
30164.21 30200
32152.54 32200
31099.31 31100
32212.99 32300
32901.31 33000
38670.92 38700
39701.45 39800
41683.06 41700
43318.38 43400
42658.38 42700
32479.00 32500
33908.84 34000
31902.25 32000
33593.25 33600
33788.28 33800
44206.79 44300
44604.69 44700
45847.23 45900
44147.96 44200
45738.71 45800
39767.90 39800
42756.34 42800
41838.89 41900
43358.31 43400
42260.67 42300
32103.09 32200
32943.29 33000
34186.92 34200
34032.85 34100
33508.66 33600
2962.93 3000
3104.56 3200
4883.67 4900
4091.50 4100
4036.44 4100
30747.95 30800
31790.43 31800
32174.90 32200
31457.17 31500
34031.63 34100
44201.95 44300
41587.14 41600
42044.34 42100
43248.62 43300
42642.84 42700
30110.78 30200
29731.78 29800
31596.56 31600
32406.91 32500
33699.65 33700
41347.37 41400
40618.49 40700
42268.71 42300
42507.73 42600
42059.93 42100
26514.38 26600
29891.42 29900
30675.02 30700
31883.61 31900
32903.24 33000
40609.73 40700
42493.08 42500
41375.32 41400
41964.58 42000
41919.37 42000
27015.26 27100
32643.33 32700
32898.84 32900
32407.95 32500
34530.49 34600
41491.68 41500
41482.76 41500
43412.30 43500
44234.91 44300
45158.28 45200
41673.25 41700
41855.48 41900
41332.35 41400
41696.93 41700
42235.52 42300
31534.79 31600
33601.44 33700
33373.23 33400
32978.12 33000
33604.57 33700
3385.71 3400
3766.47 3800
4688.55 4700
3682.24 3700
31647.49 31700
41757.26 41800
31606.11 31700
41429.08 41500
30683.71 30700
41902.40 42000
32561.50 32600
44057.54 44100
42630.15 42700
32291.35 32300
29962.00 30000
42873.16 42900
31865.68 31900
42297.50 42300
31452.16 31500
42576.80 42600
33619.76 33700
45181.01 45200
40083.60 40100
33559.59 33600
2778.09 2800
4735.01 4800
31469.99 31500
41576.86 41600
31159.80 31200
41900.97 42000
31011.00 31100
42132.26 42200
33299.71 33300
44518.87 44600
41591.18 41600
32755.57 32800
4296.15 4300
30029.13 30100
42760.06 42800
32164.52 32200
41985.67 42000
33051.73 33100
43096.35 43100
34081.27 34100
45911.07 46000
43519.55 43600
34559.90 34600
3292.37 3300
31993.34 32000
32547.68 32600
43007.12 43100
43014.67 43100
32174.49 32200
33647.77 33700
43292.34 43300
42487.12 42500
33263.43 33300
33018.54 33100
44327.79 44400
43770.02 43800
34468.74 34500
34272.38 34300
45156.69 45200
46095.87 46100
43243.56 43300
43115.84 43200
34513.25 34600
34886.13 34900
2651.55 2700
3039.21 3100
4361.63 4400
31493.34 31500
31349.55 31400
40204.43 40300
42449.19 42500
31628.28 31700
30996.88 31000
41064.79 41100
42668.13 42700
31779.29 31800
31813.36 31900
41913.26 42000
42610.73 42700
30867.00 30900
32825.21 32900
45869.81 45900
44074.93 44100
40349.47 40400
41413.01 41500
31543.22 31600
33475.81 33500
2920.57 3000
3926.14 4000
3882.89 3900
31857.32 31900
31409.12 31500
33253.89 33300
32772.86 32800
36356.88 36400
38223.82 38300
40340.77 40400
42209.55 42300
33401.25 33500
31726.61 31800
31403.64 31500
31735.20 31800
38760.14 38800
43614.94 43700
44050.21 44100
43487.50 43500
31645.07 31700
33233.64 33300
30881.84 30900
34242.71 34300
41802.82 41900
44311.18 44400
44481.12 44500
44262.14 44300
34251.53 34300
34126.11 34200
32281.32 32300
35198.11 35200
41587.67 41600
44867.20 44900
45300.92 45400
45539.23 45600
41732.67 41800
42261.27 42300
41849.27 41900
43328.79 43400
30612.31 30700
33526.49 33600
33178.57 33200
34002.34 34100
3517.02 3600
4084.42 4100
30112.43 30200
29425.55 29500
33520.29 33600
32316.13 32400
43209.50 43300
43560.44 43600
41920.82 42000
42411.02 42500
31027.20 31100
33371.20 33400
32224.60 32300
32988.53 33000
42583.51 42600
42850.32 42900
41129.49 41200
42180.90 42200
31531.06 31600
32210.01 32300
32749.08 32800
32858.70 32900
41209.83 41300
43039.04 43100
43175.38 43200
43293.37 43300
30548.94 30600
33206.46 33300
33750.62 33800
34504.34 34600
41015.69 41100
43707.45 43800
45396.31 45400
44126.48 44200
39762.12 39800
43106.47 43200
41565.67 41600
42259.38 42300
33697.00 33700
31613.27 31700
34421.59 34500
34565.14 34600
3959.15 4000
3938.08 4000
4312.41 4400
5319.80 5400
33691.24 33700
44106.69 44200
34501.52 34600
44185.74 44200
33120.04 33200
41796.95 41800
34115.89 34200
45631.92 45700
43547.34 43600
35179.00 35200
4125.91 4200
33066.56 33100
39465.59 39500
32825.98 32900
43538.30 43600
33112.18 33200
44248.81 44300
33674.29 33700
46376.82 46400
44078.65 44100
33604.77 33700
4723.91 4800
33761.29 33800
44311.64 44400
33427.31 33500
43069.67 43100
32251.72 32300
42794.19 42800
33439.98 33500
45480.92 45500
40168.78 40200
34195.77 34200
2614.65 2700
5245.66 5300
31993.46 32000
31193.35 31200
31417.42 31500
41661.74 41700
42644.03 42700
43031.98 43100
32425.79 32500
31842.91 31900
31766.66 31800
39948.85 40000
40619.07 40700
42017.84 42100
30920.56 31000
30579.25 30600
33160.56 33200
41824.41 41900
42082.84 42100
43749.81 43800
32439.20 32500
32611.85 32700
34573.77 34600
42701.94 42800
44795.07 44800
45949.58 46000
39568.33 39600
41706.61 41800
42181.59 42200
32288.54 32300
32403.72 32500
32994.70 33000
2486.72 2500
3572.70 3600
4180.12 4200
32797.84 32800
43621.15 43700
32723.26 32800
42366.80 42400
33587.02 33600
43374.78 43400
34657.12 34700
45363.21 45400
42984.59 43000
35491.29 35500
4319.63 4400
33074.56 33100
44285.20 44300
33975.40 34000
44289.71 44300
32929.45 33000
43533.39 43600
34419.85 34500
45554.41 45600
44275.74 44300
35148.11 35200
3871.73 3900
32742.08 32800
43148.90 43200
34259.27 34300
43988.86 44000
33402.74 33500
43233.92 43300
34593.84 34600
46658.54 46700
43204.70 43300
35236.26 35300
2988.17 3000
4195.63 4200
31771.56 31800
43283.91 43300
30900.17 31000
41978.06 42000
31354.87 31400
42463.47 42500
33170.39 33200
45120.42 45200
39587.08 39600
33421.96 33500
3078.37 3100
4234.78 4300
31590.76 31600
42313.74 42400
31851.52 31900
42294.89 42300
29633.08 29700
41793.90 41800
30721.61 30800
44345.89 44400
40746.36 40800
32835.87 32900
3889.69 3900
32119.25 32200
31814.27 31900
42374.96 42400
42456.19 42500
32954.01 33000
32952.40 33000
41016.74 41100
43462.20 43500
33200.28 33300
32480.17 32500
41683.49 41700
42420.72 42500
34405.28 34500
33633.75 33700
42158.07 42200
45651.10 45700
43730.81 43800
42040.90 42100
30840.03 30900
33497.42 33500
3822.96 3900
31132.86 31200
42636.29 42700
32071.48 32100
42176.52 42200
30900.13 31000
42771.28 42800
31316.91 31400
44419.96 44500
40861.04 40900
32226.78 32300
4140.11 4200
30474.64 30500
42626.37 42700
30598.03 30600
41499.96 41500
30654.41 30700
41752.88 41800
31146.62 31200
43264.13 43300
42443.69 42500
33120.66 33200
3691.28 3700
31306.43 31400
33708.82 33800
31231.72 31300
41926.60 42000
42127.39 42200
44419.12 44500
32372.11 32400
30763.31 30800
33495.83 33500
41706.80 41800
42487.00 42500
44171.27 44200
27504.78 27600
31973.48 32000
32910.14 33000
41099.05 41100
43251.84 43300
43079.40 43100
32538.35 32600
32844.09 32900
31942.57 32000
44635.48 44700
44697.34 44700
44811.78 44900
40144.94 40200
41217.96 41300
41937.70 42000
32533.96 32600
34050.65 34100
33629.91 33700
2506.06 2600
3256.02 3300
4178.34 4200
4599.20 4600
4028.43 4100
31323.55 31400
41202.09 41300
30702.32 30800
41458.90 41500
32135.82 32200
42026.17 42100
33101.80 33200
45205.06 45300
42574.08 42600
31099.48 31100
31784.08 31800
43608.14 43700
31374.65 31400
42041.64 42100
31750.99 31800
43028.46 43100
30985.79 31000
44354.72 44400
35275.55 35300
32564.07 32600
3093.17 3100
29235.39 29300
31390.99 31400
41519.88 41600
42502.95 42600
31629.06 31700
31859.98 31900
41590.79 41600
42426.13 42500
31346.14 31400
31151.37 31200
41941.31 42000
42870.74 42900
29432.57 29500
33459.31 33500
43325.61 43400
44223.93 44300
37586.28 37600
41511.14 41600
34104.99 34200
32369.75 32400
3561.73 3600
4203.84 4300
33227.53 33300
32800.61 32900
31707.40 31800
32528.87 32600
44046.78 44100
44263.14 44300
31569.59 31600
33548.99 33600
31507.59 31600
39305.97 39400
42820.90 42900
42113.60 42200
32208.98 32300
32942.59 33000
31034.53 31100
43563.91 43600
43328.57 43400
43050.96 43100
33770.81 33800
34118.92 34200
32482.59 32500
44162.41 44200
44921.03 45000
45745.11 45800
42261.96 42300
42087.25 42100
42470.58 42500
32964.53 33000
34326.02 34400
34605.86 34700
2846.96 2900
3457.33 3500
4055.93 4100
5092.51 5100
32119.45 32200
42053.28 42100
31450.35 31500
41417.50 41500
30062.21 30100
42256.86 42300
33509.18 33600
43748.52 43800
42235.21 42300
31609.40 31700
31714.81 31800
32686.47 32700
31530.87 31600
32327.22 32400
41328.51 41400
41288.36 41300
41087.15 41100
43003.84 43100
31420.22 31500
30837.21 30900
31903.05 32000
32187.35 32200
37726.50 37800
42542.28 42600
40962.48 41000
42083.27 42100
31461.81 31500
30423.09 30500
31668.46 31700
31901.52 32000
42316.13 42400
42681.90 42700
44061.08 44100
42300.77 42400
32346.18 32400
32580.07 32600
32445.72 32500
34179.26 34200
44045.34 44100
44553.17 44600
43823.77 43900
46401.80 46500
39283.78 39300
41953.84 42000
40767.53 40800
42096.40 42100
32472.93 32500
32287.37 32300
33252.59 33300
34281.62 34300
2220.88 2300
3778.59 3800
4444.49 4500
4080.64 4100
4864.18 4900
31206.73 31300
30957.15 31000
32166.79 32200
41169.70 41200
43714.68 43800
42935.95 43000
31711.83 31800
33872.37 33900
31335.17 31400
42339.07 42400
41809.37 41900
43675.61 43700
30976.70 31000
31408.08 31500
32088.96 32100
42159.99 42200
43083.06 43100
43058.92 43100
32237.58 32300
34232.97 34300
33761.78 33800
44747.17 44800
43872.05 43900
45492.67 45500
41258.98 41300
41321.92 41400
41786.50 41800
33459.60 33500
33426.91 33500
33857.64 33900
3328.69 3400
3259.47 3300
3114.64 3200
4575.99 4600
33902.67 34000
45192.60 45200
33824.12 33900
43835.30 43900
33392.90 33400
43219.28 43300
34581.87 34600
45953.13 46000
43481.48 43500
35446.39 35500
4628.10 4700
32224.23 32300
31451.92 31500
32026.75 32100
31563.48 31600
41165.34 41200
41839.27 41900
42955.29 43000
43407.50 43500
32783.53 32800
33320.40 33400
31485.22 31500
31887.24 31900
41673.30 41700
43481.28 43500
42117.03 42200
42990.42 43000
31155.82 31200
33815.82 33900
31906.55 32000
32626.33 32700
41452.17 41500
42967.85 43000
42752.59 42800
44309.76 44400
32803.61 32900
32782.64 32800
32359.65 32400
33974.74 34000
45765.29 45800
44547.21 44600
45758.79 45800
45037.95 45100
40521.81 40600
43303.21 43400
42066.29 42100
42718.90 42800
32173.29 32200
33667.69 33700
34905.88 35000
34832.59 34900
3667.08 3700
3714.28 3800
4130.31 4200
3471.04 3500
4297.59 4300
31931.44 32000
30003.31 30100
30862.89 30900
41857.84 41900
42829.06 42900
43057.55 43100
31751.19 31800
31804.24 31900
32283.40 32300
41821.28 41900
41487.07 41500
42173.78 42200
30267.24 30300
31063.07 31100
31257.24 31300
41664.59 41700
42568.74 42600
42814.95 42900
31278.63 31300
32498.65 32500
33518.67 33600
43811.14 43900
44970.36 45000
44485.38 44500
39774.95 39800
42857.90 42900
41607.39 41700
32146.26 32200
33819.42 33900
33599.75 33600
2500.41 2600
3786.76 3800
4106.92 4200
30784.05 30800
31494.10 31500
40732.82 40800
43217.08 43300
31275.75 31300
32319.62 32400
40933.21 41000
41900.43 42000
30945.34 31000
30771.34 30800
41513.22 41600
41421.04 41500
32913.12 33000
32954.56 33000
44001.26 44100
44897.40 44900
41556.25 41600
41786.34 41800
30724.97 30800
32831.02 32900
4020.05 4100
31856.49 31900
31590.65 31600
31324.78 31400
40383.56 40400
41165.30 41200
42778.87 42800
31032.99 31100
31147.96 31200
34766.56 34800
41192.20 41200
41783.04 41800
42513.46 42600
30525.40 30600
31542.19 31600
32439.97 32500
41284.03 41300
44083.88 44100
41970.05 42000
32139.32 32200
32721.51 32800
34639.94 34700
42845.76 42900
44806.91 44900
44872.33 44900
38318.27 38400
40929.07 41000
43188.07 43200
33000.08 33100
33158.98 33200
32222.16 32300
3210.19 3300
4594.53 4600
31212.00 31300
32048.78 32100
31912.61 32000
31596.75 31600
32362.69 32400
32170.62 32200
39300.70 39400
39688.09 39700
42963.22 43000
42991.20 43000
32980.21 33000
29274.84 29300
33511.86 33600
32344.83 32400
32467.07 32500
38692.65 38700
40325.59 40400
41700.02 41800
42016.80 42100
43560.33 43600
31688.64 31700
31414.09 31500
33494.54 33500
31767.47 31800
32216.58 32300
39935.53 40000
40401.26 40500
41870.06 41900
44225.94 44300
42991.08 43000
32048.14 32100
34276.15 34300
34892.28 34900
33542.99 33600
33451.29 33500
41939.96 42000
44316.39 44400
46063.88 46100
44463.05 44500
45538.41 45600
40917.88 41000
41311.99 41400
43779.86 43800
42087.83 42100
42256.73 42300
30395.79 30400
31861.97 31900
31983.28 32000
35370.75 35400
33632.35 33700
3473.71 3500
4572.20 4600
4239.61 4300
33120.59 33200
43238.07 43300
33737.47 33800
42723.97 42800
33401.04 33500
43957.95 44000
34594.88 34600
42622.42 42700
42288.07 42300
33411.30 33500
3471.37 3500
30471.80 30500
33299.86 33300
39581.51 39600
42805.54 42900
34170.61 34200
33313.61 33400
38939.92 39000
43526.78 43600
33023.61 33100
32600.04 32700
42651.65 42700
43812.99 43900
33747.36 33800
33940.21 34000
45037.97 45100
45603.97 45700
39119.23 39200
42704.29 42800
34124.70 34200
34152.54 34200
3264.65 3300
4240.19 4300
4464.62 4500
28858.45 28900
32294.42 32300
33354.40 33400
39038.25 39100
42966.78 43000
42761.61 42800
30709.80 30800
31590.23 31600
32950.66 33000
39440.63 39500
42145.61 42200
41926.04 42000
31510.25 31600
32663.17 32700
31986.75 32000
41379.40 41400
42739.80 42800
42974.42 43000
34068.27 34100
34877.64 34900
32958.21 33000
45937.22 46000
46734.11 46800
45376.73 45400
41841.59 41900
41433.78 41500
43241.25 43300
34424.66 34500
34117.59 34200
34469.54 34500
2724.11 2800
3119.88 3200
4954.57 5000
4314.02 4400
4797.59 4800
31247.27 31300
41043.19 41100
30477.56 30500
41724.56 41800
31347.59 31400
42625.70 42700
33274.02 33300
45801.13 45900
38020.38 38100
32869.67 32900
2155.07 2200
3574.81 3600
31981.41 32000
32279.13 32300
32373.49 32400
33102.26 33200
33193.84 33200
40785.32 40800
41961.75 42000
42119.80 42200
43119.99 43200
42174.03 42200
31497.09 31500
33120.39 33200
32321.86 32400
33422.59 33500
33055.07 33100
38670.60 38700
41228.62 41300
40786.71 40800
43226.75 43300
42189.08 42200
29743.70 29800
32860.32 32900
31118.05 31200
32155.17 32200
32591.90 32600
40371.28 40400
41974.70 42000
42825.04 42900
42934.44 43000
41932.75 42000
31409.15 31500
33445.90 33500
33443.52 33500
33656.75 33700
33890.46 33900
41207.71 41300
42999.13 43000
44497.13 44500
44137.00 44200
46590.08 46600
42770.27 42800
43014.86 43100
41447.78 41500
42549.75 42600
42205.42 42300
33061.68 33100
33552.69 33600
32791.77 32800
34844.52 34900
33808.24 33900
4003.05 4100
4248.17 4300
4938.45 5000
4412.96 4500
4007.87 4100
32717.90 32800
32390.27 32400
40734.21 40800
40504.61 40600
31986.34 32000
32658.80 32700
42404.96 42500
42136.99 42200
32039.44 32100
32876.66 32900
40272.16 40300
43343.96 43400
32959.34 33000
33703.97 33800
42811.85 42900
44516.78 44600
41857.70 41900
42101.44 42200
33224.40 33300
35298.72 35300
4681.89 4700
4348.11 4400
30567.98 30600
32041.25 32100
31842.35 31900
31402.32 31500
41755.27 41800
42955.98 43000
42846.59 42900
42956.59 43000
31441.50 31500
31488.31 31500
32332.53 32400
31873.53 31900
40469.08 40500
40994.29 41000
41992.93 42000
42289.77 42300
28333.53 28400
31442.98 31500
31043.36 31100
32004.75 32100
40627.81 40700
41861.01 41900
41906.78 42000
41969.49 42000
30226.39 30300
32909.21 33000
32213.04 32300
33144.17 33200
44073.16 44100
44028.59 44100
44711.71 44800
44080.90 44100
40475.39 40500
41527.41 41600
41280.67 41300
42669.11 42700
31828.91 31900
32978.71 33000
32507.30 32600
32610.56 32700
3065.81 3100
3645.39 3700
3235.14 3300
3515.96 3600
30276.31 30300
30752.60 30800
31142.22 31200
32048.21 32100
42388.24 42400
41973.93 42000
42413.97 42500
42388.64 42400
31066.69 31100
31744.18 31800
33507.97 33600
32697.85 32700
41002.92 41100
42590.43 42600
41705.98 41800
42301.92 42400
26134.17 26200
32576.97 32600
33186.49 33200
32159.44 32200
39924.30 40000
39459.37 39500
42563.68 42600
43977.13 44000
32313.47 32400
32775.25 32800
34185.78 34200
33350.41 33400
45632.47 45700
44694.71 44700
45310.79 45400
45237.02 45300
39861.02 39900
41060.40 41100
42482.40 42500
43892.78 43900
31540.09 31600
33414.48 33500
32860.47 32900
32747.94 32800
3216.29 3300
4479.81 4500
4390.21 4400
27793.52 27800
32826.92 32900
40009.12 40100
43810.94 43900
33828.45 33900
33984.44 34000
39644.42 39700
42655.95 42700
33171.61 33200
32267.58 32300
39447.89 39500
42120.59 42200
34166.08 34200
33900.61 34000
39726.83 39800
40629.80 40700
39832.80 39900
41754.83 41800
32270.69 32300
33605.69 33700
3996.11 4000
29500.50 29600
31916.94 32000
42451.02 42500
43339.93 43400
31172.17 31200
30882.13 30900
42212.47 42300
42432.34 42500
30373.07 30400
32324.78 32400
42414.69 42500
43565.52 43600
32724.80 32800
33380.14 33400
44767.70 44800
44944.53 45000
37972.90 38000
40634.11 40700
32808.25 32900
33775.11 33800
2980.04 3000
3581.21 3600
4406.06 4500
33308.04 33400
33140.28 33200
32625.63 32700
40755.11 40800
42809.61 42900
44522.37 44600
31900.40 32000
34476.77 34500
33369.78 33400
41288.87 41300
41966.52 42000
42499.79 42500
31679.44 31700
32863.71 32900
32517.85 32600
42075.05 42100
41908.07 42000
42704.82 42800
33188.44 33200
33625.55 33700
33974.49 34000
44099.82 44100
44836.44 44900
46643.50 46700
42842.14 42900
42149.31 42200
42108.81 42200
34571.59 34600
35510.26 35600
35252.92 35300
3250.43 3300
4405.28 4500
4121.83 4200
4531.60 4600
30389.74 30400
31539.10 31600
32265.86 32300
31842.28 31900
38788.98 38800
41645.05 41700
42932.89 43000
42728.72 42800
32077.90 32100
31826.41 31900
32224.62 32300
33136.26 33200
38436.76 38500
42025.43 42100
41597.67 41600
41859.65 41900
31460.52 31500
33661.66 33700
32419.86 32500
31861.33 31900
40160.83 40200
41250.01 41300
41730.06 41800
43354.62 43400
32759.20 32800
34069.19 34100
33342.83 33400
33687.40 33700
42101.11 42200
44198.40 44200
43764.17 43800
46210.35 46300
41879.58 41900
41870.19 41900
42544.56 42600
42356.41 42400
32612.82 32700
33276.22 33300
32554.89 32600
33583.09 33600
4582.39 4600
3933.71 4000
30970.33 31000
33519.36 33600
41402.75 41500
42213.01 42300
30903.20 31000
33318.27 33400
41479.40 41500
41342.70 41400
30178.19 30200
32212.94 32300
42461.44 42500
42262.43 42300
31596.19 31600
34160.49 34200
45031.78 45100
44381.72 44400
37453.45 37500
42821.76 42900
33306.68 33400
32555.87 32600
3447.42 3500
30934.60 31000
31336.02 31400
41644.43 41700
41963.19 42000
31778.81 31800
31828.33 31900
41175.51 41200
41233.08 41300
31229.92 31300
31553.16 31600
42289.89 42300
43212.62 43300
32156.38 32200
33534.92 33600
44378.60 44400
44887.44 44900
41376.49 41400
42107.17 42200
32561.83 32600
33286.91 33300
3438.31 3500
4145.50 4200
28673.53 28700
41221.31 41300
33072.22 33100
43207.57 43300
32703.55 32800
43650.91 43700
32385.57 32400
44618.64 44700
40328.80 40400
33316.84 33400
3004.05 3100
4048.96 4100
32722.13 32800
33818.45 33900
43021.42 43100
44638.45 44700
30891.47 30900
33468.87 33500
43134.31 43200
41592.46 41600
30812.63 30900
33249.97 33300
44578.21 44600
42797.61 42800
31420.10 31500
35183.00 35200
46473.12 46500
44030.43 44100
42861.37 42900
43770.08 43800
33193.85 33200
35133.71 35200
4265.59 4300
5532.14 5600
32296.45 32300
43067.33 43100
33509.80 33600
43019.66 43100
32998.07 33000
43692.89 43700
33967.53 34000
45227.16 45300
42063.90 42100
34694.87 34700
3237.31 3300
4566.38 4600
33275.10 33300
31674.65 31700
32804.00 32900
31283.97 31300
41793.83 41800
42704.78 42800
43281.76 43300
43316.48 43400
31437.16 31500
31021.42 31100
33190.18 33200
33865.98 33900
42619.57 42700
42764.79 42800
41783.40 41800
42166.80 42200
30434.99 30500
31134.63 31200
32215.83 32300
32481.68 32500
40862.18 40900
42257.20 42300
41221.94 41300
41690.55 41700
31704.95 31800
33553.42 33600
33412.75 33500
33503.39 33600
44065.68 44100
43944.06 44000
45263.16 45300
44446.09 44500
41973.73 42000
42108.13 42200
42998.70 43000
42375.77 42400
31427.53 31500
32345.87 32400
33500.46 33600
32257.14 32300
3463.99 3500
3923.73 4000
31175.69 31200
42158.63 42200
30075.68 30100
41375.86 41400
29908.28 30000
40668.67 40700
33282.60 33300
43376.59 43400
42431.02 42500
30444.62 30500
33467.20 33500
31628.14 31700
40685.48 40700
43339.41 43400
33732.52 33800
32567.99 32600
40220.84 40300
41043.36 41100
32067.06 32100
31889.73 31900
40021.04 40100
42482.64 42500
33388.26 33400
33863.41 33900
41924.28 42000
43516.82 43600
41342.08 41400
42056.63 42100
31666.37 31700
34011.04 34100
4830.95 4900
31282.19 31300
33152.04 33200
40465.62 40500
41437.60 41500
31508.90 31600
32144.56 32200
41244.64 41300
41073.54 41100
30849.24 30900
32357.62 32400
41972.45 42000
42012.64 42100
33752.76 33800
33157.69 33200
44461.38 44500
46725.81 46800
42533.98 42600
41238.62 41300
32414.14 32500
33691.93 33700
4176.85 4200
3439.59 3500
31115.05 31200
41969.50 42000
32626.02 32700
42623.76 42700
32903.34 33000
38356.00 38400
33057.22 33100
45638.40 45700
42683.20 42700
33740.67 33800
4399.92 4400
31946.41 32000
40515.99 40600
32462.58 32500
38143.60 38200
30469.82 30500
43531.02 43600
33634.68 33700
45416.52 45500
42715.13 42800
34158.46 34200
3367.70 3400
33536.68 33600
41059.43 41100
32568.92 32600
41130.60 41200
32411.14 32500
43063.02 43100
34232.80 34300
43025.85 43100
42071.32 42100
34007.14 34100
4867.36 4900
31089.59 31100
42635.96 42700
29922.86 30000
41538.52 41600
30423.53 30500
41841.32 41900
32499.46 32500
44214.28 44300
41138.90 41200
32964.55 33000
3163.86 3200
30236.02 30300
30690.18 30700
42462.75 42500
42897.68 42900
32011.01 32100
34421.03 34500
43320.14 43400
42110.95 42200
31171.80 31200
33695.81 33700
44028.65 44100
42352.31 42400
33369.62 33400
35299.05 35300
45784.48 45800
44230.08 44300
42643.85 42700
43381.51 43400
33796.64 33800
34237.18 34300
4740.42 4800
4539.78 4600
33008.74 33100
42656.57 42700
33844.63 33900
43080.30 43100
32585.93 32600
44411.38 44500
34292.10 34300
45951.11 46000
43979.17 44000
33943.01 34000
4381.98 4400
31189.08 31200
33232.28 33300
42502.35 42600
44076.54 44100
30963.34 31000
33532.37 33600
42167.07 42200
43027.97 43100
30943.90 31000
31941.97 32000
41666.58 41700
42507.98 42600
34509.35 34600
35582.89 35600
45582.65 45600
45934.64 46000
42582.52 42600
43397.68 43400
34335.88 34400
33845.74 33900
3367.23 3400
4538.83 4600
31756.22 31800
42993.82 43000
30392.63 30400
41781.25 41800
30590.93 30600
42224.99 42300
34810.59 34900
45449.24 45500
43476.33 43500
33818.24 33900
4186.80 4200
31296.91 31300
31392.39 31400
33370.74 33400
41306.95 41400
42297.98 42300
43309.70 43400
31546.85 31600
32220.24 32300
32516.89 32600
39108.88 39200
42559.24 42600
42203.82 42300
27137.26 27200
31520.31 31600
32218.90 32300
38593.03 38600
42418.13 42500
41557.96 41600
32538.32 32600
32722.30 32800
33093.83 33100
45244.26 45300
43005.03 43100
43891.04 43900
41860.46 41900
41982.92 42000
42493.97 42500
32880.64 32900
32718.12 32800
32537.05 32600
3637.91 3700
4120.25 4200
4027.52 4100
31162.19 31200
42328.97 42400
33869.91 33900
43911.97 44000
33998.77 34000
42793.86 42800
34208.42 34300
44092.71 44100
42013.48 42100
34889.44 34900
5173.55 5200
28285.72 28300
42225.91 42300
30797.36 30800
42625.60 42700
27904.45 28000
42806.71 42900
31704.46 31800
44781.58 44800
38840.89 38900
33678.36 33700
2635.01 2700
4502.89 4600
32013.86 32100
33165.67 33200
40869.99 40900
41334.28 41400
31849.68 31900
32900.50 33000
42866.44 42900
42014.01 42100
31755.47 31800
32857.99 32900
41308.17 41400
42438.22 42500
32536.29 32600
33919.98 34000
43141.24 43200
43017.87 43100
41419.63 41500
42144.68 42200
31292.66 31300
34373.01 34400
4995.59 5000
29722.49 29800
30133.06 30200
42563.74 42600
42831.93 42900
30300.44 30400
32105.47 32200
40434.83 40500
41936.54 42000
30397.79 30400
31837.57 31900
40897.15 40900
42344.83 42400
32576.52 32600
31306.45 31400
43300.61 43400
44546.85 44600
42868.58 42900
41440.78 41500
32343.00 32400
34116.81 34200
3435.91 3500
3565.94 3600
31590.17 31600
31959.03 32000
43381.14 43400
42760.67 42800
32204.04 32300
32497.06 32500
40812.38 40900
41982.48 42000
31786.79 31800
31550.03 31600
41315.72 41400
42812.73 42900
33398.07 33400
33364.00 33400
44737.08 44800
44873.56 44900
41837.46 41900
42879.30 42900
30231.07 30300
33381.64 33400
31391.62 31400
43344.36 43400
31884.29 31900
42193.54 42200
31751.95 31800
43218.70 43300
29887.60 29900
44468.74 44500
32538.67 32600
30491.19 30500
3604.57 3700
30907.44 31000
32589.78 32600
43462.32 43500
41723.71 41800
31460.36 31500
33163.46 33200
41610.93 41700
42319.80 42400
26569.46 26600
32684.10 32700
40656.08 40700
41517.51 41600
33172.22 33200
34009.87 34100
44048.04 44100
44505.42 44600
41894.56 41900
42532.59 42600
34536.91 34600
32523.51 32600
4628.97 4700
4767.58 4800
31141.78 31200
31376.75 31400
42082.72 42100
43229.65 43300
32549.36 32600
31143.04 31200
40898.55 40900
42819.97 42900
32258.58 32300
31413.25 31500
42444.00 42500
43185.72 43200
35184.60 35200
33291.04 33300
44920.39 45000
46305.66 46400
42492.06 42500
41909.83 42000
33897.81 33900
34246.02 34300
2992.61 3000
3362.06 3400
4712.81 4800
29842.62 29900
41717.43 41800
29543.79 29600
41613.14 41700
29872.72 29900
41614.60 41700
31145.94 31200
42904.82 43000
41046.58 41100
32838.63 32900
4679.57 4700
31951.82 32000
31614.80 31700
33708.62 33800
33473.85 33500
42297.09 42300
43695.22 43700
42771.16 42800
44846.11 44900
31523.81 31600
32846.71 32900
34063.56 34100
34058.02 34100
41848.19 41900
41455.07 41500
43012.10 43100
44394.24 44400
31235.36 31300
33043.58 33100
34560.11 34600
33334.32 33400
39027.65 39100
41774.28 41800
42833.07 42900
42927.41 43000
32863.87 32900
34329.56 34400
33757.14 33800
33972.34 34000
45176.98 45200
45057.59 45100
45105.87 45200
45191.45 45200
42017.30 42100
41823.11 41900
42553.01 42600
42480.11 42500
33388.15 33400
33361.96 33400
35833.96 35900
35526.48 35600
3823.23 3900
4275.28 4300
4142.97 4200
3910.56 4000
32434.80 32500
43272.81 43300
33547.87 33600
42865.44 42900
32548.16 32600
43658.04 43700
33523.15 33600
45731.96 45800
37933.51 38000
33689.01 33700
2596.02 2600
4799.63 4800
31869.83 31900
31570.00 31600
41446.24 41500
41906.58 42000
32096.04 32100
32136.50 32200
40215.96 40300
41395.64 41400
30403.15 30500
31167.63 31200
41480.29 41500
42591.35 42600
32425.84 32500
32408.81 32500
44546.78 44600
44850.00 44900
42789.08 42800
42299.85 42300
31422.42 31500
33616.90 33700
3644.78 3700
31999.03 32000
43102.79 43200
30357.27 30400
42133.09 42200
30059.28 30100
42429.55 42500
31532.96 31600
44780.49 44800
37443.77 37500
33061.85 33100
3369.01 3400
33294.59 33300
31622.88 31700
31772.77 31800
36941.26 37000
39380.29 39400
44343.39 44400
33885.75 33900
31233.62 31300
31160.82 31200
42472.94 42500
42303.67 42400
42946.52 43000
31139.33 31200
31118.94 31200
33827.69 33900
44184.37 44200
42502.66 42600
43132.23 43200
31667.11 31700
32808.96 32900
34157.24 34200
43883.89 43900
44466.82 44500
47115.22 47200
40615.04 40700
41100.47 41200
42438.41 42500
31984.79 32000
32644.27 32700
33104.52 33200
4271.52 4300
4266.50 4300
30905.79 31000
32624.95 32700
32506.58 32600
39481.74 39500
40547.15 40600
43123.41 43200
31395.82 31400
32332.01 32400
32294.27 32300
39917.85 40000
40637.04 40700
41609.88 41700
30026.83 30100
32137.61 32200
32157.02 32200
39021.59 39100
39177.49 39200
41917.82 42000
29402.50 29500
32633.20 32700
33466.98 33500
42217.08 42300
44868.33 44900
43794.46 43800
41814.52 41900
42954.47 43000
42265.53 42300
32332.91 32400
33329.49 33400
32831.77 32900
3997.48 4000
31431.39 31500
31210.10 31300
41307.25 41400
41638.29 41700
31727.43 31800
31955.77 32000
40834.71 40900
41754.91 41800
31040.38 31100
31048.34 31100
42373.37 42400
42965.67 43000
32641.82 32700
33112.70 33200
43426.61 43500
44999.76 45000
39618.46 39700
41937.61 42000
32434.66 32500
32115.91 32200
4660.03 4700
33269.19 33300
43597.80 43600
34511.03 34600
43606.43 43700
33256.67 33300
42518.14 42600
33744.54 33800
45595.04 45600
42295.42 42300
34885.69 34900
4452.00 4500
32560.82 32600
32014.50 32100
40005.90 40100
42962.88 43000
33331.82 33400
32708.52 32800
39695.11 39700
44178.42 44200
30951.34 31000
32092.62 32100
39304.66 39400
44031.74 44100
29620.78 29700
33366.94 33400
40775.11 40800
44202.97 44300
40813.41 40900
42309.67 42400
35047.92 35100
33927.04 34000
2570.50 2600
4308.78 4400
5554.14 5600
32414.89 32500
43752.65 43800
28091.94 28100
40219.61 40300
33135.06 33200
43073.06 43100
33095.52 33100
46185.71 46200
43265.41 43300
33925.31 34000
5137.08 5200
28899.60 28900
33513.81 33600
40526.51 40600
41627.13 41700
34170.48 34200
32737.16 32800
41115.93 41200
43056.86 43100
31551.00 31600
33086.52 33100
43354.41 43400
43913.05 44000
33993.81 34000
35172.30 35200
43025.26 43100
43668.93 43700
42072.83 42100
42912.31 43000
32139.34 32200
31673.29 31700
32174.91 32200
32616.53 32700
31270.11 31300
32650.97 32700
42232.03 42300
43387.45 43400
42927.24 43000
43612.77 43700
32742.58 32800
32700.35 32800
32022.82 32100
33285.86 33300
42655.92 42700
42782.48 42800
42586.19 42600
42872.69 42900
28415.90 28500
32349.31 32400
33625.24 33700
32770.20 32800
43921.14 44000
43621.01 43700
42039.44 42100
42931.93 43000
29965.85 30000
32336.75 32400
33392.07 33400
35354.59 35400
43260.34 43300
46825.56 46900
44476.31 44500
45828.11 45900
41559.37 41600
41252.53 41300
42923.54 43000
43734.23 43800
32286.32 32300
34876.90 34900
33558.32 33600
34392.24 34400
2945.55 3000
3188.80 3200
3663.42 3700
4351.75 4400
3921.44 4000
4078.12 4100
31073.59 31100
32680.58 32700
31349.46 31400
41781.56 41800
42693.81 42700
43515.51 43600
31344.94 31400
30956.67 31000
30685.28 30700
40422.77 40500
41566.51 41600
42209.07 42300
31671.64 31700
30842.02 30900
30772.75 30800
41678.38 41700
42232.40 42300
42462.45 42500
31502.64 31600
32764.11 32800
32368.29 32400
44439.88 44500
44009.94 44100
44739.45 44800
40699.57 40700
41370.76 41400
43027.48 43100
32152.62 32200
32545.58 32600
33594.75 33600
2848.60 2900
3298.57 3300
4643.96 4700
3576.36 3600
