14563.13 14600
18145.86 18200
19339.94 19400
20648.75 20700
19678.84 19700
19163.27 19200
19573.89 19600
18429.26 18500
19586.16 19600
18717.23 18800
348.76 400
231.24 300
317.36 400
234.44 300
222.65 300
302.49 400
182.15 200
296.18 300
196.72 200
313.18 400
209.58 300
316.85 400
178.64 200
165.57 200
208.73 300
179.42 200
188.61 200
409.00 500
347.30 400
173.67 200
273.09 300
186.40 200
379.25 400
174.85 200
275.04 300
166.23 200
223.94 300
281.16 300
355.31 400
180.76 200
326.10 400
161.16 200
366.15 400
167.13 200
180.35 200
318.90 400
341.13 400
179.83 200
197.07 200
336.02 400
212.89 300
274.28 300
183.26 200
367.07 400
188.60 200
324.78 400
177.90 200
341.14 400
320.08 400
358.82 400
303.10 400
207.62 300
174.90 200
253.63 300
145.56 200
188.31 200
300.08 400
183.78 200
337.91 400
167.77 200
229.54 300
436.66 500
299.73 300
133.34 200
124.86 200
141.02 200
104.01 200
119.98 200
118.93 200
125.29 200
120.35 200
127.28 200
142.34 200
136.33 200
129.72 200
88.39 100
126.37 200
112.74 200
122.46 200
117.11 200
132.33 200
93.24 100
89.38 100
135.40 200
119.71 200
100.25 200
118.48 200
124.79 200
106.53 200
116.48 200
117.88 200
119.95 200
130.55 200
104.74 200
120.43 200
100.90 200
109.74 200
109.66 200
137.97 200
117.50 200
106.79 200
130.91 200
114.63 200
9834.67 9900
13477.93 13500
17011.84 17100
19607.78 19700
19607.71 19700
18825.90 18900
18679.72 18700
19956.25 20000
19212.32 19300
19485.75 19500
19621.42 19700
19786.84 19800
324.16 400
281.64 300
362.26 400
322.60 400
317.17 400
289.55 300
299.29 300
260.52 300
284.46 300
322.98 400
301.48 400
280.58 300
308.17 400
254.21 300
301.64 400
329.92 400
208.55 300
332.28 400
287.77 300
314.58 400
336.97 400
325.03 400
279.54 300
281.58 300
309.57 400
315.81 400
202.11 300
351.56 400
169.04 200
359.01 400
287.99 300
387.24 400
198.81 200
322.96 400
242.71 300
208.34 300
317.17 400
184.93 200
175.93 200
201.17 300
313.55 400
195.77 200
174.57 200
308.67 400
199.19 200
270.20 300
184.11 200
189.03 200
319.48 400
164.98 200
353.63 400
330.05 400
294.96 300
209.51 300
174.53 200
350.58 400
313.27 400
256.03 300
288.99 300
298.98 300
182.06 200
364.25 400
293.31 300
330.02 400
316.71 400
325.79 400
215.09 300
311.55 400
403.16 500
221.66 300
261.48 300
355.09 400
282.07 300
492.69 500
222.88 300
413.37 500
383.79 400
392.20 400
19754.56 19800
19463.12 19500
20355.07 20400
19728.27 19800
19228.32 19300
199.89 200
186.41 200
156.85 200
194.19 200
163.70 200
199.18 200
181.42 200
157.00 200
185.87 200
188.81 200
185.97 200
189.36 200
140.91 200
209.70 300
328.70 400
203.74 300
163.64 200
197.78 200
200.18 300
178.52 200
324.08 400
338.95 400
315.20 400
286.65 300
236.02 300
330.42 400
212.35 300
274.69 300
219.78 300
169.80 200
173.32 200
197.77 200
300.76 400
242.22 300
392.01 400
9912.94 10000
8761.18 8800
13332.79 13400
15210.84 15300
15394.14 15400
16847.79 16900
18871.66 18900
20352.48 20400
20885.72 20900
20410.27 20500
20007.55 20100
19293.62 19300
18643.87 18700
19342.56 19400
18713.19 18800
374.91 400
326.70 400
338.12 400
368.88 400
14698.80 14700
18118.93 18200
17556.22 17600
17991.12 18000
19785.33 19800
20276.18 20300
18678.97 18700
18904.68 19000
18351.24 18400
19297.72 19300
19311.45 19400
16289.90 16300
17756.04 17800
19914.22 20000
20591.27 20600
3968.30 4000
10096.07 10100
8355.01 8400
14054.44 14100
14804.77 14900
19997.48 20000
19249.71 19300
19311.52 19400
19938.10 20000
281.35 300
299.04 300
250.03 300
291.18 300
260.55 300
297.42 300
339.17 400
303.56 400
271.50 300
307.66 400
257.49 300
287.22 300
248.98 300
271.69 300
255.29 300
268.43 300
238.37 300
254.01 300
301.62 400
345.33 400
354.67 400
9329.88 9400
7091.84 7100
19654.70 19700
19990.84 20000
19712.63 19800
19387.77 19400
18974.46 19000
19699.97 19700
19935.87 20000
18670.20 18700
19873.08 19900
18585.96 18600
19121.62 19200
19447.02 19500
19408.67 19500
19392.86 19400
19606.24 19700
285.10 300
335.93 400
317.61 400
263.80 300
265.50 300
299.33 300
348.90 400
290.27 300
227.86 300
352.97 400
303.08 400
261.94 300
282.25 300
298.55 300
253.46 300
319.89 400
315.25 400
265.77 300
346.34 400
278.41 300
346.06 400
304.09 400
293.41 300
327.36 400
387.14 400
17233.06 17300
18458.39 18500
20609.32 20700
20031.02 20100
20426.38 20500
19901.55 20000
20194.99 20200
18439.14 18500
19955.95 20000
307.37 400
301.18 400
242.27 300
278.58 300
273.40 300
254.47 300
271.78 300
289.63 300
279.04 300
224.27 300
245.06 300
278.64 300
300.68 400
248.34 300
318.61 400
314.24 400
9423.43 9500
11515.03 11600
19882.95 19900
20642.11 20700
19703.31 19800
20005.08 20100
18720.79 18800
18844.88 18900
9437.10 9500
9791.43 9800
4264.53 4300
12646.03 12700
18777.36 18800
18444.17 18500
19723.07 19800
19406.57 19500
19030.17 19100
19651.53 19700
21064.18 21100
17092.85 17100
16999.40 17000
17722.29 17800
17989.94 18000
18947.02 19000
18854.21 18900
20228.66 20300
18700.45 18800
18600.15 18700
20719.26 20800
19595.40 19600
19304.03 19400
18834.98 18900
19459.14 19500
386.02 400
342.69 400
324.69 400
249.45 300
266.15 300
320.52 400
290.22 300
299.12 300
296.11 300
276.59 300
296.07 300
294.70 300
359.39 400
350.77 400
298.08 300
349.52 400
355.47 400
344.16 400
406.50 500
17413.92 17500
19206.12 19300
20463.97 20500
20896.15 20900
19573.66 19600
21043.14 21100
20147.33 20200
19161.33 19200
18540.22 18600
9322.84 9400
5320.34 5400
16246.99 16300
18963.33 19000
20201.11 20300
20044.35 20100
19924.25 20000
18967.81 19000
9317.50 9400
9358.65 9400
8592.46 8600
8918.22 9000
16359.00 16400
19265.66 19300
20191.95 20200
19646.21 19700
20202.39 20300
19929.04 20000
19457.68 19500
18837.41 18900
9915.86 10000
9121.50 9200
13408.27 13500
18490.26 18500
20206.57 20300
20486.47 20500
20294.46 20300
20063.22 20100
18786.03 18800
20467.85 20500
19528.46 19600
20274.66 20300
19607.63 19700
19957.19 20000
21383.20 21400
20551.25 20600
19382.10 19400
18604.30 18700
302.27 400
297.53 300
321.86 400
377.96 400
347.86 400
323.26 400
328.03 400
262.78 300
336.73 400
17771.26 17800
19134.40 19200
20855.50 20900
19354.73 19400
19736.64 19800
18274.54 18300
19676.79 19700
18784.34 18800
19154.79 19200
18565.02 18600
20451.18 20500
19488.67 19500
18904.45 19000
335.46 400
318.21 400
312.31 400
334.30 400
332.59 400
364.58 400
297.23 300
320.55 400
329.81 400
320.70 400
341.20 400
337.20 400
379.44 400
348.14 400
364.74 400
11215.84 11300
19276.51 19300
19375.74 19400
19169.75 19200
20735.86 20800
20221.67 20300
20597.27 20600
19040.78 19100
16856.40 16900
17468.90 17500
18652.36 18700
19462.93 19500
19385.17 19400
19763.29 19800
19863.10 19900
19621.10 19700
19162.59 19200
20228.25 20300
360.76 400
277.85 300
310.19 400
246.31 300
319.18 400
308.53 400
311.70 400
312.83 400
362.75 400
326.20 400
376.98 400
378.14 400
326.11 400
371.40 400
343.53 400
301.03 400
349.38 400
342.08 400
331.98 400
283.98 300
341.37 400
319.28 400
412.07 500
436.42 500
17347.68 17400
20203.18 20300
20124.10 20200
19921.94 20000
21437.35 21500
19162.48 19200
19720.54 19800
21071.88 21100
20384.30 20400
19791.83 19800
20872.24 20900
20616.88 20700
18991.44 19000
19274.75 19300
19368.91 19400
292.16 300
277.23 300
292.34 300
222.04 300
254.11 300
280.65 300
249.14 300
248.21 300
270.49 300
239.75 300
271.51 300
250.02 300
260.88 300
235.94 300
264.90 300
293.92 300
365.32 400
182.70 200
121.34 200
120.72 200
123.86 200
133.50 200
114.70 200
121.99 200
129.29 200
128.48 200
148.34 200
89.74 100
114.97 200
151.65 200
159.10 200
159.63 200
92.07 100
140.77 200
132.63 200
118.84 200
97.79 100
102.11 200
128.84 200
160.16 200
9852.94 9900
10009.46 10100
10404.45 10500
12304.47 12400
13257.10 13300
13146.23 13200
15730.36 15800
16251.84 16300
17245.31 17300
20094.03 20100
20970.10 21000
19875.98 19900
19043.02 19100
20575.94 20600
20536.31 20600
18801.23 18900
18833.19 18900
19005.24 19100
290.51 300
286.46 300
314.16 400
283.75 300
282.85 300
267.07 300
359.81 400
379.00 400
341.37 400
365.80 400
13183.98 13200
14224.64 14300
16593.26 16600
17450.58 17500
18047.50 18100
19115.70 19200
19022.33 19100
18545.56 18600
19147.67 19200
20811.91 20900
20516.95 20600
18633.76 18700
9268.81 9300
10406.29 10500
7281.66 7300
9835.34 9900
18729.97 18800
18925.70 19000
20065.67 20100
19311.38 19400
18904.60 19000
19287.99 19300
9523.90 9600
11688.39 11700
17407.43 17500
18719.56 18800
20173.82 20200
18697.10 18700
18905.63 19000
19775.26 19800
20022.63 20100
19393.09 19400
19768.34 19800
299.30 300
277.22 300
367.02 400
286.37 300
342.70 400
313.70 400
312.68 400
260.90 300
285.84 300
338.01 400
347.41 400
322.92 400
303.95 400
285.83 300
279.50 300
373.07 400
303.85 400
291.39 300
338.81 400
327.30 400
310.88 400
303.23 400
312.31 400
284.39 300
322.84 400
306.82 400
361.37 400
259.84 300
285.23 300
291.72 300
370.58 400
306.99 400
320.75 400
342.11 400
364.81 400
247.37 300
311.16 400
305.09 400
304.37 400
276.78 300
306.29 400
303.83 400
329.33 400
460.58 500
443.24 500
192.89 200
14921.53 15000
16763.69 16800
17329.40 17400
20469.48 20500
20065.65 20100
20469.77 20500
18552.38 18600
18476.21 18500
183.84 200
129.44 200
132.89 200
160.65 200
150.48 200
136.20 200
146.82 200
160.43 200
130.75 200
119.59 200
150.73 200
131.21 200
121.25 200
145.55 200
109.60 200
118.40 200
128.05 200
144.24 200
140.98 200
131.73 200
9362.25 9400
9160.60 9200
9273.14 9300
6416.96 6500
11233.59 11300
12200.58 12300
19321.53 19400
20991.93 21000
20288.46 20300
19567.92 19600
162.66 200
102.95 200
105.84 200
133.09 200
125.70 200
136.94 200
123.04 200
104.08 200
142.38 200
107.83 200
92.15 100
118.45 200
156.89 200
125.49 200
137.12 200
100.03 200
119.85 200
109.97 200
117.34 200
124.71 200
102.56 200
113.13 200
108.12 200
122.26 200
106.64 200
117.47 200
112.90 200
107.82 200
155.46 200
146.26 200
104.44 200
99.45 100
110.56 200
117.85 200
124.16 200
108.78 200
142.22 200
111.89 200
117.63 200
127.37 200
117.65 200
110.78 200
97.51 100
116.30 200
114.18 200
132.47 200
8150.25 8200
8829.95 8900
9630.46 9700
6584.98 6600
7223.53 7300
10689.02 10700
15933.75 16000
17873.71 17900
19252.00 19300
19226.94 19300
20052.69 20100
18755.21 18800
18873.58 18900
19529.02 19600
292.20 300
195.81 200
112.69 200
98.89 100
122.84 200
135.71 200
99.57 100
158.32 200
102.64 200
96.31 100
83.49 100
126.16 200
107.18 200
118.64 200
103.42 200
126.48 200
98.40 100
109.41 200
102.51 200
97.93 100
133.44 200
127.65 200
119.47 200
87.08 100
94.22 100
143.03 200
94.59 100
113.17 200
145.14 200
94.12 100
109.30 200
126.62 200
107.63 200
98.16 100
114.75 200
128.21 200
116.15 200
112.29 200
106.30 200
81.67 100
90.65 100
8697.38 8700
9189.56 9200
9275.49 9300
7185.37 7200
8915.03 9000
9102.43 9200
14553.13 14600
19935.67 20000
19103.28 19200
20215.44 20300
19989.52 20000
20272.53 20300
19672.30 19700
19627.31 19700
19410.73 19500
256.18 300
231.45 300
278.02 300
283.61 300
275.23 300
285.24 300
332.02 400
305.77 400
267.92 300
252.09 300
282.39 300
246.13 300
259.21 300
225.63 300
256.17 300
287.21 300
231.62 300
282.07 300
274.11 300
302.04 400
307.11 400
288.15 300
252.07 300
264.03 300
233.36 300
239.09 300
349.59 400
323.30 400
10472.23 10500
10725.50 10800
14542.31 14600
18027.28 18100
18877.24 18900
20064.61 20100
18072.50 18100
20724.52 20800
18875.17 18900
327.66 400
261.54 300
255.03 300
257.27 300
239.35 300
287.57 300
320.55 400
350.87 400
145.87 200
135.16 200
139.23 200
136.05 200
110.40 200
135.24 200
158.91 200
139.91 200
149.13 200
130.89 200
141.85 200
143.11 200
133.70 200
111.22 200
126.04 200
155.00 200
147.47 200
158.01 200
149.62 200
122.50 200
147.50 200
137.74 200
157.08 200
146.65 200
129.51 200
118.89 200
159.16 200
140.51 200
134.78 200
161.94 200
169.76 200
150.97 200
155.27 200
149.88 200
116.03 200
121.36 200
109.71 200
9646.24 9700
10295.47 10300
8783.59 8800
9957.77 10000
17157.75 17200
17848.02 17900
20051.34 20100
18801.17 18900
19244.49 19300
19043.20 19100
19287.37 19300
204.93 300
138.97 200
141.53 200
117.23 200
126.89 200
163.15 200
135.04 200
113.31 200
161.53 200
159.55 200
136.31 200
130.51 200
136.06 200
153.10 200
122.94 200
136.45 200
161.99 200
124.79 200
112.79 200
122.65 200
120.11 200
126.13 200
113.23 200
117.77 200
167.79 200
111.21 200
174.54 200
116.94 200
147.08 200
119.67 200
118.25 200
133.84 200
131.17 200
135.69 200
160.66 200
124.55 200
136.05 200
136.63 200
9860.21 9900
10031.29 10100
9540.26 9600
11189.70 11200
17331.26 17400
18676.87 18700
18699.68 18700
19152.42 19200
20026.10 20100
19498.89 19500
19663.42 19700
18377.07 18400
18747.76 18800
8702.39 8800
9813.20 9900
13822.48 13900
17008.77 17100
17612.90 17700
19053.51 19100
20324.54 20400
20371.33 20400
19364.78 19400
18706.75 18800
19201.81 19300
19537.78 19600
19787.46 19800
20468.92 20500
10715.01 10800
15792.45 15800
17042.82 17100
17233.71 17300
18377.11 18400
18906.21 19000
19836.36 19900
20362.55 20400
19906.72 20000
20906.86 21000
18502.63 18600
19395.57 19400
17353.32 17400
18008.44 18100
20228.36 20300
19110.28 19200
19743.61 19800
20261.09 20300
19273.61 19300
278.24 300
283.88 300
257.26 300
302.59 400
257.46 300
295.83 300
316.73 400
164.26 200
117.77 200
120.63 200
136.18 200
96.03 100
128.52 200
113.46 200
135.75 200
111.13 200
118.91 200
116.73 200
124.95 200
98.42 100
108.08 200
119.91 200
129.21 200
128.36 200
110.78 200
103.90 200
124.13 200
134.28 200
146.20 200
151.01 200
128.80 200
98.11 100
108.84 200
147.64 200
115.96 200
133.14 200
146.30 200
114.07 200
100.33 200
93.94 100
123.10 200
124.89 200
135.24 200
140.64 200
129.39 200
152.80 200
129.32 200
112.88 200
101.95 200
123.65 200
118.52 200
130.75 200
114.64 200
147.65 200
127.51 200
129.93 200
122.05 200
148.37 200
118.40 200
155.07 200
9799.62 9800
10736.58 10800
19569.36 19600
18568.49 18600
19562.15 19600
19828.05 19900
18552.83 18600
220.80 300
107.23 200
142.38 200
140.63 200
134.53 200
160.91 200
128.29 200
169.55 200
123.17 200
131.27 200
131.65 200
140.16 200
144.64 200
130.66 200
117.69 200
151.22 200
155.25 200
127.78 200
152.23 200
121.75 200
133.90 200
110.72 200
127.92 200
122.36 200
127.13 200
138.43 200
141.62 200
132.03 200
154.31 200
113.20 200
122.57 200
138.46 200
144.95 200
128.74 200
149.50 200
143.31 200
142.39 200
161.39 200
126.23 200
102.72 200
121.69 200
127.46 200
120.65 200
142.95 200
129.29 200
153.26 200
125.15 200
108.16 200
127.12 200
137.08 200
109.07 200
119.11 200
113.88 200
114.29 200
140.24 200
105.13 200
105.15 200
122.25 200
106.33 200
124.79 200
140.36 200
122.32 200
133.56 200
170.87 200
116.88 200
121.33 200
118.66 200
122.66 200
174.38 200
8693.37 8700
8966.25 9000
10265.14 10300
7557.95 7600
11563.92 11600
13324.92 13400
17763.25 17800
18611.32 18700
18719.01 18800
19976.42 20000
18940.39 19000
405.48 500
257.72 300
412.04 500
378.78 400
376.25 400
355.55 400
165.38 200
292.48 300
111.81 200
133.82 200
126.13 200
393.58 400
125.74 200
94.79 100
105.05 200
112.89 200
422.68 500
110.91 200
98.42 100
348.27 400
172.13 200
143.14 200
394.58 400
103.53 200
91.52 100
116.79 200
284.17 300
110.11 200
139.99 200
334.08 400
132.41 200
134.91 200
325.25 400
106.14 200
121.36 200
348.85 400
108.42 200
230.10 300
126.61 200
100.48 200
108.31 200
279.40 300
118.57 200
113.88 200
308.30 400
125.86 200
102.98 200
280.01 300
108.76 200
332.50 400
72.31 100
326.43 400
7882.77 7900
11415.63 11500
3397.31 3400
13065.19 13100
16923.26 17000
19645.26 19700
20234.82 20300
19836.65 19900
20576.80 20600
19951.94 20000
20361.82 20400
8627.37 8700
10009.60 10100
9930.36 10000
11994.44 12000
20361.65 20400
19269.84 19300
19323.89 19400
19235.82 19300
19595.04 19600
384.51 400
9716.20 9800
9688.46 9700
17097.45 17100
19854.43 19900
20020.44 20100
21872.85 21900
21745.93 21800
19391.17 19400
20112.39 20200
18560.42 18600
324.55 400
318.65 400
315.07 400
308.04 400
307.69 400
309.53 400
334.84 400
323.54 400
311.05 400
336.47 400
321.94 400
382.48 400
178.86 200
108.39 200
118.69 200
138.77 200
92.40 100
106.80 200
116.86 200
114.98 200
98.73 100
118.29 200
117.27 200
96.41 100
122.48 200
111.67 200
147.40 200
108.72 200
131.42 200
116.11 200
115.84 200
116.31 200
115.86 200
111.20 200
109.72 200
106.01 200
109.12 200
95.71 100
161.13 200
101.85 200
96.92 100
151.42 200
85.33 100
131.02 200
121.55 200
96.43 100
132.67 200
135.59 200
99.82 100
84.01 100
126.91 200
115.46 200
83.17 100
106.85 200
132.40 200
105.10 200
72.80 100
117.68 200
111.27 200
126.03 200
94.74 100
115.00 200
116.79 200
94.63 100
105.17 200
102.10 200
144.60 200
107.88 200
92.57 100
9268.43 9300
12621.58 12700
15833.41 15900
18782.26 18800
19268.58 19300
19476.92 19500
20018.99 20100
19686.43 19700
19182.69 19200
18602.16 18700
16765.94 16800
18596.97 18600
19785.99 19800
19171.97 19200
19425.89 19500
9378.19 9400
3701.28 3800
17373.97 17400
20485.22 20500
19492.64 19500
19057.59 19100
18507.71 18600
18656.56 18700
18346.71 18400
19105.79 19200
18723.76 18800
19928.88 20000
19759.26 19800
21066.76 21100
19403.42 19500
19689.39 19700
20646.78 20700
19620.01 19700
18708.73 18800
18952.42 19000
313.80 400
311.32 400
285.84 300
266.29 300
297.87 300
294.20 300
349.84 400
201.51 300
157.52 200
98.09 100
140.54 200
140.86 200
149.67 200
137.94 200
142.90 200
137.40 200
142.41 200
143.09 200
136.96 200
138.83 200
134.11 200
105.95 200
152.23 200
123.25 200
115.72 200
136.25 200
145.59 200
157.95 200
119.91 200
169.77 200
138.96 200
128.29 200
123.53 200
133.93 200
134.83 200
171.39 200
162.44 200
148.25 200
149.72 200
140.09 200
134.30 200
118.73 200
156.08 200
116.19 200
124.67 200
154.94 200
131.78 200
164.21 200
126.84 200
125.11 200
9592.33 9600
10347.72 10400
12099.34 12100
12486.83 12500
14711.24 14800
17901.28 18000
20240.62 20300
19119.57 19200
19857.08 19900
18141.59 18200
20724.82 20800
19233.65 19300
19326.67 19400
276.81 300
261.99 300
288.54 300
273.51 300
276.81 300
242.07 300
287.32 300
247.49 300
296.41 300
258.66 300
248.45 300
295.93 300
277.87 300
280.71 300
298.77 300
260.99 300
320.78 400
272.51 300
294.33 300
254.08 300
262.21 300
258.73 300
269.67 300
247.75 300
293.19 300
382.50 400
17867.27 17900
19336.46 19400
19401.90 19500
19808.91 19900
20358.82 20400
19199.51 19200
18386.96 18400
20176.89 20200
19651.82 19700
259.09 300
273.15 300
275.10 300
302.00 400
248.81 300
242.48 300
261.37 300
273.89 300
227.57 300
296.14 300
252.38 300
370.01 400
249.03 300
339.51 400
241.96 300
348.05 400
339.73 400
377.16 400
273.48 300
270.43 300
333.84 400
267.11 300
315.59 400
263.25 300
357.11 400
273.04 300
348.71 400
361.12 400
256.62 300
270.11 300
346.73 400
231.00 300
367.51 400
414.56 500
14821.07 14900
15128.22 15200
19657.06 19700
20480.92 20500
18907.66 19000
18278.39 18300
19101.88 19200
16667.13 16700
18867.14 18900
19255.14 19300
19921.22 20000
19363.77 19400
19804.56 19900
20614.44 20700
20478.54 20500
19640.87 19700
19885.99 19900
18602.27 18700
18361.30 18400
18738.76 18800
14932.06 15000
16683.86 16700
18085.63 18100
19110.46 19200
19741.45 19800
19526.95 19600
18751.35 18800
18752.40 18800
180.61 200
129.66 200
130.63 200
149.97 200
139.14 200
116.54 200
158.05 200
151.86 200
144.25 200
158.61 200
120.93 200
132.36 200
116.20 200
129.76 200
113.84 200
123.41 200
172.34 200
133.83 200
130.70 200
158.62 200
129.15 200
146.55 200
137.09 200
145.91 200
169.36 200
137.85 200
137.36 200
150.99 200
128.11 200
8975.60 9000
8865.70 8900
9906.25 10000
8669.59 8700
10620.05 10700
10759.83 10800
13679.30 13700
19142.00 19200
20486.41 20500
20957.43 21000
18851.15 18900
18370.66 18400
19907.11 20000
355.70 400
422.99 500
395.50 400
308.74 400
318.77 400
316.35 400
311.12 400
308.65 400
351.15 400
361.61 400
307.20 400
385.37 400
445.80 500
348.78 400
4851.73 4900
18447.66 18500
18935.95 19000
19311.88 19400
18579.75 18600
19144.43 19200
20879.41 20900
19005.81 19100
18975.52 19000
19527.68 19600
18994.67 19000
372.05 400
175.60 200
112.53 200
95.91 100
126.21 200
140.55 200
134.49 200
142.27 200
132.95 200
126.18 200
98.58 100
122.84 200
104.39 200
107.64 200
138.50 200
138.23 200
115.92 200
111.29 200
115.18 200
125.64 200
125.26 200
124.82 200
136.68 200
119.76 200
139.12 200
128.01 200
156.37 200
114.41 200
133.78 200
135.37 200
88.64 100
183.77 200
132.13 200
118.03 200
104.95 200
100.15 200
88.30 100
144.82 200
134.36 200
130.31 200
92.61 100
143.25 200
142.20 200
9553.18 9600
9680.54 9700
3504.60 3600
12355.71 12400
16040.96 16100
20671.58 20700
19639.32 19700
20744.37 20800
20237.82 20300
19858.76 19900
19531.49 19600
313.47 400
366.29 400
333.58 400
341.27 400
261.36 300
326.89 400
326.95 400
326.93 400
371.47 400
348.42 400
393.79 400
339.19 400
336.93 400
366.36 400
307.42 400
328.45 400
312.83 400
351.91 400
346.98 400
275.04 300
300.84 400
358.82 400
451.10 500
9057.03 9100
8294.63 8300
17438.24 17500
18811.45 18900
19103.09 19200
20261.83 20300
20278.92 20300
21382.84 21400
20147.58 20200
19042.16 19100
19280.38 19300
19142.65 19200
9764.18 9800
9913.08 10000
16495.51 16500
17897.79 17900
18068.14 18100
18819.32 18900
19908.83 20000
19577.64 19600
17105.03 17200
20515.55 20600
18976.50 19000
19310.40 19400
190.16 200
160.82 200
104.39 200
117.91 200
119.96 200
135.34 200
105.10 200
113.39 200
128.95 200
145.02 200
131.31 200
9793.67 9800
9601.60 9700
19469.49 19500
19222.92 19300
9662.64 9700
9830.89 9900
18500.18 18600
19630.66 19700
19740.95 19800
18833.91 18900
19830.94 19900
20753.18 20800
19740.55 19800
19236.51 19300
20856.29 20900
19507.11 19600
14075.91 14100
16077.72 16100
17022.29 17100
18729.43 18800
19694.44 19700
20362.63 20400
19461.30 19500
18948.19 19000
19733.51 19800
18711.25 18800
19423.20 19500
19860.21 19900
16152.99 16200
18144.82 18200
18948.83 19000
19738.26 19800
19118.88 19200
19802.96 19900
20370.65 20400
19183.28 19200
19929.11 20000
19243.60 19300
299.57 300
270.69 300
240.05 300
269.14 300
239.43 300
242.77 300
265.19 300
231.00 300
238.71 300
271.22 300
250.90 300
294.34 300
325.44 400
260.78 300
298.50 300
230.17 300
243.02 300
277.48 300
298.96 300
311.75 400
256.57 300
266.30 300
278.40 300
273.26 300
287.75 300
333.63 400
8311.52 8400
7604.13 7700
17472.66 17500
18708.53 18800
19150.41 19200
19335.62 19400
21393.82 21400
19992.63 20000
19512.95 19600
20024.88 20100
19552.94 19600
19422.71 19500
18876.89 18900
19696.57 19700
20092.47 20100
306.12 400
302.79 400
328.13 400
272.98 300
288.63 300
306.90 400
280.22 300
300.02 400
333.31 400
312.47 400
245.76 300
300.82 400
257.70 300
294.64 300
263.26 300
297.14 300
305.56 400
273.87 300
293.47 300
300.40 400
318.92 400
306.10 400
315.61 400
283.10 300
291.22 300
350.94 400
280.54 300
309.79 400
266.05 300
256.46 300
264.57 300
264.02 300
345.30 400
311.05 400
386.27 400
14608.94 14700
19792.10 19800
20416.02 20500
19561.26 19600
19146.55 19200
18631.95 18700
16459.30 16500
18857.89 18900
18973.08 19000
19539.49 19600
18881.17 18900
19719.35 19800
20064.47 20100
20088.86 20100
21000.56 21100
19951.14 20000
18769.82 18800
19799.30 19800
293.09 300
356.94 400
365.70 400
368.35 400
346.56 400
390.17 400
296.94 300
337.98 400
267.35 300
347.13 400
374.93 400
351.67 400
298.59 300
353.94 400
310.02 400
342.99 400
248.03 300
368.93 400
264.57 300
273.42 300
378.30 400
233.50 300
326.08 400
367.37 400
420.93 500
18859.11 18900
19410.37 19500
18726.05 18800
20765.30 20800
325.76 400
272.60 300
303.03 400
323.38 400
294.34 300
280.92 300
330.96 400
292.00 300
333.87 400
338.55 400
286.54 300
251.29 300
332.80 400
271.48 300
284.38 300
295.23 300
315.72 400
319.43 400
291.09 300
277.22 300
296.12 300
280.87 300
325.27 400
328.39 400
369.82 400
