2549.06 2600
17318.52 17400
20686.72 20700
24868.00 24900
25972.53 26000
27306.92 27400
26522.96 26600
28393.73 28400
26735.28 26800
26337.80 26400
27772.55 27800
25994.90 26000
26584.77 26600
16465.61 16500
2351.09 2400
13995.82 14000
18934.53 19000
18404.13 18500
20868.14 20900
19543.61 19600
1559.53 1600
21236.06 21300
17865.06 17900
13730.63 13800
11857.52 11900
167.98 200
163.52 200
204.70 300
167.65 200
229.05 300
162.92 200
182.04 200
158.19 200
144.56 200
150.83 200
161.64 200
124.86 200
149.92 200
152.69 200
151.72 200
193.67 200
146.51 200
166.69 200
126.77 200
136.62 200
131.72 200
148.27 200
125.34 200
126.95 200
146.21 200
127.06 200
125.44 200
168.47 200
137.76 200
104.97 200
121.58 200
102.96 200
147.35 200
128.71 200
20482.33 20500
23800.04 23900
25017.31 25100
25148.86 25200
26873.07 26900
26191.73 26200
27062.89 27100
29347.89 29400
27639.89 27700
27657.52 27700
26479.92 26500
15024.51 15100
16100.23 16200
19647.37 19700
19791.34 19800
21151.61 21200
21446.20 21500
22849.20 22900
17304.36 17400
17298.68 17300
15215.79 15300
11692.61 11700
23027.06 23100
25770.94 25800
27140.95 27200
28241.97 28300
28862.78 28900
26728.90 26800
26482.03 26500
26834.99 26900
24981.20 25000
26984.37 27000
25616.27 25700
3761.50 3800
2175.14 2200
12132.80 12200
18537.67 18600
18897.52 18900
21542.02 21600
22079.67 22100
22161.92 22200
21274.21 21300
21991.09 22000
21986.18 22000
18914.76 19000
13665.91 13700
11824.77 11900
11317.69 11400
7002.05 7100
7890.13 7900
24501.88 24600
26028.47 26100
28032.07 28100
25987.71 26000
26608.58 26700
28235.90 28300
26590.42 26600
27154.72 27200
26894.97 26900
29029.96 29100
26888.55 26900
4069.85 4100
7445.91 7500
7895.18 7900
15516.25 15600
18931.25 19000
19682.75 19700
20144.69 20200
21551.18 21600
21633.41 21700
21392.84 21400
20117.25 20200
16953.39 17000
14195.40 14200
12745.38 12800
11550.26 11600
13568.35 13600
2654.84 2700
12010.76 12100
15993.94 16000
22952.27 23000
23622.88 23700
27121.13 27200
27392.95 27400
26465.41 26500
5384.54 5400
1935.48 2000
12587.12 12600
21178.67 21200
21098.33 21100
21703.04 21800
20950.81 21000
18892.04 18900
2248.06 2300
2727.39 2800
14745.66 14800
17227.89 17300
25728.47 25800
25637.73 25700
29411.74 29500
27467.92 27500
27191.81 27200
8175.21 8200
2354.31 2400
12764.86 12800
16095.97 16100
22315.05 22400
23429.42 23500
19551.13 19600
17057.12 17100
2200.89 2300
3201.05 3300
15839.54 15900
20674.93 20700
24924.90 25000
27449.64 27500
26425.23 26500
26875.13 26900
26299.60 26300
27845.54 27900
19441.30 19500
20499.11 20500
21414.88 21500
21118.60 21200
20374.61 20400
11283.18 11300
10831.29 10900
15347.14 15400
18654.10 18700
19513.31 19600
28457.29 28500
27791.09 27800
25947.28 26000
27022.55 27100
26067.33 26100
6373.75 6400
14505.16 14600
16330.61 16400
20661.56 20700
21261.81 21300
21481.61 21500
21969.98 22000
18324.58 18400
16363.64 16400
11627.78 11700
2470.12 2500
5814.91 5900
8502.22 8600
21903.76 22000
23359.12 23400
24120.25 24200
25601.39 25700
27622.88 27700
26566.82 26600
27755.22 27800
26544.85 26600
27208.97 27300
27909.33 28000
24806.85 24900
26459.15 26500
27644.39 27700
3905.60 4000
2472.95 2500
12553.81 12600
18291.85 18300
19060.97 19100
20829.67 20900
21265.77 21300
20174.70 20200
20580.03 20600
21260.95 21300
22758.96 22800
23230.53 23300
18156.73 18200
13406.21 13500
12812.88 12900
3552.25 3600
23359.94 23400
26864.37 26900
27500.68 27600
27019.98 27100
25569.79 25600
26146.20 26200
27612.48 27700
27799.33 27800
9132.30 9200
20091.48 20100
20024.44 20100
22643.44 22700
22438.91 22500
21013.69 21100
12679.28 12700
11416.40 11500
147.99 200
114.87 200
154.79 200
124.98 200
153.38 200
185.09 200
145.70 200
176.03 200
128.53 200
153.40 200
164.21 200
140.44 200
241.64 300
213.27 300
218.95 300
167.59 200
185.22 200
147.37 200
200.50 300
218.93 300
171.41 200
167.27 200
192.73 200
145.40 200
183.87 200
171.72 200
168.09 200
176.18 200
189.51 200
315.60 400
224.46 300
205.71 300
156.23 200
145.69 200
184.40 200
174.65 200
229.17 300
197.12 200
207.19 300
122.40 200
104.70 200
160.56 200
136.05 200
113.96 200
164.77 200
174.05 200
204.80 300
184.08 200
142.75 200
136.44 200
158.16 200
4109.93 4200
23317.36 23400
27011.22 27100
27046.53 27100
25413.37 25500
26394.12 26400
28361.30 28400
25322.77 25400
25882.07 25900
3984.65 4000
15744.34 15800
19596.85 19600
20073.43 20100
21715.00 21800
21906.56 22000
21837.06 21900
16212.10 16300
12697.08 12700
12765.82 12800
9853.05 9900
10160.41 10200
182.76 200
180.51 200
140.93 200
131.29 200
168.18 200
123.88 200
160.02 200
165.55 200
142.65 200
141.33 200
136.22 200
174.06 200
118.98 200
130.57 200
150.50 200
133.96 200
126.20 200
179.05 200
136.46 200
134.84 200
150.23 200
161.56 200
150.55 200
155.87 200
128.46 200
124.69 200
138.97 200
150.41 200
147.71 200
163.30 200
115.48 200
127.55 200
146.35 200
153.07 200
144.38 200
148.47 200
152.69 200
137.59 200
152.09 200
160.68 200
147.17 200
151.30 200
128.46 200
148.12 200
5.36 100
146.97 200
110.09 200
134.92 200
116.43 200
130.58 200
130.97 200
136.26 200
165.49 200
135.40 200
148.88 200
147.83 200
104.03 200
138.70 200
139.47 200
129.69 200
123.41 200
111.43 200
152.41 200
132.17 200
125.82 200
124.22 200
129.31 200
136.59 200
148.98 200
114.88 200
136.18 200
153.09 200
128.64 200
129.87 200
131.31 200
142.04 200
160.72 200
129.89 200
127.31 200
7933.06 8000
19933.38 20000
20926.65 21000
21684.87 21700
25802.42 25900
26456.08 26500
26963.42 27000
27261.58 27300
26550.34 26600
25623.74 25700
26200.53 26300
24803.97 24900
8861.08 8900
2540.11 2600
8037.60 8100
9129.78 9200
13391.56 13400
19025.27 19100
21112.04 21200
20772.72 20800
22207.60 22300
21601.15 21700
22005.03 22100
21488.72 21500
17983.85 18000
17391.99 17400
13885.68 13900
11780.73 11800
11275.90 11300
241.26 300
240.74 300
259.08 300
205.91 300
234.44 300
246.76 300
226.63 300
229.36 300
212.61 300
251.87 300
229.55 300
198.66 200
207.30 300
242.90 300
218.68 300
209.92 300
247.18 300
228.18 300
214.74 300
239.14 300
271.13 300
178.08 200
185.53 200
176.65 200
204.45 300
198.36 200
178.25 200
200.66 300
179.82 200
186.66 200
184.05 200
169.32 200
199.45 200
183.23 200
166.88 200
195.33 200
169.17 200
194.12 200
181.15 200
180.64 200
161.80 200
10210.06 10300
18040.66 18100
25783.75 25800
26907.55 27000
27783.48 27800
27999.33 28000
26536.75 26600
28064.67 28100
27797.60 27800
26399.86 26400
26255.93 26300
25047.31 25100
7778.62 7800
11790.15 11800
14080.86 14100
18482.12 18500
22495.32 22500
21161.07 21200
21663.99 21700
22091.76 22100
19304.36 19400
15687.59 15700
13941.15 14000
24258.32 24300
27032.86 27100
26534.46 26600
26852.80 26900
28101.68 28200
28731.60 28800
27910.63 28000
25735.48 25800
25470.97 25500
6734.44 6800
6659.71 6700
19794.07 19800
20049.90 20100
21835.83 21900
21703.70 21800
21842.31 21900
11775.72 11800
11168.01 11200
11009.96 11100
11173.34 11200
293.67 300
307.18 400
296.33 300
232.14 300
217.15 300
261.60 300
271.69 300
286.67 300
285.65 300
280.29 300
330.69 400
292.80 300
289.06 300
385.26 400
305.20 400
330.08 400
230.02 300
244.00 300
286.90 300
327.73 400
284.39 300
265.77 300
319.11 400
321.43 400
267.89 300
302.64 400
289.23 300
227.00 300
220.96 300
219.54 300
215.31 300
221.34 300
210.03 300
203.03 300
206.22 300
207.36 300
203.23 300
215.30 300
187.00 200
18262.92 18300
26654.35 26700
26371.07 26400
27346.98 27400
27811.28 27900
27840.78 27900
28045.11 28100
27489.57 27500
26192.68 26200
4435.82 4500
18862.36 18900
19990.13 20000
21494.89 21500
20034.86 20100
20500.48 20600
10273.94 10300
12863.33 12900
12599.09 12600
10745.37 10800
268.01 300
248.65 300
256.28 300
305.87 400
279.84 300
275.43 300
252.40 300
292.96 300
247.01 300
293.66 300
287.96 300
254.27 300
272.29 300
208.47 300
208.84 300
213.16 300
256.16 300
254.06 300
189.84 200
327.80 400
292.72 300
264.59 300
341.22 400
222.98 300
216.20 300
270.73 300
242.10 300
227.00 300
278.44 300
251.44 300
229.83 300
269.76 300
251.77 300
285.11 300
268.47 300
260.56 300
228.20 300
279.99 300
292.30 300
236.99 300
266.34 300
275.84 300
203.74 300
319.84 400
183.64 200
221.28 300
181.17 200
147.97 200
187.31 200
161.64 200
169.52 200
185.59 200
182.73 200
212.67 300
218.46 300
209.77 300
206.18 300
195.60 200
214.21 300
185.20 200
178.82 200
214.75 300
283.50 300
287.60 300
5141.23 5200
6562.73 6600
12736.50 12800
15414.31 15500
22224.04 22300
27443.76 27500
29039.97 29100
27574.53 27600
26272.91 26300
27201.92 27300
27186.36 27200
27278.34 27300
29237.68 29300
25753.29 25800
25896.28 25900
5250.48 5300
18457.02 18500
20470.76 20500
20751.42 20800
22216.52 22300
22166.23 22200
20321.41 20400
21923.00 22000
21079.73 21100
13773.06 13800
1683.91 1700
2523.92 2600
8883.63 8900
9792.73 9800
13217.52 13300
14880.96 14900
22502.03 22600
26438.45 26500
28536.55 28600
26470.89 26500
26656.00 26700
26572.63 26600
29380.95 29400
26692.92 26700
26730.39 26800
25548.39 25600
22777.14 22800
2638.35 2700
7657.55 7700
15604.82 15700
18525.40 18600
19752.78 19800
21347.99 21400
22157.60 22200
20818.97 20900
22615.20 22700
17672.30 17700
12817.37 12900
25308.37 25400
25961.30 26000
26525.92 26600
27698.45 27700
27016.81 27100
27570.96 27600
26163.37 26200
26883.25 26900
26515.88 26600
5400.63 5500
8843.73 8900
20182.22 20200
19935.74 20000
20289.37 20300
20487.97 20500
21679.92 21700
20955.52 21000
19582.19 19600
12250.59 12300
9394.43 9400
241.88 300
217.42 300
199.35 200
218.89 300
195.71 200
219.21 300
210.07 300
261.01 300
174.51 200
231.53 300
129.87 200
221.36 300
149.78 200
254.52 300
138.51 200
129.46 200
261.00 300
131.64 200
234.88 300
188.28 200
224.45 300
160.39 200
123.49 200
132.42 200
292.40 300
144.90 200
216.61 300
125.16 200
221.82 300
144.11 200
140.37 200
137.09 200
173.82 200
153.73 200
181.28 200
142.88 200
162.39 200
186.99 200
122.28 200
178.81 200
189.38 200
277.42 300
139.20 200
131.52 200
243.08 300
144.05 200
233.47 300
136.79 200
139.64 200
258.03 300
114.47 200
140.09 200
252.93 300
157.75 200
126.35 200
242.61 300
124.73 200
150.48 200
208.08 300
110.47 200
172.82 200
132.94 200
258.87 300
172.81 200
270.72 300
284.79 300
162.01 200
151.76 200
105.76 200
119.74 200
135.11 200
142.18 200
136.10 200
143.96 200
139.45 200
124.97 200
133.04 200
134.84 200
131.57 200
115.94 200
213.42 300
337.51 400
476.40 500
114.41 200
139.83 200
103.72 200
122.98 200
4517.75 4600
6730.68 6800
8301.55 8400
9870.08 9900
13085.19 13100
26652.86 26700
27841.84 27900
26735.29 26800
28957.25 29000
27686.40 27700
26021.49 26100
26171.48 26200
25634.57 25700
25151.63 25200
27892.03 27900
28008.41 28100
27461.18 27500
5915.15 6000
2611.78 2700
3104.98 3200
7743.90 7800
11683.11 11700
17112.17 17200
17618.65 17700
17457.08 17500
19069.10 19100
18474.64 18500
20680.27 20700
20630.49 20700
22645.86 22700
21758.99 21800
15512.72 15600
15225.10 15300
14347.57 14400
15041.87 15100
13742.19 13800
13736.02 13800
26046.49 26100
26113.49 26200
26125.89 26200
26747.70 26800
26842.01 26900
26099.44 26100
25530.23 25600
26302.43 26400
25835.26 25900
6114.25 6200
4663.28 4700
6343.56 6400
8312.91 8400
18579.07 18600
19518.87 19600
21054.46 21100
21340.27 21400
22463.47 22500
19087.52 19100
13677.10 13700
12637.09 12700
5598.56 5600
8545.92 8600
27142.16 27200
27030.80 27100
27098.22 27100
27705.26 27800
28644.78 28700
30050.54 30100
27374.86 27400
5064.92 5100
2226.99 2300
4553.85 4600
7948.91 8000
10793.05 10800
15638.28 15700
19161.13 19200
18322.93 18400
19004.52 19100
21354.50 21400
21906.76 22000
20221.76 20300
16316.06 16400
12927.64 13000
13362.26 13400
14035.25 14100
2353.99 2400
17193.27 17200
26842.17 26900
26442.20 26500
28117.14 28200
27348.31 27400
26111.48 26200
13121.71 13200
21377.63 21400
21717.88 21800
13801.16 13900
8688.18 8700
329.50 400
285.86 300
307.14 400
327.77 400
264.41 300
279.71 300
284.97 300
310.03 400
331.79 400
264.04 300
258.27 300
261.48 300
275.59 300
260.95 300
283.98 300
218.51 300
284.04 300
309.22 400
288.24 300
321.68 400
301.41 400
257.74 300
225.68 300
239.39 300
229.44 300
284.19 300
262.50 300
259.84 300
272.66 300
202.06 300
214.32 300
212.10 300
243.93 300
204.23 300
198.83 200
206.64 300
200.06 300
197.75 200
231.80 300
177.08 200
209.97 300
201.80 300
177.86 200
216.03 300
192.55 200
23794.29 23800
26556.13 26600
27836.97 27900
27049.81 27100
27592.54 27600
25338.51 25400
29005.22 29100
26598.85 26600
3455.49 3500
3770.91 3800
1137.99 1200
3263.98 3300
3410.51 3500
4746.62 4800
8033.28 8100
17927.60 18000
19742.28 19800
19498.02 19500
19422.00 19500
19311.38 19400
12106.81 12200
14540.57 14600
13297.14 13300
13403.67 13500
12123.99 12200
12128.21 12200
2408.43 2500
6637.40 6700
12888.29 12900
16907.05 17000
17168.78 17200
22161.63 22200
25692.22 25700
26749.29 26800
29296.15 29300
26031.24 26100
28887.52 28900
25439.46 25500
26526.66 26600
26165.72 26200
7162.73 7200
17390.99 17400
19580.96 19600
21601.99 21700
19447.71 19500
21618.98 21700
21613.41 21700
22931.11 23000
23054.75 23100
11419.73 11500
15336.31 15400
22860.70 22900
26623.22 26700
27696.71 27700
29091.44 29100
18838.20 18900
19103.28 19200
22661.80 22700
22706.79 22800
14098.73 14100
2329.56 2400
3194.92 3200
3261.84 3300
14569.30 14600
20750.97 20800
22950.57 23000
22621.26 22700
23937.21 24000
24377.15 24400
26832.85 26900
28471.52 28500
27189.40 27200
26011.30 26100
6521.00 6600
4220.77 4300
18975.54 19000
18509.39 18600
19073.03 19100
21626.92 21700
20784.53 20800
20712.81 20800
22511.74 22600
13479.56 13500
13349.35 13400
14186.77 14200
25925.90 26000
28825.92 28900
26913.35 27000
26750.16 26800
26493.26 26500
28011.89 28100
27373.36 27400
27563.76 27600
5410.78 5500
14641.29 14700
18892.63 18900
20262.92 20300
20197.35 20200
21522.21 21600
22578.44 22600
21845.16 21900
17791.73 17800
12329.98 12400
9943.36 10000
263.18 300
216.48 300
210.61 300
256.79 300
217.75 300
211.34 300
223.49 300
210.66 300
232.11 300
208.05 300
235.65 300
245.00 300
239.73 300
273.63 300
218.18 300
215.57 300
237.85 300
220.14 300
230.87 300
200.69 300
222.76 300
252.90 300
204.80 300
178.11 200
196.29 200
165.98 200
179.27 200
166.39 200
169.59 200
162.53 200
176.93 200
167.26 200
181.22 200
171.79 200
188.21 200
180.60 200
179.78 200
162.14 200
211.72 300
2179.66 2200
2242.97 2300
4829.61 4900
13303.92 13400
13423.51 13500
24561.19 24600
25241.76 25300
25871.79 25900
26668.86 26700
27907.72 28000
26743.92 26800
27309.23 27400
26979.11 27000
9152.99 9200
3113.32 3200
15178.57 15200
17707.46 17800
19898.32 19900
21508.64 21600
22928.63 23000
17432.44 17500
15358.31 15400
11568.14 11600
11927.51 12000
10698.30 10700
137.03 200
142.64 200
172.61 200
123.52 200
144.69 200
173.28 200
167.41 200
130.34 200
137.27 200
140.20 200
246.63 300
163.72 200
151.47 200
154.46 200
320.89 400
254.34 300
198.19 200
286.32 300
218.72 300
262.79 300
165.35 200
279.81 300
163.35 200
289.63 300
126.59 200
256.26 300
144.30 200
233.54 300
138.22 200
234.11 300
243.63 300
147.44 200
242.08 300
279.19 300
120.08 200
237.61 300
207.79 300
200.67 300
229.90 300
146.02 200
258.28 300
185.89 200
276.10 300
267.14 300
161.60 200
287.16 300
148.38 200
278.54 300
227.46 300
139.65 200
202.67 300
127.72 200
203.15 300
172.16 200
208.76 300
134.42 200
121.46 200
211.01 300
160.87 200
193.20 200
108.41 200
211.95 300
212.16 300
151.84 200
203.41 300
197.20 200
140.95 200
208.30 300
114.31 200
134.29 200
210.22 300
155.96 200
180.84 200
161.36 200
145.64 200
180.39 200
150.13 200
150.02 200
136.38 200
175.86 200
172.48 200
131.77 200
17665.26 17700
24513.10 24600
26650.92 26700
27530.25 27600
26571.18 26600
28256.28 28300
27350.91 27400
11266.30 11300
18931.09 19000
22036.18 22100
19246.55 19300
12694.79 12700
9892.24 9900
125.94 200
140.92 200
160.33 200
118.09 200
135.54 200
159.38 200
161.92 200
137.18 200
120.07 200
180.94 200
163.28 200
162.08 200
129.93 200
129.32 200
142.93 200
143.78 200
166.31 200
127.19 200
167.27 200
175.96 200
171.12 200
149.64 200
148.83 200
124.75 200
146.09 200
155.50 200
110.55 200
175.08 200
142.34 200
142.30 200
202.92 300
258.79 300
169.28 200
139.48 200
138.07 200
152.78 200
142.88 200
160.66 200
125.52 200
150.44 200
113.23 200
134.13 200
120.37 200
150.74 200
144.14 200
123.99 200
134.00 200
114.67 200
151.51 200
133.47 200
124.14 200
130.28 200
113.54 200
117.07 200
143.71 200
138.37 200
177.48 200
133.66 200
120.84 200
138.73 200
132.80 200
115.83 200
121.82 200
14266.67 14300
19754.85 19800
21883.10 21900
24622.83 24700
26910.08 27000
27820.53 27900
27635.82 27700
26952.36 27000
26063.60 26100
26950.19 27000
27029.73 27100
27044.43 27100
8820.53 8900
1943.02 2000
13096.50 13100
12538.69 12600
16498.68 16500
19689.29 19700
20590.77 20600
21367.78 21400
21088.86 21100
22567.03 22600
18512.13 18600
18832.11 18900
16281.57 16300
12863.17 12900
11114.43 11200
4631.58 4700
223.11 300
272.72 300
197.50 200
180.56 200
227.41 300
232.54 300
187.97 200
249.98 300
260.45 300
270.68 300
210.78 300
272.39 300
273.27 300
235.76 300
232.80 300
187.44 200
215.66 300
193.66 200
189.74 200
206.61 300
249.68 300
197.15 200
239.90 300
250.16 300
254.35 300
173.54 200
175.94 200
173.32 200
163.66 200
163.66 200
163.79 200
178.51 200
151.00 200
153.78 200
178.70 200
149.26 200
143.11 200
139.27 200
165.77 200
165.46 200
163.69 200
137.54 200
164.11 200
166.58 200
148.12 200
173.80 200
158.78 200
151.70 200
169.05 200
162.73 200
147.30 200
112.43 200
5774.96 5800
16773.67 16800
26338.46 26400
27045.43 27100
26439.77 26500
27269.40 27300
27951.82 28000
29142.34 29200
26860.33 26900
27508.33 27600
26010.61 26100
4280.26 4300
15185.35 15200
18256.87 18300
18892.83 18900
19445.27 19500
21726.98 21800
15092.32 15100
12607.84 12700
12531.52 12600
14449.28 14500
12727.18 12800
2784.99 2800
21605.68 21700
23699.68 23700
26245.53 26300
27709.69 27800
27182.51 27200
27330.24 27400
25654.92 25700
9420.82 9500
19742.71 19800
21462.63 21500
22321.69 22400
18308.99 18400
19812.10 19900
10699.28 10700
191.60 200
131.18 200
132.51 200
151.57 200
155.92 200
173.36 200
123.02 200
180.63 200
151.64 200
148.32 200
190.10 200
151.99 200
130.79 200
128.12 200
145.32 200
145.52 200
123.01 200
165.94 200
151.47 200
103.22 200
246.92 300
132.31 200
151.51 200
144.41 200
143.15 200
113.94 200
134.22 200
110.52 200
116.80 200
138.17 200
138.53 200
127.86 200
133.19 200
97.08 100
116.00 200
121.42 200
126.01 200
125.07 200
135.78 200
144.28 200
139.36 200
135.45 200
156.18 200
102.06 200
130.81 200
127.58 200
138.57 200
126.52 200
137.73 200
25993.68 26000
27212.43 27300
28128.19 28200
27053.26 27100
25965.57 26000
29342.96 29400
4361.64 4400
13000.91 13100
17892.20 17900
23025.50 23100
17735.53 17800
14054.22 14100
3445.52 3500
8683.27 8700
20735.14 20800
22026.30 22100
2142.74 2200
25584.09 25600
25166.09 25200
26445.67 26500
27093.55 27100
29511.78 29600
28642.93 28700
27315.22 27400
26237.37 26300
20650.08 20700
11879.72 11900
1971.72 2000
4605.60 4700
7403.82 7500
7447.59 7500
13385.81 13400
19467.84 19500
19873.85 19900
21235.08 21300
20915.10 21000
20584.18 20600
21796.63 21800
22015.06 22100
19638.61 19700
19400.02 19500
12431.85 12500
13511.45 13600
11269.36 11300
10026.98 10100
233.51 300
218.42 300
207.98 300
202.15 300
218.06 300
183.83 200
213.64 300
246.25 300
222.84 300
294.34 300
227.96 300
203.38 300
189.00 200
207.69 300
175.88 200
170.29 200
180.86 200
189.14 200
225.24 300
203.27 300
209.29 300
168.85 200
173.55 200
222.90 300
165.37 200
176.19 200
165.14 200
195.65 200
168.18 200
184.77 200
159.14 200
204.78 300
165.22 200
174.80 200
188.47 200
22155.13 22200
27631.59 27700
27497.26 27500
27973.08 28000
27992.27 28000
26842.24 26900
26029.66 26100
2041.47 2100
3324.57 3400
6354.03 6400
17221.10 17300
16801.08 16900
21518.06 21600
20906.22 21000
21223.37 21300
21521.52 21600
15643.64 15700
16345.21 16400
15198.78 15200
26650.80 26700
26587.19 26600
27484.63 27500
27115.37 27200
25834.93 25900
26907.44 27000
26888.39 26900
26169.05 26200
8307.23 8400
14354.47 14400
19381.83 19400
20370.55 20400
20928.87 21000
18321.25 18400
16848.05 16900
12542.67 12600
12683.34 12700
335.45 400
270.86 300
284.69 300
255.00 300
324.35 400
286.26 300
244.81 300
329.09 400
264.08 300
223.12 300
250.71 300
280.36 300
291.35 300
239.45 300
299.30 300
282.50 300
264.09 300
289.53 300
272.75 300
306.17 400
277.64 300
294.85 300
220.98 300
240.38 300
297.37 300
236.28 300
207.05 300
307.70 400
250.99 300
315.50 400
276.73 300
279.66 300
332.34 400
316.49 400
236.39 300
385.05 400
270.58 300
321.25 400
270.04 300
284.35 300
264.28 300
267.40 300
262.43 300
290.88 300
284.94 300
233.57 300
230.09 300
189.92 200
210.44 300
190.56 200
192.63 200
201.39 300
25930.28 26000
25756.85 25800
25829.76 25900
26853.02 26900
28377.17 28400
27421.22 27500
27773.46 27800
27597.80 27600
27898.26 27900
27214.57 27300
3691.09 3700
2009.72 2100
6437.76 6500
12357.57 12400
15381.10 15400
16524.11 16600
21222.11 21300
21023.92 21100
21640.71 21700
22024.34 22100
22519.84 22600
22303.01 22400
18469.33 18500
15838.45 15900
16788.77 16800
1893.81 1900
3118.17 3200
14191.07 14200
15394.69 15400
16066.79 16100
16605.17 16700
21987.56 22000
24962.34 25000
27710.74 27800
26753.13 26800
17019.78 17100
6200.77 6300
15176.72 15200
21620.16 21700
22553.27 22600
19286.56 19300
15399.92 15400
1976.53 2000
4726.57 4800
12973.79 13000
25392.44 25400
27139.30 27200
26725.20 26800
27146.89 27200
27901.41 28000
29380.92 29400
28089.53 28100
26379.04 26400
27614.94 27700
28694.52 28700
28546.18 28600
8016.71 8100
16688.71 16700
17789.26 17800
19242.38 19300
19455.76 19500
19632.20 19700
20946.01 21000
20785.87 20800
21634.70 21700
21758.96 21800
23659.28 23700
22417.24 22500
14588.51 14600
16180.48 16200
13799.90 13800
13458.48 13500
11942.76 12000
10614.05 10700
230.08 300
265.75 300
235.13 300
262.83 300
272.11 300
232.73 300
219.07 300
211.81 300
189.60 200
243.57 300
197.28 200
202.16 300
194.04 200
226.05 300
187.92 200
198.88 200
256.18 300
221.77 300
220.93 300
206.60 300
224.38 300
233.87 300
207.40 300
246.45 300
202.58 300
185.02 200
203.59 300
191.66 200
171.60 200
205.97 300
2619.65 2700
3204.41 3300
5605.93 5700
9528.54 9600
21004.19 21100
22928.41 23000
24303.15 24400
26998.16 27000
28288.15 28300
28113.46 28200
28793.21 28800
27165.34 27200
26358.35 26400
26256.74 26300
1727.13 1800
2482.98 2500
11715.96 11800
15562.26 15600
22024.22 22100
20039.27 20100
21543.24 21600
21862.42 21900
18069.39 18100
19488.70 19500
16623.59 16700
9830.99 9900
4391.54 4400
266.42 300
216.40 300
269.73 300
227.84 300
216.73 300
269.26 300
238.54 300
264.81 300
239.58 300
277.12 300
260.13 300
261.07 300
270.66 300
220.07 300
298.51 300
315.49 400
247.48 300
223.70 300
234.19 300
207.16 300
238.08 300
227.71 300
218.42 300
245.25 300
217.21 300
298.53 300
291.23 300
275.36 300
244.62 300
219.04 300
251.74 300
265.73 300
343.40 400
240.15 300
196.41 200
254.89 300
276.94 300
276.14 300
238.50 300
288.07 300
293.97 300
386.26 400
277.40 300
341.58 400
249.98 300
229.24 300
197.52 200
240.25 300
215.24 300
180.53 200
212.21 300
215.40 300
225.93 300
198.17 200
200.31 300
156.79 200
195.00 200
175.90 200
200.70 300
209.50 300
169.24 200
182.28 200
10219.94 10300
22775.76 22800
27414.49 27500
26377.79 26400
26586.33 26600
26905.72 27000
28792.31 28800
27846.11 27900
25625.03 25700
26537.60 26600
25066.18 25100
25542.98 25600
26107.65 26200
4434.16 4500
6386.64 6400
8403.27 8500
19018.34 19100
19791.49 19800
20418.03 20500
19815.18 19900
20045.07 20100
20077.45 20100
21614.18 21700
20507.46 20600
19224.62 19300
17383.10 17400
10780.90 10800
12235.28 12300
11221.62 11300
11542.62 11600
10860.93 10900
7771.28 7800
8206.84 8300
13486.86 13500
14100.78 14200
23214.86 23300
25326.57 25400
25992.98 26000
27391.11 27400
27762.84 27800
27236.36 27300
27668.48 27700
27662.62 27700
3245.28 3300
16282.08 16300
17099.10 17100
19603.97 19700
19594.86 19600
20914.41 21000
22597.56 22600
23838.48 23900
16042.78 16100
16326.10 16400
9691.85 9700
169.80 200
154.86 200
166.68 200
148.43 200
191.56 200
142.15 200
171.37 200
171.99 200
126.38 200
179.48 200
1300.03 1400
5146.51 5200
5966.51 6000
12718.39 12800
18350.25 18400
25618.47 25700
26369.27 26400
27924.63 28000
28478.38 28500
28836.57 28900
26778.70 26800
26680.67 26700
26975.13 27000
26529.50 26600
26663.36 26700
25494.10 25500
27346.62 27400
6404.21 6500
1404.82 1500
4016.93 4100
6949.00 7000
18092.32 18100
19221.25 19300
20432.09 20500
21124.77 21200
21275.18 21300
21267.35 21300
21691.97 21700
22362.30 22400
23262.47 23300
14188.60 14200
13451.22 13500
11766.96 11800
259.82 300
249.42 300
222.24 300
296.13 300
268.66 300
232.75 300
275.64 300
316.45 400
306.08 400
268.55 300
261.84 300
238.30 300
297.09 300
268.98 300
1392.50 1400
4420.49 4500
6063.85 6100
6312.69 6400
21274.70 21300
22616.24 22700
25314.86 25400
25737.38 25800
26917.15 27000
27804.29 27900
27348.70 27400
27938.28 28000
28714.77 28800
27666.57 27700
28973.49 29000
27492.70 27500
26462.77 26500
26506.66 26600
4685.44 4700
2361.31 2400
10012.16 10100
12784.57 12800
16810.35 16900
17932.31 18000
20635.87 20700
21869.89 21900
20699.97 20700
20811.09 20900
21844.61 21900
21451.45 21500
21212.85 21300
18694.63 18700
20152.61 20200
15906.60 16000
15540.81 15600
12294.02 12300
9876.75 9900
274.78 300
249.76 300
257.17 300
238.74 300
193.19 200
269.28 300
226.80 300
280.57 300
189.49 200
213.96 300
208.23 300
260.17 300
237.13 300
224.70 300
245.88 300
253.95 300
257.09 300
220.44 300
262.23 300
203.22 300
198.58 200
190.47 200
262.43 300
192.22 200
195.28 200
199.74 200
188.76 200
192.34 200
221.68 300
168.64 200
180.70 200
206.19 300
175.69 200
198.36 200
198.15 200
203.60 300
173.70 200
7381.34 7400
15330.39 15400
27288.34 27300
27421.29 27500
28271.71 28300
26452.53 26500
27594.56 27600
27811.02 27900
25645.29 25700
26891.25 26900
27236.17 27300
1606.88 1700
2770.21 2800
14573.04 14600
15763.91 15800
16109.17 16200
17699.75 17700
19683.31 19700
19377.81 19400
23704.90 23800
22153.28 22200
16394.14 16400
17431.15 17500
13787.25 13800
16410.33 16500
13140.58 13200
3651.24 3700
290.25 300
292.15 300
323.22 400
228.51 300
295.15 300
242.01 300
251.06 300
262.16 300
267.21 300
309.15 400
284.76 300
295.46 300
297.73 300
351.51 400
292.11 300
241.47 300
289.10 300
319.91 400
251.40 300
216.05 300
200.42 300
212.65 300
205.35 300
224.81 300
204.85 300
254.29 300
234.04 300
224.57 300
6632.01 6700
8337.44 8400
24066.13 24100
25610.63 25700
27764.49 27800
28046.09 28100
27408.79 27500
27023.88 27100
28082.26 28100
27923.31 28000
26918.23 27000
28411.44 28500
27391.35 27400
27706.03 27800
7193.49 7200
12496.17 12500
14137.17 14200
18707.35 18800
18946.25 19000
20362.82 20400
20665.17 20700
21249.63 21300
21960.69 22000
21921.88 22000
16610.37 16700
17669.79 17700
13404.68 13500
12195.16 12200
260.22 300
256.56 300
262.62 300
220.78 300
272.09 300
174.58 200
204.53 300
233.58 300
263.91 300
248.08 300
263.53 300
216.48 300
293.38 300
239.97 300
185.34 200
219.30 300
233.79 300
181.79 200
8801.53 8900
11792.46 11800
16758.17 16800
21997.41 22000
24996.32 25000
27960.72 28000
27057.14 27100
25795.20 25800
26636.55 26700
9550.84 9600
12735.80 12800
19479.28 19500
22667.61 22700
21724.46 21800
17952.65 18000
17061.80 17100
12639.63 12700
15578.50 15600
23186.65 23200
27237.26 27300
25977.13 26000
28041.39 28100
25964.13 26000
24135.91 24200
11610.36 11700
2754.18 2800
9653.11 9700
13763.29 13800
16146.41 16200
20693.15 20700
20372.05 20400
19694.66 19700
18664.00 18700
16335.50 16400
11765.60 11800
239.17 300
213.49 300
225.32 300
263.37 300
287.63 300
241.50 300
225.34 300
177.96 200
234.40 300
215.15 300
249.44 300
261.16 300
246.95 300
245.88 300
255.80 300
252.85 300
235.66 300
203.38 300
240.94 300
236.80 300
23382.69 23400
23695.68 23700
26354.54 26400
25791.81 25800
26836.09 26900
26568.47 26600
27056.45 27100
27443.80 27500
26502.23 26600
27981.92 28000
27374.63 27400
26035.14 26100
27825.08 27900
28378.82 28400
27846.84 27900
7709.95 7800
17329.27 17400
18632.80 18700
19060.65 19100
19919.82 20000
19052.65 19100
20842.84 20900
22149.57 22200
20716.17 20800
21171.35 21200
21743.42 21800
21576.50 21600
21271.88 21300
21700.18 21800
22208.10 22300
15741.52 15800
13149.09 13200
12633.39 12700
11856.29 11900
4813.39 4900
15886.61 15900
16834.02 16900
23873.64 23900
25224.08 25300
28254.97 28300
27794.80 27800
27664.43 27700
28024.33 28100
26488.37 26500
14938.64 15000
16125.47 16200
16708.93 16800
18360.58 18400
20943.89 21000
20734.90 20800
16471.80 16500
14656.29 14700
16473.16 16500
11293.44 11300
2714.26 2800
14417.49 14500
15341.08 15400
25787.80 25800
26852.28 26900
27232.22 27300
19119.47 19200
21159.56 21200
22763.09 22800
1373.71 1400
2631.85 2700
4294.52 4300
8422.89 8500
19207.14 19300
24064.95 24100
24860.24 24900
25240.17 25300
27671.11 27700
29079.05 29100
27136.26 27200
26322.04 26400
27284.21 27300
27533.04 27600
26278.37 26300
10072.17 10100
2710.24 2800
16291.01 16300
16337.92 16400
19468.16 19500
18804.49 18900
21477.59 21500
20635.80 20700
22262.54 22300
21459.41 21500
15527.94 15600
14569.90 14600
13279.08 13300
13430.20 13500
6655.66 6700
17637.82 17700
23783.10 23800
25307.54 25400
26153.20 26200
26547.53 26600
28069.68 28100
26901.11 27000
27543.41 27600
25747.61 25800
26917.20 27000
27861.50 27900
27858.42 27900
27597.73 27600
26141.65 26200
26127.43 26200
26155.28 26200
17872.63 17900
18378.64 18400
18032.07 18100
18908.82 19000
20281.57 20300
19780.09 19800
19914.69 20000
21734.39 21800
21713.72 21800
21592.95 21600
22364.85 22400
17535.80 17600
14040.84 14100
15318.24 15400
12037.91 12100
12732.85 12800
13055.92 13100
12074.36 12100
272.03 300
226.42 300
306.04 400
243.02 300
262.76 300
278.06 300
200.41 300
225.49 300
179.91 200
202.20 300
197.05 200
192.25 200
210.16 300
214.55 300
24605.59 24700
28239.88 28300
27366.67 27400
27557.89 27600
26646.98 26700
5402.52 5500
19130.85 19200
19729.41 19800
20586.96 20600
20028.09 20100
20992.96 21000
13969.51 14000
10496.17 10500
12010.27 12100
16158.54 16200
25533.72 25600
26810.17 26900
27240.59 27300
27387.28 27400
28667.42 28700
27118.08 27200
26225.06 26300
28734.10 28800
6909.60 7000
2488.21 2500
4817.69 4900
12938.55 13000
21097.92 21100
21090.33 21100
21555.63 21600
21239.71 21300
23252.55 23300
16891.63 16900
12344.20 12400
10588.32 10600
2699.15 2700
13340.87 13400
16193.71 16200
26109.51 26200
27063.30 27100
27044.18 27100
27471.30 27500
26689.33 26700
27074.94 27100
28388.64 28400
25388.26 25400
18663.66 18700
20726.44 20800
20151.39 20200
21663.04 21700
20581.17 20600
20690.10 20700
12901.11 13000
5726.48 5800
17576.60 17600
19804.97 19900
23523.82 23600
27528.63 27600
26241.31 26300
26919.77 27000
28866.13 28900
28630.75 28700
26495.65 26500
28542.03 28600
26515.28 26600
26533.45 26600
7772.06 7800
16205.06 16300
16553.20 16600
20169.46 20200
20711.28 20800
22003.89 22100
22151.57 22200
21537.77 21600
21969.10 22000
22948.09 23000
22140.29 22200
15181.85 15200
16564.14 16600
1675.29 1700
2244.90 2300
5674.30 5700
5789.14 5800
7943.77 8000
7613.37 7700
12242.54 12300
17332.31 17400
21494.68 21500
22184.18 22200
25934.11 26000
26165.55 26200
28104.02 28200
29361.42 29400
26830.00 26900
27619.12 27700
27809.11 27900
28203.09 28300
27325.68 27400
7365.91 7400
14534.02 14600
16697.43 16700
17632.10 17700
21373.78 21400
20333.45 20400
21746.90 21800
20797.36 20800
22294.45 22300
21745.80 21800
23013.28 23100
17613.93 17700
15868.09 15900
11040.20 11100
273.09 300
339.70 400
283.03 300
269.19 300
285.75 300
290.60 300
335.19 400
344.13 400
307.72 400
267.81 300
277.80 300
269.75 300
354.44 400
228.01 300
296.78 300
247.53 300
287.15 300
258.71 300
262.60 300
297.91 300
336.68 400
320.41 400
276.84 300
206.27 300
215.15 300
217.26 300
196.14 200
189.12 200
194.69 200
208.28 300
210.32 300
215.84 300
209.17 300
214.95 300
204.50 300
197.58 200
188.48 200
203.66 300
16911.44 17000
23615.23 23700
26162.34 26200
26432.96 26500
28121.15 28200
26820.41 26900
29320.59 29400
27505.62 27600
27434.26 27500
15257.26 15300
20553.97 20600
16096.37 16100
10215.11 10300
11457.36 11500
300.69 400
258.13 300
273.56 300
338.70 400
171.33 200
139.99 200
267.87 300
175.31 200
146.10 200
123.72 200
162.16 200
137.67 200
132.15 200
277.84 300
115.46 200
115.57 200
127.25 200
145.76 200
150.30 200
121.14 200
140.73 200
127.75 200
146.10 200
279.24 300
127.33 200
253.60 300
160.22 200
134.77 200
147.89 200
143.33 200
142.89 200
259.81 300
144.81 200
136.07 200
289.27 300
293.91 300
303.91 400
262.58 300
326.03 400
263.95 300
280.35 300
252.55 300
309.15 400
140.82 200
221.05 300
196.14 200
192.00 200
194.02 200
187.03 200
233.94 300
8712.38 8800
22367.76 22400
25337.53 25400
24640.72 24700
24898.06 24900
27338.20 27400
27733.21 27800
27584.45 27600
27170.10 27200
26762.77 26800
27233.98 27300
25418.25 25500
26982.98 27000
5012.98 5100
6233.57 6300
2307.20 2400
3437.71 3500
6643.92 6700
11999.54 12000
12860.41 12900
17152.21 17200
20517.20 20600
21668.79 21700
20454.87 20500
21575.25 21600
22065.15 22100
22696.01 22700
17066.02 17100
15113.76 15200
13559.55 13600
12645.37 12700
1712.47 1800
8059.62 8100
9786.03 9800
10539.83 10600
11796.37 11800
26450.36 26500
27590.46 27600
27695.57 27700
26373.72 26400
27909.96 28000
27710.75 27800
25920.98 26000
25688.22 25700
29067.74 29100
25643.95 25700
3144.41 3200
3261.14 3300
5665.83 5700
16208.07 16300
16104.76 16200
16204.57 16300
20262.62 20300
21613.98 21700
20970.50 21000
22542.08 22600
23416.73 23500
22640.83 22700
16031.66 16100
16107.96 16200
16241.61 16300
12911.77 13000
2133.68 2200
2347.49 2400
4440.72 4500
12986.63 13000
13800.59 13900
15733.69 15800
20514.27 20600
22732.13 22800
26539.17 26600
26144.04 26200
28257.62 28300
27728.63 27800
28471.74 28500
27718.75 27800
5982.39 6000
3372.19 3400
17199.48 17200
18935.68 19000
20935.65 21000
20602.16 20700
22847.65 22900
18939.18 19000
15304.78 15400
14071.43 14100
11097.38 11100
12198.87 12200
11405.54 11500
238.55 300
258.25 300
298.86 300
230.84 300
266.76 300
224.05 300
215.17 300
281.88 300
274.88 300
266.55 300
277.43 300
267.46 300
239.18 300
222.73 300
217.86 300
291.88 300
227.87 300
243.74 300
179.82 200
242.33 300
207.66 300
261.75 300
217.98 300
154.96 200
255.93 300
221.68 300
210.38 300
274.90 300
195.85 200
189.13 200
181.65 200
189.81 200
186.35 200
199.74 200
153.56 200
201.68 300
183.61 200
161.06 200
169.47 200
170.53 200
200.47 300
187.42 200
175.35 200
182.06 200
184.10 200
197.73 200
162.74 200
175.82 200
182.24 200
161.23 200
166.80 200
179.99 200
184.61 200
178.10 200
171.92 200
168.09 200
162.47 200
195.98 200
202.96 300
194.03 200
169.98 200
164.20 200
178.15 200
168.70 200
156.62 200
200.40 300
176.58 200
6572.48 6600
8651.97 8700
22058.05 22100
25274.59 25300
25829.38 25900
25314.24 25400
28462.27 28500
26056.76 26100
26960.81 27000
27261.23 27300
27787.75 27800
26449.92 26500
26574.35 26600
6462.13 6500
7385.48 7400
13509.34 13600
15733.12 15800
21602.71 21700
21316.70 21400
21636.84 21700
21164.75 21200
23559.57 23600
21518.71 21600
21070.82 21100
16585.28 16600
13226.85 13300
9778.38 9800
4294.37 4300
4694.87 4700
22497.12 22500
24848.73 24900
26457.07 26500
26089.47 26100
27321.61 27400
26760.37 26800
28257.35 28300
26949.60 27000
27663.31 27700
26753.52 26800
29102.92 29200
28895.66 28900
27166.70 27200
26047.27 26100
5548.19 5600
2750.18 2800
9910.52 10000
15688.68 15700
16226.35 16300
16600.62 16700
19259.71 19300
21422.90 21500
20557.60 20600
20823.55 20900
20671.71 20700
22355.83 22400
21820.36 21900
20580.92 20600
16213.96 16300
15335.90 15400
12922.94 13000
12068.11 12100
10042.94 10100
263.61 300
227.54 300
260.86 300
210.76 300
239.12 300
203.12 300
248.17 300
232.47 300
181.66 200
216.91 300
232.32 300
244.69 300
245.79 300
218.56 300
198.74 200
193.44 200
198.46 200
286.81 300
221.48 300
245.27 300
282.78 300
252.06 300
193.59 200
226.20 300
203.73 300
252.58 300
263.29 300
229.79 300
281.35 300
245.22 300
266.07 300
339.10 400
249.96 300
283.09 300
258.79 300
240.34 300
313.50 400
222.51 300
312.64 400
231.34 300
253.42 300
243.63 300
273.98 300
249.22 300
266.37 300
234.90 300
196.23 200
225.98 300
229.05 300
182.57 200
217.54 300
233.83 300
289.33 300
258.60 300
177.05 200
202.91 300
197.61 200
201.72 300
186.68 200
213.05 300
168.17 200
173.05 200
173.58 200
190.12 200
180.77 200
206.36 300
199.13 200
184.59 200
195.84 200
176.34 200
174.43 200
186.47 200
179.98 200
186.18 200
181.12 200
202.44 300
162.28 200
203.66 300
176.70 200
212.04 300
171.35 200
217.12 300
187.89 200
186.79 200
166.27 200
164.76 200
218.76 300
202.19 300
191.80 200
192.55 200
192.49 200
166.34 200
196.99 200
179.57 200
217.81 300
20127.30 20200
22250.60 22300
25513.84 25600
27603.43 27700
29525.35 29600
27004.28 27100
23847.75 23900
27389.30 27400
27403.48 27500
25832.67 25900
16344.63 16400
17585.46 17600
19855.76 19900
21123.85 21200
20711.15 20800
21857.77 21900
21334.78 21400
22075.74 22100
16621.43 16700
14619.08 14700
11906.84 12000
10811.24 10900
3569.51 3600
23146.02 23200
24294.41 24300
23996.19 24000
24545.39 24600
25122.48 25200
27270.29 27300
26174.09 26200
28435.14 28500
27675.06 27700
26408.95 26500
9161.40 9200
5272.91 5300
2412.90 2500
3131.20 3200
13012.56 13100
13746.45 13800
16596.59 16600
19712.33 19800
20469.35 20500
22345.94 22400
20107.32 20200
21499.56 21500
22594.23 22600
18559.53 18600
18983.44 19000
16258.18 16300
13340.52 13400
3052.73 3100
21850.50 21900
26126.81 26200
26920.30 27000
26466.12 26500
27125.31 27200
27327.82 27400
28530.28 28600
28914.43 29000
26077.39 26100
14065.92 14100
18199.06 18200
17793.70 17800
19026.71 19100
19792.90 19800
21645.27 21700
22278.43 22300
17680.75 17700
13932.60 14000
13722.75 13800
13290.15 13300
12225.28 12300
160.57 200
143.95 200
133.34 200
129.02 200
129.31 200
123.61 200
121.20 200
140.18 200
141.78 200
136.91 200
121.32 200
132.14 200
128.31 200
157.76 200
123.74 200
142.71 200
100.72 200
104.69 200
141.43 200
22004.23 22100
23345.61 23400
25825.85 25900
26960.93 27000
27681.62 27700
27574.98 27600
26860.15 26900
28718.95 28800
27129.00 27200
15522.54 15600
17040.74 17100
18363.02 18400
21516.44 21600
22691.84 22700
21512.36 21600
22000.19 22100
19697.81 19700
16124.97 16200
15480.17 15500
16389.94 16400
22452.53 22500
21348.09 21400
25145.88 25200
24949.53 25000
25792.94 25800
27061.33 27100
27557.53 27600
27773.94 27800
26269.50 26300
27114.72 27200
26898.84 26900
26716.59 26800
3899.10 3900
5382.61 5400
4921.94 5000
2543.76 2600
2220.08 2300
3124.32 3200
11724.69 11800
12110.81 12200
16291.62 16300
18623.66 18700
20106.61 20200
20521.20 20600
20595.31 20600
22109.79 22200
22119.41 22200
21420.42 21500
20449.49 20500
18516.64 18600
19078.33 19100
16223.04 16300
14140.16 14200
11826.73 11900
3334.99 3400
4263.98 4300
21861.27 21900
26742.85 26800
26737.50 26800
27605.91 27700
28043.91 28100
25829.22 25900
25908.40 26000
13934.29 14000
16119.52 16200
18661.59 18700
20235.79 20300
21516.73 21600
21615.35 21700
23314.64 23400
16113.36 16200
13870.19 13900
14057.04 14100
12206.46 12300
11672.88 11700
252.47 300
277.38 300
275.25 300
264.13 300
287.46 300
359.91 400
296.86 300
340.15 400
289.96 300
239.77 300
206.40 300
200.60 300
206.35 300
3527.48 3600
3449.52 3500
18782.87 18800
20951.87 21000
26673.68 26700
27406.55 27500
28331.39 28400
27474.77 27500
27702.14 27800
25971.96 26000
6131.96 6200
3169.54 3200
16819.82 16900
17155.01 17200
17470.17 17500
20497.06 20500
21029.52 21100
15415.15 15500
12584.93 12600
13860.81 13900
2569.95 2600
24104.95 24200
25852.80 25900
26393.27 26400
26694.89 26700
28482.61 28500
27419.08 27500
6373.96 6400
6475.82 6500
1064.13 1100
2379.22 2400
4686.41 4700
10358.88 10400
19496.13 19500
19722.04 19800
20929.41 21000
21446.52 21500
21462.55 21500
16764.26 16800
12589.56 12600
11789.38 11800
10305.12 10400
152.29 200
188.77 200
168.63 200
168.14 200
168.85 200
170.07 200
196.96 200
211.58 300
187.09 200
221.08 300
152.81 200
148.76 200
224.23 300
159.20 200
152.93 200
191.10 200
172.58 200
145.02 200
131.64 200
158.85 200
203.99 300
281.87 300
176.92 200
238.52 300
174.87 200
166.03 200
131.33 200
198.41 200
118.07 200
128.36 200
115.45 200
144.78 200
146.91 200
138.31 200
180.42 200
117.31 200
148.12 200
125.05 200
189.49 200
157.63 200
196.83 200
182.08 200
239.17 300
161.82 200
2428.13 2500
14088.54 14100
16353.50 16400
20062.29 20100
21849.92 21900
23085.55 23100
24880.47 24900
27943.53 28000
29177.99 29200
28489.48 28500
26187.66 26200
26763.84 26800
26221.99 26300
16492.75 16500
21056.45 21100
22403.33 22500
21897.13 21900
20962.83 21000
23088.06 23100
21701.27 21800
22186.45 22200
16078.12 16100
16235.56 16300
9851.01 9900
163.53 200
195.95 200
211.12 300
249.18 300
198.79 200
208.94 300
233.69 300
233.99 300
239.55 300
203.26 300
192.79 200
238.11 300
220.46 300
243.36 300
230.19 300
186.70 200
222.75 300
205.48 300
194.50 200
250.10 300
209.50 300
214.58 300
177.58 200
193.31 200
227.23 300
285.20 300
212.29 300
219.46 300
215.63 300
235.36 300
256.50 300
209.76 300
234.98 300
287.08 300
273.31 300
221.16 300
190.65 200
227.48 300
166.24 200
182.70 200
150.48 200
215.32 300
158.80 200
199.65 200
170.95 200
177.99 200
170.05 200
201.53 300
202.52 300
168.61 200
199.93 200
183.56 200
169.27 200
191.24 200
173.81 200
189.24 200
157.29 200
158.15 200
168.40 200
138.83 200
188.10 200
167.87 200
18960.91 19000
19666.68 19700
27223.77 27300
25712.05 25800
27821.06 27900
27097.12 27100
25657.90 25700
25500.64 25600
4078.15 4100
12420.59 12500
12679.64 12700
17769.24 17800
20684.77 20700
20157.02 20200
18670.88 18700
14523.55 14600
9905.65 10000
1679.88 1700
6971.15 7000
22059.53 22100
27047.83 27100
28487.87 28500
26996.39 27000
27976.95 28000
25029.65 25100
28652.02 28700
25711.21 25800
7902.47 8000
17629.23 17700
19904.39 20000
21252.87 21300
21834.76 21900
21000.21 21100
22322.62 22400
21795.23 21800
15623.77 15700
11664.27 11700
273.60 300
328.62 400
282.11 300
265.39 300
261.95 300
295.58 300
251.73 300
296.42 300
280.99 300
371.17 400
217.55 300
233.13 300
200.10 300
211.12 300
245.08 300
187.09 200
191.32 200
183.28 200
228.90 300
224.51 300
195.18 200
210.98 300
189.64 200
181.37 200
228.15 300
4562.07 4600
12448.17 12500
22428.77 22500
23880.61 23900
24359.03 24400
25882.56 25900
26797.70 26800
27401.25 27500
25719.14 25800
26998.18 27000
21370.88 21400
21065.45 21100
21687.99 21700
21733.74 21800
22830.88 22900
12164.85 12200
1724.79 1800
7024.26 7100
23734.94 23800
25834.62 25900
26065.62 26100
28005.49 28100
27669.83 27700
27523.47 27600
27864.59 27900
12561.47 12600
19125.77 19200
21780.70 21800
19576.92 19600
11319.75 11400
26072.26 26100
27994.31 28000
25849.89 25900
26553.60 26600
28244.46 28300
26353.24 26400
12392.19 12400
17718.99 17800
22717.57 22800
22617.89 22700
19315.11 19400
14544.90 14600
9537.69 9600
290.91 300
222.98 300
192.79 200
238.86 300
235.42 300
188.07 200
196.05 200
242.68 300
218.61 300
261.71 300
271.26 300
235.20 300
191.39 200
253.07 300
216.52 300
241.72 300
219.57 300
192.39 200
239.24 300
225.80 300
212.16 300
257.02 300
189.56 200
201.04 300
1914.40 2000
3639.52 3700
8979.74 9000
14568.68 14600
22830.39 22900
22598.71 22600
25597.37 25600
28839.87 28900
27267.09 27300
26317.37 26400
26186.21 26200
25995.42 26000
27190.38 27200
14855.55 14900
20268.13 20300
22145.26 22200
20226.15 20300
21654.74 21700
17605.43 17700
17642.05 17700
24048.55 24100
25133.85 25200
26066.69 26100
28398.85 28400
27905.11 28000
28544.55 28600
29411.56 29500
27988.84 28000
26064.21 26100
27587.85 27600
27294.43 27300
25853.80 25900
8916.75 9000
16691.61 16700
18613.38 18700
18689.33 18700
20945.01 21000
22015.85 22100
22195.64 22200
19269.46 19300
16336.31 16400
14266.17 14300
15183.51 15200
14365.88 14400
11790.32 11800
12803.36 12900
2449.19 2500
13722.17 13800
18381.48 18400
21535.89 21600
26842.34 26900
26534.18 26600
27287.04 27300
27939.48 28000
25983.70 26000
25390.15 25400
26184.03 26200
21219.29 21300
3834.98 3900
10407.81 10500
15150.49 15200
18507.06 18600
20346.71 20400
21695.41 21700
20413.85 20500
21080.77 21100
21455.23 21500
22132.69 22200
19656.26 19700
16499.67 16500
14026.28 14100
12760.96 12800
12113.47 12200
23399.26 23400
25690.05 25700
27720.50 27800
28028.58 28100
27154.07 27200
11694.39 11700
1935.56 2000
12397.03 12400
12931.70 13000
20816.61 20900
21137.26 21200
18689.99 18700
10984.50 11000
229.86 300
219.69 300
242.31 300
214.81 300
211.13 300
227.91 300
222.20 300
253.50 300
254.44 300
223.73 300
237.82 300
180.26 200
211.48 300
157.80 200
157.61 200
224.91 300
179.82 200
191.12 200
208.63 300
168.23 200
