9308.98 9400
3620.29 3700
14635.05 14700
14682.32 14700
16161.69 16200
14801.09 14900
14649.72 14700
8103.65 8200
16792.56 16800
17666.29 17700
15163.88 15200
144.73 200
132.42 200
125.82 200
147.16 200
118.93 200
157.71 200
116.80 200
111.54 200
161.31 200
126.46 200
182.39 200
130.98 200
113.54 200
132.89 200
143.45 200
131.91 200
105.07 200
120.52 200
95.05 100
138.39 200
113.29 200
104.77 200
122.44 200
114.28 200
171.63 200
101.00 200
131.47 200
131.33 200
86.79 100
142.87 200
152.70 200
101.95 200
145.10 200
114.83 200
130.47 200
113.81 200
96.51 100
112.80 200
138.02 200
131.38 200
95.60 100
132.46 200
131.62 200
119.06 200
96.87 100
125.13 200
133.88 200
133.33 200
120.18 200
130.22 200
96.68 100
157.88 200
143.70 200
155.32 200
9815.01 9900
2740.51 2800
13761.94 13800
14126.85 14200
16668.77 16700
8886.16 8900
3276.98 3300
16304.87 16400
17524.84 17600
17502.54 17600
16817.17 16900
17632.70 17700
16174.98 16200
17134.54 17200
17830.70 17900
15401.37 15500
16279.77 16300
16572.35 16600
19643.81 19700
15953.62 16000
14717.17 14800
236.18 300
190.51 200
211.19 300
226.00 300
207.96 300
214.76 300
252.56 300
202.78 300
198.21 200
214.25 300
164.45 200
220.71 300
236.61 300
218.57 300
209.32 300
221.31 300
8602.12 8700
3947.37 4000
9095.04 9100
16704.97 16800
17419.84 17500
16796.85 16800
15352.98 15400
14220.48 14300
15097.30 15100
14344.89 14400
15028.12 15100
103.83 200
127.51 200
137.11 200
103.38 200
111.74 200
116.06 200
100.99 200
108.29 200
114.01 200
133.27 200
116.13 200
132.33 200
113.38 200
139.84 200
144.27 200
115.17 200
88.47 100
123.33 200
147.44 200
117.91 200
123.38 200
99.62 100
112.10 200
129.90 200
108.36 200
111.31 200
110.56 200
130.07 200
126.10 200
106.98 200
110.63 200
145.60 200
123.81 200
94.42 100
121.50 200
112.33 200
85.83 100
127.95 200
114.19 200
137.31 200
94.11 100
146.29 200
120.07 200
143.43 200
116.22 200
108.84 200
121.16 200
122.15 200
135.04 200
137.64 200
129.97 200
167.41 200
124.71 200
132.21 200
113.95 200
109.85 200
86.57 100
127.17 200
117.44 200
139.68 200
141.07 200
157.19 200
128.79 200
123.24 200
123.39 200
109.44 200
69.53 100
80.23 100
81.12 100
82.91 100
118.71 200
88.20 100
102.70 200
84.91 100
89.93 100
99.74 100
95.06 100
89.42 100
77.52 100
57.20 100
111.90 200
72.22 100
92.05 100
98.29 100
78.80 100
81.73 100
81.72 100
89.16 100
75.61 100
66.91 100
96.24 100
88.43 100
76.27 100
98.03 100
86.47 100
75.22 100
63.48 100
83.27 100
107.94 200
74.72 100
104.04 200
83.61 100
97.58 100
71.70 100
75.01 100
86.95 100
89.49 100
78.47 100
123.67 200
95.78 100
70.68 100
120.78 200
97.85 100
102.85 200
112.72 200
60.45 100
73.10 100
64.54 100
74.21 100
87.75 100
90.27 100
77.18 100
82.83 100
109.77 200
106.94 200
89.61 100
99.99 100
106.65 200
106.62 200
87.27 100
102.43 200
100.76 200
94.00 100
98.17 100
90.92 100
90.16 100
68.79 100
74.39 100
103.53 200
72.43 100
82.48 100
66.22 100
84.25 100
60.87 100
89.29 100
80.93 100
131.87 200
90.73 100
118.59 200
73.78 100
9017.62 9100
4925.34 5000
12378.15 12400
15493.95 15500
16764.12 16800
17831.22 17900
18482.85 18500
14969.73 15000
11709.39 11800
15849.62 15900
17290.15 17300
17257.19 17300
16776.25 16800
17152.12 17200
17660.93 17700
16585.79 16600
16406.25 16500
16400.89 16500
17689.73 17700
14816.85 14900
112.33 200
125.30 200
112.33 200
85.58 100
120.47 200
113.20 200
122.07 200
138.33 200
117.15 200
111.42 200
94.16 100
114.54 200
126.31 200
106.47 200
141.36 200
118.52 200
104.01 200
123.66 200
137.15 200
132.12 200
105.84 200
97.62 100
98.91 100
111.36 200
117.54 200
158.30 200
151.05 200
132.56 200
111.17 200
115.83 200
118.47 200
101.66 200
162.47 200
137.17 200
147.89 200
123.27 200
126.04 200
108.61 200
115.62 200
144.09 200
172.03 200
186.06 200
163.40 200
126.41 200
275.38 300
153.76 200
138.58 200
65.37 100
65.37 100
78.32 100
86.09 100
96.40 100
80.57 100
80.98 100
90.10 100
60.09 100
84.84 100
92.05 100
67.10 100
68.95 100
83.68 100
85.92 100
84.72 100
88.27 100
56.81 100
122.45 200
57.69 100
94.69 100
82.05 100
83.98 100
81.25 100
73.03 100
76.86 100
92.50 100
74.76 100
89.45 100
66.89 100
72.49 100
84.16 100
82.53 100
67.99 100
84.70 100
98.64 100
63.64 100
65.46 100
93.10 100
65.83 100
80.82 100
61.49 100
58.54 100
79.12 100
61.44 100
75.34 100
85.44 100
86.41 100
85.34 100
69.73 100
69.21 100
65.26 100
79.39 100
86.87 100
50.91 100
57.91 100
92.05 100
89.73 100
101.57 200
89.57 100
74.82 100
66.35 100
60.54 100
65.39 100
89.21 100
67.09 100
75.73 100
83.36 100
80.48 100
86.33 100
50.53 100
73.85 100
91.78 100
79.01 100
48.87 100
90.11 100
63.75 100
38.53 100
87.09 100
56.67 100
83.84 100
79.36 100
60.38 100
95.71 100
67.43 100
84.42 100
65.97 100
5.08 100
8580.06 8600
8296.45 8300
8788.66 8800
2840.75 2900
3183.74 3200
4765.95 4800
15990.80 16000
16104.11 16200
16638.16 16700
17705.38 17800
16647.04 16700
15738.96 15800
14856.40 14900
14415.24 14500
15960.40 16000
15762.08 15800
15326.32 15400
9105.19 9200
1490.87 1500
5885.09 5900
12029.60 12100
12332.64 12400
12901.48 13000
15342.99 15400
16410.87 16500
18544.40 18600
14585.96 14600
14426.40 14500
8213.44 8300
10154.46 10200
14144.79 14200
14319.23 14400
16269.52 16300
18415.38 18500
17533.21 17600
16871.54 16900
16529.03 16600
15323.71 15400
210.54 300
223.53 300
178.82 200
228.66 300
207.31 300
234.35 300
203.40 300
189.73 200
207.19 300
184.80 200
208.58 300
184.17 200
201.43 300
194.30 200
177.20 200
182.93 200
208.18 300
188.11 200
178.67 200
191.16 200
181.71 200
207.61 300
208.52 300
228.20 300
226.68 300
244.62 300
12.80 100
269.66 300
243.41 300
205.84 300
5160.53 5200
9917.78 10000
12757.94 12800
14628.92 14700
17065.33 17100
16750.15 16800
16351.45 16400
16712.22 16800
17651.70 17700
15754.68 15800
17706.41 17800
15632.04 15700
11380.88 11400
14318.10 14400
17272.91 17300
15191.00 15200
15323.56 15400
135.19 200
100.79 200
105.63 200
105.56 200
109.35 200
107.18 200
77.43 100
83.62 100
78.00 100
97.79 100
84.07 100
91.45 100
110.37 200
80.92 100
113.26 200
105.15 200
118.18 200
92.87 100
109.32 200
82.72 100
96.95 100
98.03 100
75.43 100
9612.93 9700
8909.88 9000
9317.33 9400
2343.60 2400
2906.43 3000
4683.28 4700
7391.53 7400
14310.33 14400
16456.92 16500
15792.62 15800
16503.67 16600
16922.98 17000
17065.90 17100
16173.28 16200
16176.38 16200
179.95 200
178.73 200
169.71 200
177.11 200
177.69 200
172.61 200
193.55 200
170.36 200
170.96 200
190.96 200
154.74 200
200.17 300
117.85 200
194.95 200
163.85 200
165.59 200
149.36 200
178.76 200
184.21 200
157.14 200
161.15 200
181.06 200
147.51 200
178.13 200
169.59 200
164.88 200
178.08 200
151.86 200
247.38 300
181.53 200
160.20 200
168.36 200
157.23 200
182.78 200
192.25 200
169.35 200
182.37 200
219.89 300
182.40 200
171.38 200
191.59 200
171.45 200
162.05 200
169.91 200
212.42 300
226.15 300
12306.30 12400
16211.96 16300
17934.69 18000
14533.64 14600
14986.95 15000
10887.58 10900
15768.48 15800
18092.63 18100
16285.93 16300
14572.44 14600
16627.37 16700
17959.32 18000
17812.97 17900
17132.17 17200
16815.03 16900
14679.15 14700
14135.03 14200
13070.91 13100
16648.76 16700
16271.39 16300
17492.79 17500
17350.67 17400
17400.47 17500
15833.26 15900
8745.47 8800
9151.98 9200
4205.32 4300
6779.42 6800
17145.39 17200
17796.74 17800
16799.85 16800
102.17 200
79.88 100
105.12 200
92.16 100
106.08 200
86.53 100
80.94 100
96.15 100
93.04 100
109.09 200
141.07 200
114.51 200
127.83 200
96.03 100
89.70 100
96.94 100
111.84 200
102.57 200
84.28 100
101.94 200
92.65 100
125.70 200
99.58 100
92.13 100
137.81 200
114.93 200
79.74 100
119.71 200
8947.93 9000
10193.05 10200
4143.29 4200
5348.25 5400
13741.85 13800
17741.52 17800
17007.18 17100
16787.13 16800
17085.90 17100
15693.38 15700
16353.10 16400
15137.14 15200
9282.70 9300
3598.59 3600
12590.24 12600
15364.73 15400
16717.50 16800
17926.44 18000
16894.30 16900
104.52 200
103.30 200
90.76 100
71.52 100
97.63 100
83.78 100
89.51 100
81.61 100
8959.49 9000
9009.09 9100
1887.82 1900
5717.75 5800
12025.17 12100
17463.81 17500
14880.84 14900
199.02 200
186.44 200
146.53 200
191.54 200
197.33 200
195.56 200
8734.86 8800
9525.73 9600
1930.51 2000
4124.18 4200
10960.16 11000
16137.94 16200
15668.64 15700
17127.20 17200
14406.01 14500
17280.54 17300
17438.65 17500
14219.26 14300
15011.95 15100
211.10 300
167.78 200
204.75 300
186.87 200
172.48 200
212.79 300
217.50 300
205.45 300
225.07 300
180.78 200
208.45 300
209.63 300
241.16 300
194.43 200
180.56 200
220.65 300
235.36 300
287.78 300
280.04 300
216.09 300
240.09 300
205.47 300
155.60 200
260.48 300
244.75 300
221.95 300
188.07 200
223.63 300
196.40 200
239.73 300
214.67 300
207.46 300
209.69 300
266.93 300
203.10 300
236.05 300
190.26 200
176.15 200
160.67 200
259.90 300
231.14 300
207.19 300
214.86 300
231.17 300
262.20 300
201.89 300
211.77 300
224.32 300
171.75 200
238.55 300
222.89 300
199.56 200
206.36 300
249.19 300
179.79 200
234.28 300
208.13 300
211.43 300
182.11 200
199.19 200
236.31 300
216.12 300
221.47 300
313.06 400
255.95 300
274.88 300
257.12 300
208.80 300
232.25 300
6080.43 6100
14347.95 14400
16982.16 17000
18048.76 18100
18046.08 18100
16455.77 16500
17460.50 17500
15532.56 15600
18143.32 18200
14236.79 14300
9537.74 9600
3984.12 4000
16971.61 17000
17632.67 17700
16370.30 16400
17630.23 17700
17242.94 17300
16314.00 16400
17015.97 17100
17009.57 17100
15824.13 15900
18284.21 18300
15434.03 15500
15087.39 15100
16796.43 16800
17883.78 17900
17897.64 17900
16350.73 16400
15936.26 16000
14376.53 14400
8325.77 8400
9269.84 9300
1034.72 1100
4557.23 4600
4600.87 4700
8293.88 8300
17511.06 17600
18350.29 18400
15459.88 15500
11829.51 11900
15242.95 15300
17633.73 17700
17195.63 17200
16774.48 16800
15777.47 15800
16480.86 16500
9247.92 9300
12976.15 13000
15760.34 15800
18538.80 18600
14193.41 14200
138.77 200
193.30 200
144.36 200
156.33 200
178.92 200
183.16 200
162.61 200
165.28 200
156.35 200
182.23 200
176.83 200
160.83 200
171.64 200
156.61 200
164.00 200
160.08 200
173.57 200
165.33 200
162.93 200
160.26 200
217.67 300
181.66 200
173.82 200
172.30 200
165.83 200
138.64 200
154.19 200
220.86 300
207.36 300
192.94 200
191.08 200
191.98 200
9247.47 9300
3029.22 3100
12398.64 12400
14607.29 14700
15881.73 15900
17863.93 17900
18534.76 18600
15304.54 15400
14975.78 15000
16684.99 16700
16915.86 17000
17795.76 17800
17226.01 17300
15036.61 15100
8874.72 8900
3378.05 3400
15928.59 16000
16597.53 16600
17799.49 17800
16667.59 16700
16475.68 16500
8576.74 8600
7696.61 7700
15036.71 15100
15616.57 15700
15957.80 16000
17571.00 17600
16786.10 16800
14991.44 15000
15992.09 16000
132.08 200
136.59 200
134.47 200
131.12 200
128.21 200
127.56 200
129.13 200
115.13 200
108.16 200
104.10 200
124.85 200
114.91 200
105.54 200
130.87 200
128.38 200
107.15 200
134.03 200
114.47 200
94.05 100
100.25 200
123.37 200
114.50 200
146.40 200
110.34 200
138.22 200
119.06 200
129.30 200
130.45 200
141.72 200
148.89 200
130.58 200
118.97 200
87.58 100
106.22 200
116.71 200
119.15 200
127.18 200
94.18 100
139.35 200
121.14 200
108.31 200
111.16 200
107.77 200
188.39 200
102.22 200
109.14 200
110.45 200
123.49 200
136.97 200
102.81 200
104.92 200
173.29 200
138.65 200
161.71 200
152.69 200
16754.82 16800
18065.05 18100
16155.81 16200
18045.64 18100
18081.35 18100
16300.20 16400
16767.67 16800
16595.67 16600
10303.77 10400
16699.82 16700
15713.22 15800
14700.45 14800
14592.11 14600
118.38 200
71.42 100
107.17 200
72.55 100
120.73 200
108.31 200
69.58 100
80.04 100
110.90 200
73.78 100
113.39 200
94.13 100
113.43 200
87.71 100
104.36 200
79.41 100
110.22 200
94.67 100
80.84 100
122.32 200
54.32 100
105.08 200
97.98 100
114.09 200
106.63 200
90.06 100
100.67 200
88.92 100
102.95 200
79.79 100
99.95 100
92.87 100
85.66 100
94.85 100
105.68 200
80.92 100
101.51 200
86.77 100
113.26 200
98.74 100
81.26 100
116.98 200
94.28 100
70.57 100
76.90 100
104.58 200
91.22 100
87.36 100
92.80 100
75.85 100
115.24 200
83.24 100
93.20 100
69.51 100
82.95 100
93.61 100
122.16 200
119.67 200
106.38 200
84.91 100
104.65 200
100.84 200
98.74 100
81.60 100
97.23 100
97.92 100
105.06 200
91.31 100
95.14 100
67.35 100
93.05 100
89.52 100
95.98 100
113.06 200
115.13 200
78.79 100
93.07 100
107.49 200
92.05 100
93.15 100
98.98 100
114.90 200
101.78 200
72.05 100
59.89 100
115.89 200
9425.43 9500
4568.66 4600
17219.44 17300
17615.92 17700
16290.34 16300
203.98 300
170.38 200
14402.01 14500
16783.75 16800
16445.99 16500
14087.34 14100
14190.99 14200
16704.77 16800
16424.75 16500
16699.55 16700
15243.87 15300
14555.63 14600
202.01 300
262.54 300
209.43 300
224.49 300
201.40 300
232.57 300
237.30 300
222.90 300
187.29 200
188.37 200
243.85 300
198.02 200
213.71 300
212.93 300
216.01 300
223.89 300
210.85 300
215.80 300
194.06 200
202.97 300
199.03 200
225.38 300
211.35 300
202.10 300
202.47 300
241.76 300
246.83 300
251.92 300
225.48 300
11853.96 11900
18013.16 18100
18051.07 18100
15734.56 15800
15244.74 15300
15320.06 15400
17289.84 17300
16487.68 16500
15955.13 16000
15111.96 15200
17120.20 17200
18187.85 18200
14641.66 14700
14716.83 14800
15211.84 15300
14291.25 14300
16429.69 16500
16878.28 16900
14473.25 14500
11186.94 11200
15773.72 15800
15499.54 15500
16619.92 16700
17101.50 17200
14949.35 15000
17028.32 17100
11442.00 11500
15377.22 15400
12836.06 12900
12574.76 12600
17636.26 17700
16991.87 17000
15929.72 16000
16669.70 16700
17796.84 17800
9654.53 9700
2878.02 2900
12358.69 12400
15382.03 15400
15662.22 15700
17735.79 17800
17643.04 17700
14537.04 14600
8896.55 8900
9186.47 9200
1206.68 1300
2214.42 2300
6052.80 6100
15766.49 15800
16646.72 16700
14659.23 14700
13508.96 13600
14485.18 14500
18085.54 18100
17069.65 17100
16338.47 16400
15929.52 16000
15666.27 15700
9176.38 9200
8821.12 8900
3054.95 3100
5599.08 5600
13285.39 13300
17109.14 17200
17296.98 17300
17399.14 17400
14998.93 15000
14759.25 14800
8979.78 9000
14877.04 14900
16786.73 16800
17762.21 17800
16527.22 16600
8898.61 8900
9400.98 9500
2527.63 2600
2359.44 2400
13232.27 13300
13412.21 13500
17956.17 18000
16344.83 16400
14991.40 15000
14766.98 14800
16778.33 16800
14343.03 14400
11935.48 12000
16750.43 16800
18498.65 18500
17331.91 17400
16512.56 16600
16520.92 16600
14851.11 14900
160.32 200
125.86 200
151.00 200
132.61 200
113.41 200
117.64 200
97.72 100
137.53 200
127.53 200
116.45 200
189.04 200
141.20 200
170.88 200
158.05 200
9133.47 9200
2086.78 2100
5840.73 5900
11058.84 11100
11249.55 11300
16427.89 16500
15995.40 16000
17989.22 18000
18848.63 18900
17516.34 17600
17356.86 17400
17047.84 17100
9204.60 9300
3900.69 4000
9594.75 9600
15637.87 15700
16282.52 16300
17296.65 17300
17690.43 17700
14943.09 15000
12914.20 13000
13196.23 13200
15817.49 15900
15491.75 15500
16054.50 16100
15577.79 15600
9444.10 9500
4519.70 4600
17827.53 17900
16562.32 16600
17172.81 17200
16171.20 16200
15961.54 16000
9203.09 9300
13569.44 13600
14268.72 14300
18150.36 18200
16060.87 16100
17664.92 17700
16339.04 16400
17596.38 17600
16424.87 16500
14989.11 15000
16459.83 16500
6387.72 6400
13840.09 13900
17278.03 17300
17314.05 17400
15478.40 15500
14949.17 15000
8962.48 9000
3547.99 3600
11281.90 11300
13687.17 13700
16497.41 16500
16380.61 16400
15998.94 16000
15115.74 15200
15351.12 15400
18566.33 18600
15252.85 15300
14853.14 14900
16399.97 16400
3588.06 3600
9059.89 9100
9262.65 9300
3081.73 3100
3417.52 3500
6694.48 6700
12633.10 12700
14349.33 14400
13789.90 13800
14817.69 14900
15396.78 15400
16692.11 16700
17228.56 17300
16700.33 16800
14262.05 14300
14580.83 14600
17021.40 17100
262.35 300
250.98 300
261.88 300
206.97 300
222.96 300
15112.97 15200
17216.59 17300
16082.38 16100
16867.07 16900
16741.36 16800
14896.46 14900
9188.27 9200
17221.31 17300
16166.26 16200
15884.17 15900
8848.68 8900
2225.20 2300
16243.41 16300
16494.84 16500
16391.13 16400
15193.74 15200
14834.25 14900
240.56 300
224.83 300
242.52 300
210.03 300
196.98 200
239.81 300
185.97 200
273.66 300
232.13 300
285.07 300
225.17 300
261.97 300
225.29 300
217.24 300
252.51 300
232.62 300
193.40 200
216.03 300
212.73 300
202.64 300
207.80 300
255.99 300
13977.27 14000
16953.88 17000
16840.97 16900
17935.58 18000
15201.50 15300
195.43 200
204.47 300
194.24 200
214.85 300
217.32 300
183.57 200
238.71 300
242.45 300
199.14 200
249.56 300
165.68 200
204.70 300
223.65 300
211.51 300
180.48 200
213.73 300
178.12 200
192.23 200
213.19 300
219.21 300
212.66 300
172.16 200
179.74 200
249.49 300
185.16 200
211.02 300
215.38 300
230.22 300
210.40 300
239.63 300
102.35 200
88.49 100
106.13 200
84.88 100
144.38 200
88.59 100
82.81 100
82.02 100
84.03 100
76.70 100
80.90 100
72.66 100
97.45 100
77.95 100
93.83 100
68.64 100
56.20 100
79.09 100
95.05 100
9706.80 9800
3309.35 3400
16034.37 16100
17011.91 17100
15565.49 15600
16146.12 16200
14921.91 15000
16392.81 16400
15153.77 15200
118.27 200
87.14 100
79.00 100
66.64 100
72.50 100
85.98 100
105.86 200
81.21 100
67.37 100
89.10 100
83.57 100
85.25 100
81.22 100
71.33 100
68.46 100
85.19 100
74.95 100
76.43 100
67.80 100
71.17 100
79.85 100
64.94 100
86.18 100
74.35 100
55.94 100
75.15 100
63.36 100
62.81 100
89.21 100
102.94 200
87.06 100
66.37 100
96.90 100
67.31 100
84.85 100
103.98 200
75.15 100
80.83 100
74.98 100
78.25 100
73.24 100
69.72 100
79.25 100
61.24 100
119.97 200
70.98 100
63.40 100
89.59 100
90.89 100
74.92 100
79.83 100
88.40 100
74.57 100
107.04 200
57.21 100
71.00 100
66.22 100
75.99 100
65.64 100
93.17 100
65.57 100
74.78 100
8055.71 8100
6035.55 6100
14312.29 14400
16747.40 16800
17626.05 17700
16935.87 17000
17020.30 17100
16316.54 16400
79.50 100
54.95 100
60.55 100
63.38 100
70.19 100
56.26 100
85.15 100
56.69 100
79.33 100
59.30 100
69.09 100
76.29 100
65.68 100
65.41 100
65.33 100
89.04 100
76.38 100
74.47 100
62.80 100
83.65 100
61.73 100
81.01 100
82.50 100
77.65 100
68.08 100
89.72 100
63.42 100
80.18 100
64.25 100
51.78 100
38.89 100
61.68 100
73.20 100
71.80 100
66.21 100
76.88 100
56.98 100
66.80 100
69.48 100
67.09 100
63.17 100
53.26 100
87.94 100
72.03 100
65.79 100
83.08 100
61.26 100
68.73 100
52.83 100
48.04 100
67.60 100
86.11 100
79.39 100
70.90 100
81.43 100
67.70 100
82.15 100
77.16 100
80.15 100
61.50 100
55.37 100
8470.01 8500
9374.35 9400
1529.04 1600
5436.82 5500
8492.03 8500
16430.16 16500
17230.35 17300
14361.91 14400
16555.38 16600
15501.28 15600
15397.02 15400
184.66 200
195.80 200
187.55 200
198.69 200
189.71 200
222.76 300
219.74 300
216.59 300
181.40 200
220.30 300
210.88 300
212.51 300
210.05 300
160.95 200
206.04 300
164.53 200
162.97 200
186.72 200
191.17 200
199.03 200
206.24 300
170.80 200
226.45 300
252.45 300
236.21 300
212.21 300
160.98 200
15303.38 15400
15776.05 15800
16918.38 17000
16754.32 16800
16735.34 16800
14526.10 14600
16280.79 16300
8881.11 8900
3136.52 3200
15680.38 15700
17611.07 17700
15701.57 15800
16796.80 16800
17314.63 17400
15425.62 15500
7584.65 7600
13527.99 13600
15945.51 16000
17369.73 17400
16340.61 16400
16891.52 16900
15617.14 15700
15407.12 15500
16928.94 17000
16529.45 16600
8965.02 9000
1495.55 1500
9590.54 9600
15904.59 16000
16413.88 16500
17119.62 17200
16827.79 16900
17247.80 17300
16320.23 16400
14535.78 14600
12966.24 13000
16451.78 16500
15588.19 15600
5348.61 5400
11082.70 11100
16159.52 16200
16005.14 16100
17491.56 17500
16983.23 17000
15503.78 15600
8962.60 9000
3310.45 3400
15801.23 15900
15605.48 15700
16700.52 16800
14336.17 14400
16185.39 16200
16627.42 16700
8298.84 8300
4372.38 4400
16945.98 17000
17229.66 17300
18441.60 18500
17415.08 17500
5751.70 5800
9071.22 9100
11956.19 12000
14399.72 14400
17254.56 17300
16262.99 16300
15038.73 15100
14674.31 14700
176.93 200
199.75 200
209.56 300
166.34 200
192.82 200
173.09 200
217.03 300
240.81 300
180.88 200
241.48 300
200.47 300
273.67 300
207.16 300
222.96 300
202.68 300
186.14 200
203.38 300
203.95 300
199.53 200
182.98 200
171.85 200
222.50 300
184.25 200
209.22 300
182.06 200
208.53 300
217.09 300
204.85 300
212.83 300
242.69 300
238.58 300
213.72 300
238.53 300
113.61 200
48.54 100
96.80 100
50.28 100
62.27 100
108.72 200
60.21 100
81.49 100
87.20 100
60.47 100
93.20 100
97.26 100
96.92 100
93.43 100
61.72 100
75.01 100
74.69 100
87.64 100
77.86 100
91.25 100
65.15 100
65.32 100
78.03 100
91.24 100
74.39 100
88.68 100
71.75 100
66.66 100
88.60 100
83.26 100
80.66 100
82.05 100
81.23 100
88.33 100
68.01 100
78.29 100
60.84 100
70.41 100
68.21 100
59.71 100
105.80 200
80.73 100
74.09 100
83.45 100
96.66 100
101.71 200
79.18 100
58.60 100
82.81 100
77.05 100
87.93 100
86.80 100
73.71 100
67.21 100
75.82 100
63.46 100
56.97 100
58.82 100
60.56 100
73.91 100
109.70 200
81.33 100
82.29 100
55.60 100
92.41 100
77.43 100
95.44 100
75.76 100
74.67 100
66.03 100
99.25 100
74.58 100
100.86 200
7994.08 8000
5571.88 5600
8150.59 8200
14917.89 15000
15932.32 16000
14617.87 14700
15405.64 15500
15414.56 15500
213.53 300
230.77 300
184.93 200
217.22 300
185.93 200
204.21 300
178.95 200
201.05 300
222.52 300
190.68 200
157.06 200
167.27 200
207.42 300
177.14 200
210.25 300
227.44 300
178.31 200
193.11 200
180.28 200
180.22 200
215.71 300
199.16 200
223.08 300
220.44 300
205.66 300
244.00 300
192.70 200
253.27 300
204.91 300
199.42 200
194.34 200
185.77 200
210.36 300
234.55 300
201.86 300
193.53 200
244.49 300
257.64 300
219.07 300
176.90 200
204.02 300
206.70 300
193.35 200
225.74 300
217.21 300
186.86 200
217.91 300
199.24 200
200.02 300
206.35 300
132.73 200
226.54 300
203.63 300
186.47 200
209.31 300
217.44 300
217.78 300
229.48 300
249.02 300
226.58 300
241.20 300
234.87 300
7027.32 7100
17936.05 18000
16856.99 16900
16141.86 16200
17037.76 17100
16762.10 16800
160.58 200
199.58 200
227.93 300
218.88 300
191.08 200
212.49 300
177.79 200
211.80 300
207.66 300
201.93 300
200.33 300
217.85 300
173.77 200
249.64 300
185.17 200
182.18 200
236.23 300
210.42 300
188.32 200
231.18 300
217.44 300
194.28 200
183.81 200
189.83 200
164.14 200
191.60 200
202.51 300
182.13 200
200.43 300
198.00 200
192.80 200
253.04 300
217.04 300
195.36 200
246.85 300
234.64 300
231.54 300
232.96 300
8234.90 8300
12334.51 12400
13107.64 13200
15781.50 15800
18237.04 18300
18117.94 18200
15427.51 15500
13901.49 14000
15519.48 15600
17070.49 17100
15610.73 15700
15642.20 15700
16346.83 16400
17760.91 17800
17419.70 17500
16192.55 16200
118.69 200
81.30 100
77.84 100
70.87 100
74.98 100
118.56 200
90.19 100
94.24 100
96.51 100
98.77 100
104.04 200
105.79 200
83.68 100
96.12 100
61.66 100
81.97 100
73.09 100
83.01 100
80.65 100
70.32 100
102.53 200
101.67 200
86.84 100
67.13 100
104.29 200
86.74 100
50.81 100
81.47 100
99.62 100
99.76 100
75.83 100
80.91 100
68.65 100
117.40 200
95.47 100
80.60 100
88.30 100
84.95 100
90.88 100
86.79 100
92.25 100
104.97 200
82.17 100
114.99 200
96.33 100
121.10 200
92.29 100
110.77 200
83.26 100
82.43 100
9137.04 9200
6847.04 6900
8402.91 8500
17898.07 17900
16736.25 16800
14997.74 15000
15782.91 15800
13097.70 13100
14860.14 14900
17776.68 17800
19033.20 19100
15201.39 15300
8353.59 8400
14786.46 14800
17156.50 17200
18194.60 18200
16365.46 16400
14856.38 14900
115.80 200
129.57 200
109.43 200
137.87 200
109.40 200
113.75 200
113.57 200
95.86 100
139.93 200
138.83 200
113.56 200
118.72 200
116.59 200
131.74 200
118.81 200
111.07 200
116.39 200
138.52 200
98.72 100
129.50 200
140.17 200
111.71 200
121.39 200
118.39 200
141.18 200
131.20 200
114.29 200
134.44 200
144.54 200
93.39 100
84.06 100
158.20 200
126.15 200
136.67 200
106.32 200
134.19 200
120.86 200
137.73 200
137.24 200
161.13 200
112.46 200
130.21 200
120.68 200
116.34 200
116.08 200
119.22 200
106.65 200
111.67 200
137.46 200
147.94 200
102.66 200
125.02 200
99.13 100
129.37 200
126.12 200
104.04 200
110.92 200
131.79 200
128.81 200
133.23 200
143.20 200
171.65 200
168.55 200
160.75 200
131.51 200
159.82 200
152.21 200
14103.70 14200
15593.93 15600
17803.79 17900
16617.44 16700
16899.78 16900
16436.84 16500
16849.89 16900
15703.52 15800
16204.85 16300
15689.39 15700
9171.79 9200
9409.79 9500
1786.37 1800
3810.67 3900
10793.71 10800
15288.56 15300
16469.34 16500
16609.66 16700
16776.09 16800
15549.34 15600
14410.37 14500
100.37 200
84.34 100
114.34 200
79.76 100
95.22 100
93.06 100
98.39 100
65.74 100
112.51 200
79.28 100
92.20 100
109.45 200
90.24 100
82.72 100
81.54 100
85.48 100
93.51 100
96.50 100
129.99 200
87.74 100
113.15 200
92.67 100
82.20 100
101.92 200
76.77 100
106.53 200
99.63 100
107.81 200
87.63 100
95.15 100
120.39 200
100.21 200
91.27 100
107.38 200
113.17 200
93.46 100
89.16 100
95.35 100
76.49 100
91.37 100
86.22 100
97.36 100
83.72 100
101.34 200
85.70 100
89.23 100
86.76 100
94.77 100
121.79 200
79.35 100
95.91 100
81.61 100
93.84 100
93.13 100
103.28 200
112.65 200
164.95 200
9483.36 9500
9672.82 9700
2711.68 2800
6096.76 6100
10718.39 10800
13586.48 13600
16140.43 16200
15026.88 15100
15967.66 16000
17601.62 17700
5758.25 5800
18659.34 18700
16430.55 16500
16530.41 16600
16338.79 16400
15229.82 15300
15939.82 16000
9455.10 9500
2398.11 2400
13289.53 13300
13752.25 13800
14255.41 14300
17705.85 17800
15582.25 15600
17220.81 17300
187.36 200
194.21 200
171.11 200
164.46 200
158.09 200
146.65 200
139.02 200
169.39 200
154.53 200
215.21 300
141.66 200
168.18 200
182.99 200
157.01 200
194.66 200
129.55 200
193.68 200
173.36 200
186.89 200
139.51 200
175.02 200
187.18 200
136.03 200
155.06 200
195.70 200
172.21 200
192.50 200
185.34 200
190.93 200
176.63 200
164.04 200
171.64 200
189.76 200
142.58 200
153.84 200
165.47 200
169.55 200
169.66 200
169.63 200
160.83 200
172.82 200
186.04 200
173.77 200
192.91 200
236.11 300
331.28 400
196.87 200
191.86 200
16189.50 16200
16276.83 16300
15791.68 15800
14536.46 14600
10370.97 10400
15837.14 15900
15048.40 15100
17627.75 17700
15937.82 16000
8958.21 9000
4576.27 4600
6727.88 6800
13641.61 13700
17306.24 17400
18474.28 18500
15441.52 15500
16617.77 16700
9620.94 9700
13920.34 14000
15511.09 15600
14507.23 14600
230.85 300
215.15 300
255.30 300
17412.46 17500
17218.38 17300
16469.02 16500
16490.82 16500
112.05 200
90.09 100
73.98 100
82.38 100
70.47 100
85.23 100
69.07 100
85.49 100
81.04 100
87.46 100
63.67 100
95.20 100
90.58 100
69.50 100
76.11 100
79.81 100
57.96 100
61.27 100
85.77 100
95.50 100
96.49 100
125.85 200
74.73 100
88.19 100
60.22 100
76.00 100
61.52 100
68.06 100
75.40 100
69.84 100
101.32 200
94.87 100
72.57 100
70.39 100
89.53 100
81.73 100
72.58 100
110.21 200
44.18 100
65.02 100
81.67 100
89.71 100
83.63 100
77.28 100
71.68 100
64.89 100
83.74 100
8763.52 8800
3761.28 3800
17174.69 17200
16677.81 16700
15022.63 15100
16967.27 17000
8002.97 8100
14921.17 15000
17024.22 17100
16942.14 17000
16514.59 16600
18339.31 18400
17978.82 18000
15463.62 15500
112.01 200
129.85 200
114.30 200
128.03 200
123.13 200
96.91 100
134.12 200
128.62 200
126.24 200
140.29 200
99.40 100
65.64 100
109.40 200
132.71 200
88.02 100
125.40 200
153.63 200
128.61 200
136.74 200
128.30 200
172.64 200
119.67 200
140.69 200
84.62 100
160.68 200
137.59 200
116.02 200
107.01 200
128.92 200
128.50 200
189.52 200
107.83 200
123.13 200
142.09 200
123.27 200
135.38 200
129.41 200
130.09 200
114.33 200
131.47 200
128.36 200
122.11 200
125.42 200
117.45 200
120.01 200
130.48 200
127.89 200
110.01 200
138.13 200
138.70 200
134.15 200
119.36 200
134.56 200
112.59 200
96.36 100
117.52 200
126.11 200
130.52 200
136.52 200
116.50 200
140.23 200
90.77 100
163.76 200
123.15 200
129.09 200
152.62 200
136.16 200
154.86 200
15970.22 16000
13885.87 13900
15463.79 15500
9694.61 9700
2127.08 2200
12241.02 12300
12280.14 12300
17236.01 17300
13142.57 13200
15336.36 15400
17500.88 17600
17260.64 17300
17812.61 17900
14909.93 15000
14788.60 14800
11758.77 11800
11761.37 11800
17021.42 17100
18513.42 18600
15341.89 15400
12242.72 12300
16664.28 16700
16595.37 16600
15028.31 15100
14778.48 14800
18663.84 18700
16049.63 16100
9409.75 9500
4186.55 4200
11525.50 11600
15178.78 15200
15999.13 16000
16694.34 16700
18138.18 18200
16314.81 16400
17858.45 17900
16274.40 16300
15822.94 15900
85.74 100
115.82 200
118.90 200
86.45 100
95.58 100
100.64 200
90.10 100
89.90 100
75.21 100
92.09 100
78.48 100
80.48 100
88.96 100
95.49 100
108.81 200
127.02 200
80.02 100
111.45 200
75.17 100
94.79 100
92.60 100
101.75 200
111.44 200
98.55 100
78.85 100
107.73 200
97.89 100
88.37 100
81.52 100
99.84 100
80.39 100
92.58 100
125.25 200
76.88 100
71.46 100
92.20 100
102.30 200
118.51 200
103.00 200
117.03 200
79.59 100
75.48 100
80.71 100
93.05 100
111.41 200
83.97 100
99.42 100
90.66 100
78.62 100
103.38 200
93.97 100
104.50 200
102.09 200
103.65 200
104.53 200
75.66 100
116.95 200
77.21 100
105.39 200
84.16 100
89.63 100
104.85 200
9216.58 9300
6166.52 6200
10194.63 10200
11841.59 11900
16925.40 17000
17036.50 17100
17257.75 17300
15159.49 15200
18013.92 18100
17631.92 17700
16347.22 16400
14873.42 14900
9954.53 10000
14554.88 14600
15483.00 15500
17682.15 17700
17899.33 17900
9212.27 9300
4925.01 5000
12131.54 12200
16506.63 16600
16712.38 16800
17079.02 17100
16734.07 16800
15537.29 15600
8381.47 8400
10334.02 10400
14599.11 14600
17926.63 18000
16655.15 16700
17097.23 17100
14857.98 14900
16423.57 16500
16782.80 16800
14929.22 15000
14900.75 15000
17865.79 17900
15696.77 15700
16901.20 17000
9466.15 9500
9270.75 9300
1333.47 1400
4533.01 4600
6502.59 6600
8939.66 9000
16538.59 16600
17078.52 17100
17331.21 17400
16397.38 16400
16902.90 17000
16221.68 16300
14460.89 14500
14469.58 14500
133.60 200
118.68 200
223.46 300
202.56 300
184.05 200
144.60 200
183.28 200
134.67 200
118.45 200
214.88 300
114.53 200
170.02 200
127.29 200
148.60 200
267.06 300
141.19 200
201.51 300
123.38 200
244.49 300
223.37 300
208.72 300
212.61 300
211.53 300
250.79 300
183.62 200
233.88 300
219.69 300
230.74 300
251.01 300
271.27 300
12959.51 13000
15755.62 15800
18189.77 18200
16385.53 16400
14721.60 14800
15751.99 15800
16265.92 16300
16933.95 17000
16552.07 16600
16998.68 17000
16621.78 16700
8911.76 9000
4206.87 4300
16831.47 16900
17674.65 17700
16939.86 17000
17294.64 17300
16071.06 16100
16734.14 16800
18447.37 18500
16066.64 16100
16024.04 16100
16383.82 16400
140.16 200
132.80 200
57.78 100
105.93 200
116.11 200
106.16 200
116.04 200
79.56 100
79.43 100
65.94 100
91.55 100
97.02 100
88.73 100
81.40 100
97.59 100
92.62 100
117.72 200
102.44 200
81.55 100
101.18 200
102.24 200
87.20 100
138.56 200
93.47 100
91.38 100
72.15 100
115.40 200
111.63 200
103.57 200
93.91 100
78.15 100
95.64 100
9581.45 9600
4028.75 4100
4748.19 4800
9136.88 9200
11348.27 11400
14930.80 15000
16695.72 16700
16261.01 16300
17229.08 17300
17888.14 17900
18812.75 18900
17263.01 17300
14250.51 14300
15459.71 15500
176.62 200
173.73 200
185.75 200
221.09 300
181.20 200
172.80 200
177.29 200
165.37 200
190.19 200
166.24 200
168.70 200
179.40 200
159.47 200
215.33 300
194.16 200
187.81 200
163.52 200
172.89 200
186.83 200
163.36 200
148.72 200
175.17 200
207.24 300
155.02 200
166.26 200
195.04 200
192.93 200
200.21 300
149.24 200
159.69 200
151.53 200
222.55 300
178.80 200
201.00 300
193.97 200
195.22 200
162.66 200
170.36 200
239.50 300
192.23 200
192.63 200
213.47 300
200.05 300
8511.19 8600
9553.13 9600
2160.06 2200
4312.85 4400
9289.44 9300
12569.96 12600
16128.49 16200
17564.09 17600
17510.88 17600
15996.09 16000
12060.10 12100
17325.21 17400
18165.01 18200
17983.63 18000
15038.02 15100
14587.57 14600
14835.86 14900
231.25 300
243.55 300
229.52 300
230.84 300
229.90 300
189.38 200
217.92 300
198.74 200
233.93 300
191.39 200
243.18 300
211.77 300
239.35 300
231.17 300
182.97 200
199.59 200
185.66 200
231.60 300
198.18 200
208.57 300
203.27 300
261.01 300
232.29 300
163.37 200
214.00 300
226.68 300
193.89 200
220.26 300
198.47 200
194.70 200
207.58 300
221.79 300
199.50 200
227.52 300
176.28 200
251.08 300
191.97 200
193.88 200
178.89 200
202.15 300
195.14 200
212.79 300
177.56 200
188.71 200
247.26 300
230.57 300
247.43 300
110.85 200
76.36 100
69.35 100
84.22 100
78.46 100
93.52 100
34.41 100
71.48 100
98.21 100
80.66 100
74.61 100
76.42 100
76.54 100
96.61 100
73.69 100
67.01 100
72.06 100
73.80 100
63.76 100
83.69 100
95.52 100
64.19 100
85.85 100
100.47 200
51.65 100
81.18 100
74.89 100
82.06 100
64.25 100
53.17 100
85.03 100
87.31 100
64.45 100
61.59 100
97.82 100
61.21 100
80.21 100
63.40 100
78.10 100
90.59 100
102.08 200
72.03 100
99.24 100
75.10 100
85.45 100
69.23 100
83.32 100
80.82 100
82.23 100
105.43 200
71.08 100
110.77 200
63.47 100
81.74 100
55.38 100
67.63 100
51.22 100
68.67 100
70.24 100
61.90 100
77.31 100
68.62 100
72.99 100
92.23 100
99.08 100
66.59 100
55.83 100
69.46 100
81.74 100
74.93 100
65.00 100
78.20 100
86.74 100
77.98 100
75.53 100
96.06 100
74.29 100
88.10 100
76.05 100
65.57 100
63.06 100
75.18 100
55.23 100
102.79 200
78.19 100
73.48 100
72.72 100
70.51 100
70.96 100
62.05 100
84.27 100
73.71 100
64.39 100
66.11 100
84.20 100
74.71 100
78.62 100
77.04 100
97.17 100
68.27 100
61.36 100
93.35 100
92.95 100
77.90 100
62.83 100
64.52 100
105.69 200
7633.20 7700
4738.72 4800
16506.38 16600
16982.77 17000
15454.62 15500
16673.95 16700
8751.85 8800
3520.99 3600
7734.90 7800
15724.90 15800
17546.94 17600
15182.73 15200
11414.58 11500
14018.52 14100
16528.82 16600
17103.61 17200
17538.30 17600
12286.37 12300
14931.76 15000
16074.62 16100
17179.75 17200
15922.40 16000
17705.61 17800
13211.58 13300
14761.11 14800
17167.26 17200
17799.37 17800
17245.36 17300
15288.00 15300
18716.31 18800
15344.29 15400
16140.98 16200
16188.21 16200
9550.32 9600
3687.58 3700
16812.66 16900
17972.91 18000
18037.55 18100
120.55 200
83.11 100
116.63 200
86.07 100
72.69 100
103.59 200
87.46 100
83.93 100
70.87 100
82.84 100
75.75 100
73.80 100
59.49 100
8401.95 8500
8961.82 9000
2152.32 2200
3490.74 3500
8969.17 9000
11801.76 11900
14463.59 14500
16440.11 16500
17088.01 17100
15946.63 16000
14386.61 14400
8442.17 8500
4187.38 4200
12395.83 12400
15317.07 15400
9295.75 9300
3960.38 4000
8331.44 8400
10188.12 10200
11513.86 11600
14211.21 14300
17575.71 17600
17900.10 18000
16702.67 16800
13841.57 13900
17903.95 18000
15533.88 15600
188.78 200
194.01 200
231.00 300
197.05 200
216.54 300
243.99 300
225.47 300
210.96 300
206.04 300
194.43 200
164.43 200
206.53 300
243.87 300
170.69 200
206.47 300
199.49 200
190.10 200
198.47 200
191.72 200
220.38 300
204.46 300
243.16 300
209.81 300
220.95 300
207.80 300
174.30 200
221.45 300
208.83 300
185.42 200
174.32 200
188.42 200
213.14 300
210.44 300
227.89 300
257.82 300
248.98 300
322.43 400
6127.88 6200
12011.71 12100
17255.02 17300
16469.32 16500
16720.73 16800
17734.03 17800
16737.79 16800
16300.94 16400
18621.24 18700
15799.28 15800
192.46 200
173.67 200
200.39 300
209.92 300
208.59 300
7872.60 7900
16729.14 16800
16844.00 16900
15362.92 15400
15996.12 16000
9834.97 9900
3281.29 3300
7131.31 7200
6664.88 6700
9421.05 9500
15658.82 15700
17443.98 17500
16016.17 16100
18689.90 18700
15799.75 15800
13844.79 13900
16036.75 16100
15330.04 15400
17275.91 17300
15388.57 15400
15329.84 15400
16443.76 16500
17253.05 17300
15776.77 15800
15063.92 15100
9264.93 9300
2914.11 3000
9675.87 9700
15907.48 16000
18070.62 18100
16428.83 16500
9383.57 9400
9504.50 9600
9595.48 9600
2185.60 2200
2141.28 2200
3922.38 4000
12020.82 12100
12049.69 12100
17702.15 17800
16827.55 16900
18624.76 18700
14808.36 14900
8861.28 8900
9195.60 9200
1741.03 1800
5462.94 5500
9461.04 9500
9350.35 9400
11221.16 11300
17293.53 17300
16803.94 16900
17261.59 17300
17015.40 17100
133.37 200
93.46 100
110.10 200
58.16 100
89.90 100
83.14 100
118.82 200
93.35 100
80.58 100
82.37 100
106.82 200
101.97 200
102.29 200
105.23 200
83.44 100
79.02 100
108.88 200
110.70 200
114.66 200
68.77 100
98.10 100
85.07 100
75.84 100
60.82 100
112.83 200
71.36 100
83.79 100
112.94 200
103.04 200
100.61 200
96.48 100
108.70 200
81.00 100
122.75 200
114.62 200
113.33 200
106.03 200
92.98 100
85.79 100
8853.22 8900
9411.28 9500
1818.51 1900
4394.94 4400
13421.49 13500
16786.95 16800
17128.09 17200
15934.07 16000
14388.86 14400
9308.98 9400
3620.29 3700
14635.05 14700
14682.32 14700
16161.69 16200
14801.09 14900
14649.72 14700
8103.65 8200
16792.56 16800
17666.29 17700
15163.88 15200
144.73 200
132.42 200
125.82 200
147.16 200
118.93 200
157.71 200
116.80 200
111.54 200
161.31 200
126.46 200
182.39 200
130.98 200
113.54 200
132.89 200
143.45 200
131.91 200
105.07 200
120.52 200
95.05 100
138.39 200
113.29 200
104.77 200
122.44 200
114.28 200
171.63 200
101.00 200
131.47 200
131.33 200
86.79 100
142.87 200
152.70 200
101.95 200
145.10 200
114.83 200
130.47 200
113.81 200
96.51 100
112.80 200
138.02 200
131.38 200
95.60 100
132.46 200
131.62 200
119.06 200
96.87 100
125.13 200
133.88 200
133.33 200
120.18 200
130.22 200
96.68 100
157.88 200
143.70 200
155.32 200
9815.01 9900
2740.51 2800
13761.94 13800
14126.85 14200
16668.77 16700
8886.16 8900
3276.98 3300
16304.87 16400
17524.84 17600
17502.54 17600
16817.17 16900
17632.70 17700
16174.98 16200
17134.54 17200
17830.70 17900
15401.37 15500
16279.77 16300
16572.35 16600
19643.81 19700
15953.62 16000
14717.17 14800
236.18 300
190.51 200
211.19 300
226.00 300
207.96 300
214.76 300
252.56 300
202.78 300
198.21 200
214.25 300
164.45 200
220.71 300
236.61 300
218.57 300
209.32 300
221.31 300
8602.12 8700
3947.37 4000
9095.04 9100
16704.97 16800
17419.84 17500
16796.85 16800
15352.98 15400
14220.48 14300
15097.30 15100
14344.89 14400
15028.12 15100
103.83 200
127.51 200
137.11 200
103.38 200
111.74 200
116.06 200
100.99 200
108.29 200
114.01 200
133.27 200
116.13 200
132.33 200
113.38 200
139.84 200
144.27 200
115.17 200
88.47 100
123.33 200
147.44 200
117.91 200
123.38 200
99.62 100
112.10 200
129.90 200
108.36 200
111.31 200
110.56 200
130.07 200
126.10 200
106.98 200
110.63 200
145.60 200
123.81 200
94.42 100
121.50 200
112.33 200
85.83 100
127.95 200
114.19 200
137.31 200
94.11 100
146.29 200
120.07 200
143.43 200
116.22 200
108.84 200
121.16 200
122.15 200
135.04 200
137.64 200
129.97 200
167.41 200
124.71 200
132.21 200
113.95 200
109.85 200
86.57 100
127.17 200
117.44 200
139.68 200
141.07 200
157.19 200
128.79 200
123.24 200
123.39 200
109.44 200
69.53 100
80.23 100
81.12 100
82.91 100
118.71 200
88.20 100
102.70 200
84.91 100
89.93 100
99.74 100
95.06 100
89.42 100
77.52 100
57.20 100
111.90 200
72.22 100
92.05 100
98.29 100
78.80 100
81.73 100
81.72 100
89.16 100
75.61 100
66.91 100
96.24 100
88.43 100
76.27 100
98.03 100
86.47 100
75.22 100
63.48 100
83.27 100
107.94 200
74.72 100
104.04 200
83.61 100
97.58 100
71.70 100
75.01 100
86.95 100
89.49 100
78.47 100
123.67 200
95.78 100
70.68 100
120.78 200
97.85 100
102.85 200
112.72 200
60.45 100
73.10 100
64.54 100
74.21 100
87.75 100
90.27 100
77.18 100
82.83 100
109.77 200
106.94 200
89.61 100
99.99 100
106.65 200
106.62 200
87.27 100
102.43 200
100.76 200
94.00 100
98.17 100
90.92 100
90.16 100
68.79 100
74.39 100
103.53 200
72.43 100
82.48 100
66.22 100
84.25 100
60.87 100
89.29 100
80.93 100
131.87 200
90.73 100
118.59 200
73.78 100
9017.62 9100
4925.34 5000
12378.15 12400
15493.95 15500
16764.12 16800
17831.22 17900
18482.85 18500
14969.73 15000
11709.39 11800
15849.62 15900
17290.15 17300
17257.19 17300
16776.25 16800
17152.12 17200
17660.93 17700
16585.79 16600
16406.25 16500
16400.89 16500
17689.73 17700
14816.85 14900
112.33 200
125.30 200
112.33 200
85.58 100
120.47 200
113.20 200
122.07 200
138.33 200
117.15 200
111.42 200
94.16 100
114.54 200
126.31 200
106.47 200
141.36 200
118.52 200
104.01 200
123.66 200
137.15 200
132.12 200
105.84 200
97.62 100
98.91 100
111.36 200
117.54 200
158.30 200
151.05 200
132.56 200
111.17 200
115.83 200
118.47 200
101.66 200
162.47 200
137.17 200
147.89 200
123.27 200
126.04 200
108.61 200
115.62 200
144.09 200
172.03 200
186.06 200
163.40 200
126.41 200
275.38 300
153.76 200
138.58 200
65.37 100
65.37 100
78.32 100
86.09 100
96.40 100
80.57 100
80.98 100
90.10 100
60.09 100
84.84 100
92.05 100
67.10 100
68.95 100
83.68 100
85.92 100
84.72 100
88.27 100
56.81 100
122.45 200
57.69 100
94.69 100
82.05 100
83.98 100
81.25 100
73.03 100
76.86 100
92.50 100
74.76 100
89.45 100
66.89 100
72.49 100
84.16 100
82.53 100
67.99 100
84.70 100
98.64 100
63.64 100
65.46 100
93.10 100
65.83 100
80.82 100
61.49 100
58.54 100
79.12 100
61.44 100
75.34 100
85.44 100
86.41 100
85.34 100
69.73 100
69.21 100
65.26 100
79.39 100
86.87 100
50.91 100
57.91 100
92.05 100
89.73 100
101.57 200
89.57 100
74.82 100
66.35 100
60.54 100
65.39 100
89.21 100
67.09 100
75.73 100
83.36 100
80.48 100
86.33 100
50.53 100
73.85 100
91.78 100
79.01 100
48.87 100
90.11 100
63.75 100
38.53 100
87.09 100
56.67 100
83.84 100
79.36 100
60.38 100
95.71 100
67.43 100
84.42 100
65.97 100
5.08 100
8580.06 8600
8296.45 8300
8788.66 8800
2840.75 2900
3183.74 3200
4765.95 4800
15990.80 16000
16104.11 16200
16638.16 16700
17705.38 17800
16647.04 16700
15738.96 15800
14856.40 14900
14415.24 14500
15960.40 16000
15762.08 15800
15326.32 15400
9105.19 9200
1490.87 1500
5885.09 5900
12029.60 12100
12332.64 12400
12901.48 13000
15342.99 15400
16410.87 16500
18544.40 18600
14585.96 14600
14426.40 14500
8213.44 8300
10154.46 10200
14144.79 14200
14319.23 14400
16269.52 16300
18415.38 18500
17533.21 17600
16871.54 16900
16529.03 16600
15323.71 15400
210.54 300
223.53 300
178.82 200
228.66 300
207.31 300
234.35 300
203.40 300
189.73 200
207.19 300
184.80 200
208.58 300
184.17 200
201.43 300
194.30 200
177.20 200
182.93 200
208.18 300
188.11 200
178.67 200
191.16 200
181.71 200
207.61 300
208.52 300
228.20 300
226.68 300
244.62 300
12.80 100
269.66 300
243.41 300
205.84 300
5160.53 5200
9917.78 10000
12757.94 12800
14628.92 14700
17065.33 17100
16750.15 16800
16351.45 16400
16712.22 16800
17651.70 17700
15754.68 15800
17706.41 17800
15632.04 15700
11380.88 11400
14318.10 14400
17272.91 17300
15191.00 15200
15323.56 15400
135.19 200
100.79 200
105.63 200
105.56 200
109.35 200
107.18 200
77.43 100
83.62 100
78.00 100
97.79 100
84.07 100
91.45 100
110.37 200
80.92 100
113.26 200
105.15 200
118.18 200
92.87 100
109.32 200
82.72 100
96.95 100
98.03 100
75.43 100
9612.93 9700
8909.88 9000
9317.33 9400
2343.60 2400
2906.43 3000
4683.28 4700
7391.53 7400
14310.33 14400
16456.92 16500
15792.62 15800
16503.67 16600
16922.98 17000
17065.90 17100
16173.28 16200
16176.38 16200
179.95 200
178.73 200
169.71 200
177.11 200
177.69 200
172.61 200
193.55 200
170.36 200
170.96 200
190.96 200
154.74 200
200.17 300
117.85 200
194.95 200
163.85 200
165.59 200
149.36 200
178.76 200
184.21 200
157.14 200
161.15 200
181.06 200
147.51 200
178.13 200
169.59 200
164.88 200
178.08 200
151.86 200
247.38 300
181.53 200
160.20 200
168.36 200
157.23 200
182.78 200
192.25 200
169.35 200
182.37 200
219.89 300
182.40 200
171.38 200
191.59 200
171.45 200
162.05 200
169.91 200
212.42 300
226.15 300
12306.30 12400
16211.96 16300
17934.69 18000
14533.64 14600
14986.95 15000
10887.58 10900
15768.48 15800
18092.63 18100
16285.93 16300
14572.44 14600
16627.37 16700
17959.32 18000
17812.97 17900
17132.17 17200
16815.03 16900
14679.15 14700
14135.03 14200
13070.91 13100
16648.76 16700
16271.39 16300
17492.79 17500
17350.67 17400
17400.47 17500
15833.26 15900
8745.47 8800
9151.98 9200
4205.32 4300
6779.42 6800
17145.39 17200
17796.74 17800
16799.85 16800
102.17 200
79.88 100
105.12 200
92.16 100
106.08 200
86.53 100
80.94 100
96.15 100
93.04 100
109.09 200
141.07 200
114.51 200
127.83 200
96.03 100
89.70 100
96.94 100
111.84 200
102.57 200
84.28 100
101.94 200
92.65 100
125.70 200
99.58 100
92.13 100
137.81 200
114.93 200
79.74 100
119.71 200
8947.93 9000
10193.05 10200
4143.29 4200
5348.25 5400
13741.85 13800
17741.52 17800
17007.18 17100
16787.13 16800
17085.90 17100
15693.38 15700
16353.10 16400
15137.14 15200
9282.70 9300
3598.59 3600
12590.24 12600
15364.73 15400
16717.50 16800
17926.44 18000
16894.30 16900
104.52 200
103.30 200
90.76 100
71.52 100
97.63 100
83.78 100
89.51 100
81.61 100
8959.49 9000
9009.09 9100
1887.82 1900
5717.75 5800
12025.17 12100
17463.81 17500
14880.84 14900
199.02 200
186.44 200
146.53 200
191.54 200
197.33 200
195.56 200
8734.86 8800
9525.73 9600
1930.51 2000
4124.18 4200
10960.16 11000
16137.94 16200
15668.64 15700
17127.20 17200
14406.01 14500
17280.54 17300
17438.65 17500
14219.26 14300
15011.95 15100
211.10 300
167.78 200
204.75 300
186.87 200
172.48 200
212.79 300
217.50 300
205.45 300
225.07 300
180.78 200
208.45 300
209.63 300
241.16 300
194.43 200
180.56 200
220.65 300
235.36 300
287.78 300
280.04 300
216.09 300
240.09 300
205.47 300
155.60 200
260.48 300
244.75 300
221.95 300
188.07 200
223.63 300
196.40 200
239.73 300
214.67 300
207.46 300
209.69 300
266.93 300
203.10 300
236.05 300
190.26 200
176.15 200
160.67 200
259.90 300
231.14 300
207.19 300
214.86 300
231.17 300
262.20 300
201.89 300
211.77 300
224.32 300
171.75 200
238.55 300
222.89 300
199.56 200
206.36 300
249.19 300
179.79 200
234.28 300
208.13 300
211.43 300
182.11 200
199.19 200
236.31 300
216.12 300
221.47 300
313.06 400
255.95 300
274.88 300
257.12 300
208.80 300
232.25 300
6080.43 6100
14347.95 14400
16982.16 17000
18048.76 18100
18046.08 18100
16455.77 16500
17460.50 17500
15532.56 15600
18143.32 18200
14236.79 14300
9537.74 9600
3984.12 4000
16971.61 17000
17632.67 17700
16370.30 16400
17630.23 17700
17242.94 17300
16314.00 16400
17015.97 17100
17009.57 17100
15824.13 15900
18284.21 18300
15434.03 15500
15087.39 15100
16796.43 16800
17883.78 17900
17897.64 17900
16350.73 16400
15936.26 16000
14376.53 14400
8325.77 8400
9269.84 9300
1034.72 1100
4557.23 4600
4600.87 4700
8293.88 8300
17511.06 17600
18350.29 18400
15459.88 15500
11829.51 11900
15242.95 15300
17633.73 17700
17195.63 17200
16774.48 16800
15777.47 15800
16480.86 16500
9247.92 9300
12976.15 13000
15760.34 15800
18538.80 18600
14193.41 14200
138.77 200
193.30 200
144.36 200
156.33 200
178.92 200
183.16 200
162.61 200
165.28 200
156.35 200
182.23 200
176.83 200
160.83 200
171.64 200
156.61 200
164.00 200
160.08 200
173.57 200
165.33 200
162.93 200
160.26 200
217.67 300
181.66 200
173.82 200
172.30 200
165.83 200
138.64 200
154.19 200
220.86 300
207.36 300
192.94 200
191.08 200
191.98 200
9247.47 9300
3029.22 3100
12398.64 12400
14607.29 14700
15881.73 15900
17863.93 17900
18534.76 18600
15304.54 15400
14975.78 15000
16684.99 16700
16915.86 17000
17795.76 17800
17226.01 17300
15036.61 15100
8874.72 8900
3378.05 3400
15928.59 16000
16597.53 16600
17799.49 17800
16667.59 16700
16475.68 16500
8576.74 8600
7696.61 7700
15036.71 15100
15616.57 15700
15957.80 16000
17571.00 17600
16786.10 16800
14991.44 15000
15992.09 16000
132.08 200
136.59 200
134.47 200
131.12 200
128.21 200
127.56 200
129.13 200
115.13 200
108.16 200
104.10 200
124.85 200
114.91 200
105.54 200
130.87 200
128.38 200
107.15 200
134.03 200
114.47 200
94.05 100
100.25 200
123.37 200
114.50 200
146.40 200
110.34 200
138.22 200
119.06 200
129.30 200
130.45 200
141.72 200
148.89 200
130.58 200
118.97 200
87.58 100
106.22 200
116.71 200
119.15 200
127.18 200
94.18 100
139.35 200
121.14 200
108.31 200
111.16 200
107.77 200
188.39 200
102.22 200
109.14 200
110.45 200
123.49 200
136.97 200
102.81 200
104.92 200
173.29 200
138.65 200
161.71 200
152.69 200
16754.82 16800
18065.05 18100
16155.81 16200
18045.64 18100
18081.35 18100
16300.20 16400
16767.67 16800
16595.67 16600
10303.77 10400
16699.82 16700
15713.22 15800
14700.45 14800
14592.11 14600
118.38 200
71.42 100
107.17 200
72.55 100
120.73 200
108.31 200
69.58 100
80.04 100
110.90 200
73.78 100
113.39 200
94.13 100
113.43 200
87.71 100
104.36 200
79.41 100
110.22 200
94.67 100
80.84 100
122.32 200
54.32 100
105.08 200
97.98 100
114.09 200
106.63 200
90.06 100
100.67 200
88.92 100
102.95 200
79.79 100
99.95 100
92.87 100
85.66 100
94.85 100
105.68 200
80.92 100
101.51 200
86.77 100
113.26 200
98.74 100
81.26 100
116.98 200
94.28 100
70.57 100
76.90 100
104.58 200
91.22 100
87.36 100
92.80 100
75.85 100
115.24 200
83.24 100
93.20 100
69.51 100
82.95 100
93.61 100
122.16 200
119.67 200
106.38 200
84.91 100
104.65 200
100.84 200
98.74 100
81.60 100
97.23 100
97.92 100
105.06 200
91.31 100
95.14 100
67.35 100
93.05 100
89.52 100
95.98 100
113.06 200
115.13 200
78.79 100
93.07 100
107.49 200
92.05 100
93.15 100
98.98 100
114.90 200
101.78 200
72.05 100
59.89 100
115.89 200
9425.43 9500
4568.66 4600
17219.44 17300
17615.92 17700
16290.34 16300
203.98 300
170.38 200
14402.01 14500
16783.75 16800
16445.99 16500
14087.34 14100
14190.99 14200
16704.77 16800
16424.75 16500
16699.55 16700
15243.87 15300
14555.63 14600
202.01 300
262.54 300
209.43 300
224.49 300
201.40 300
232.57 300
237.30 300
222.90 300
187.29 200
188.37 200
243.85 300
198.02 200
213.71 300
212.93 300
216.01 300
223.89 300
210.85 300
215.80 300
194.06 200
202.97 300
199.03 200
225.38 300
211.35 300
202.10 300
202.47 300
241.76 300
246.83 300
251.92 300
225.48 300
11853.96 11900
18013.16 18100
18051.07 18100
15734.56 15800
15244.74 15300
15320.06 15400
17289.84 17300
16487.68 16500
15955.13 16000
15111.96 15200
17120.20 17200
18187.85 18200
14641.66 14700
14716.83 14800
15211.84 15300
14291.25 14300
16429.69 16500
16878.28 16900
14473.25 14500
11186.94 11200
15773.72 15800
15499.54 15500
16619.92 16700
17101.50 17200
14949.35 15000
17028.32 17100
11442.00 11500
15377.22 15400
12836.06 12900
12574.76 12600
17636.26 17700
16991.87 17000
15929.72 16000
16669.70 16700
17796.84 17800
9654.53 9700
2878.02 2900
12358.69 12400
15382.03 15400
15662.22 15700
17735.79 17800
17643.04 17700
14537.04 14600
8896.55 8900
9186.47 9200
1206.68 1300
2214.42 2300
6052.80 6100
15766.49 15800
16646.72 16700
14659.23 14700
13508.96 13600
14485.18 14500
18085.54 18100
17069.65 17100
16338.47 16400
15929.52 16000
15666.27 15700
9176.38 9200
8821.12 8900
3054.95 3100
5599.08 5600
13285.39 13300
17109.14 17200
17296.98 17300
17399.14 17400
14998.93 15000
14759.25 14800
8979.78 9000
14877.04 14900
16786.73 16800
17762.21 17800
16527.22 16600
8898.61 8900
9400.98 9500
2527.63 2600
2359.44 2400
13232.27 13300
13412.21 13500
17956.17 18000
16344.83 16400
14991.40 15000
14766.98 14800
16778.33 16800
14343.03 14400
11935.48 12000
16750.43 16800
18498.65 18500
17331.91 17400
16512.56 16600
16520.92 16600
14851.11 14900
160.32 200
125.86 200
151.00 200
132.61 200
113.41 200
117.64 200
97.72 100
137.53 200
127.53 200
116.45 200
189.04 200
141.20 200
170.88 200
158.05 200
9133.47 9200
2086.78 2100
5840.73 5900
11058.84 11100
11249.55 11300
16427.89 16500
15995.40 16000
17989.22 18000
18848.63 18900
17516.34 17600
17356.86 17400
17047.84 17100
9204.60 9300
3900.69 4000
9594.75 9600
15637.87 15700
16282.52 16300
17296.65 17300
17690.43 17700
14943.09 15000
12914.20 13000
13196.23 13200
15817.49 15900
15491.75 15500
16054.50 16100
15577.79 15600
9444.10 9500
4519.70 4600
17827.53 17900
16562.32 16600
17172.81 17200
16171.20 16200
15961.54 16000
9203.09 9300
13569.44 13600
14268.72 14300
18150.36 18200
16060.87 16100
17664.92 17700
16339.04 16400
17596.38 17600
16424.87 16500
14989.11 15000
16459.83 16500
6387.72 6400
13840.09 13900
17278.03 17300
17314.05 17400
15478.40 15500
14949.17 15000
8962.48 9000
3547.99 3600
11281.90 11300
13687.17 13700
16497.41 16500
16380.61 16400
15998.94 16000
15115.74 15200
15351.12 15400
18566.33 18600
15252.85 15300
14853.14 14900
16399.97 16400
3588.06 3600
9059.89 9100
9262.65 9300
3081.73 3100
3417.52 3500
6694.48 6700
12633.10 12700
14349.33 14400
13789.90 13800
14817.69 14900
15396.78 15400
16692.11 16700
17228.56 17300
16700.33 16800
14262.05 14300
14580.83 14600
17021.40 17100
262.35 300
250.98 300
261.88 300
206.97 300
222.96 300
15112.97 15200
17216.59 17300
16082.38 16100
16867.07 16900
16741.36 16800
14896.46 14900
9188.27 9200
17221.31 17300
16166.26 16200
15884.17 15900
8848.68 8900
2225.20 2300
16243.41 16300
16494.84 16500
16391.13 16400
15193.74 15200
14834.25 14900
240.56 300
224.83 300
242.52 300
210.03 300
196.98 200
239.81 300
185.97 200
273.66 300
232.13 300
285.07 300
225.17 300
261.97 300
225.29 300
217.24 300
252.51 300
232.62 300
193.40 200
216.03 300
212.73 300
202.64 300
207.80 300
255.99 300
13977.27 14000
16953.88 17000
16840.97 16900
17935.58 18000
15201.50 15300
195.43 200
204.47 300
194.24 200
214.85 300
217.32 300
183.57 200
238.71 300
242.45 300
199.14 200
249.56 300
165.68 200
204.70 300
223.65 300
211.51 300
180.48 200
213.73 300
178.12 200
192.23 200
213.19 300
219.21 300
212.66 300
172.16 200
179.74 200
249.49 300
185.16 200
211.02 300
215.38 300
230.22 300
210.40 300
239.63 300
102.35 200
88.49 100
106.13 200
84.88 100
144.38 200
88.59 100
82.81 100
82.02 100
84.03 100
76.70 100
80.90 100
72.66 100
97.45 100
77.95 100
93.83 100
68.64 100
56.20 100
79.09 100
95.05 100
9706.80 9800
3309.35 3400
16034.37 16100
17011.91 17100
15565.49 15600
16146.12 16200
14921.91 15000
16392.81 16400
15153.77 15200
118.27 200
87.14 100
79.00 100
66.64 100
72.50 100
85.98 100
105.86 200
81.21 100
67.37 100
89.10 100
83.57 100
85.25 100
81.22 100
71.33 100
68.46 100
85.19 100
74.95 100
76.43 100
67.80 100
71.17 100
79.85 100
64.94 100
86.18 100
74.35 100
55.94 100
75.15 100
63.36 100
62.81 100
89.21 100
102.94 200
87.06 100
66.37 100
96.90 100
67.31 100
84.85 100
103.98 200
75.15 100
80.83 100
74.98 100
78.25 100
73.24 100
69.72 100
79.25 100
61.24 100
119.97 200
70.98 100
63.40 100
89.59 100
90.89 100
74.92 100
79.83 100
88.40 100
74.57 100
107.04 200
57.21 100
71.00 100
66.22 100
75.99 100
65.64 100
93.17 100
65.57 100
74.78 100
8055.71 8100
6035.55 6100
14312.29 14400
16747.40 16800
17626.05 17700
16935.87 17000
17020.30 17100
16316.54 16400
79.50 100
54.95 100
60.55 100
63.38 100
70.19 100
56.26 100
85.15 100
56.69 100
79.33 100
59.30 100
69.09 100
76.29 100
65.68 100
65.41 100
65.33 100
89.04 100
76.38 100
74.47 100
62.80 100
83.65 100
61.73 100
81.01 100
82.50 100
77.65 100
68.08 100
89.72 100
63.42 100
80.18 100
64.25 100
51.78 100
38.89 100
61.68 100
73.20 100
71.80 100
66.21 100
76.88 100
56.98 100
66.80 100
69.48 100
67.09 100
63.17 100
53.26 100
87.94 100
72.03 100
65.79 100
83.08 100
61.26 100
68.73 100
52.83 100
48.04 100
67.60 100
86.11 100
79.39 100
70.90 100
81.43 100
67.70 100
82.15 100
77.16 100
80.15 100
61.50 100
55.37 100
8470.01 8500
9374.35 9400
1529.04 1600
5436.82 5500
8492.03 8500
16430.16 16500
17230.35 17300
14361.91 14400
16555.38 16600
15501.28 15600
15397.02 15400
184.66 200
195.80 200
187.55 200
198.69 200
189.71 200
222.76 300
219.74 300
216.59 300
181.40 200
220.30 300
210.88 300
212.51 300
210.05 300
160.95 200
206.04 300
164.53 200
162.97 200
186.72 200
191.17 200
199.03 200
206.24 300
170.80 200
226.45 300
252.45 300
236.21 300
212.21 300
160.98 200
15303.38 15400
15776.05 15800
16918.38 17000
16754.32 16800
16735.34 16800
14526.10 14600
16280.79 16300
8881.11 8900
3136.52 3200
15680.38 15700
17611.07 17700
15701.57 15800
16796.80 16800
17314.63 17400
15425.62 15500
7584.65 7600
13527.99 13600
15945.51 16000
17369.73 17400
16340.61 16400
16891.52 16900
15617.14 15700
15407.12 15500
16928.94 17000
16529.45 16600
8965.02 9000
1495.55 1500
9590.54 9600
15904.59 16000
16413.88 16500
17119.62 17200
16827.79 16900
17247.80 17300
16320.23 16400
14535.78 14600
12966.24 13000
16451.78 16500
15588.19 15600
5348.61 5400
11082.70 11100
16159.52 16200
16005.14 16100
17491.56 17500
16983.23 17000
15503.78 15600
8962.60 9000
3310.45 3400
15801.23 15900
15605.48 15700
16700.52 16800
14336.17 14400
16185.39 16200
16627.42 16700
8298.84 8300
4372.38 4400
16945.98 17000
17229.66 17300
18441.60 18500
17415.08 17500
5751.70 5800
9071.22 9100
11956.19 12000
14399.72 14400
17254.56 17300
16262.99 16300
15038.73 15100
14674.31 14700
176.93 200
199.75 200
209.56 300
166.34 200
192.82 200
173.09 200
217.03 300
240.81 300
180.88 200
241.48 300
200.47 300
273.67 300
207.16 300
222.96 300
202.68 300
186.14 200
203.38 300
203.95 300
199.53 200
182.98 200
171.85 200
222.50 300
184.25 200
209.22 300
182.06 200
208.53 300
217.09 300
204.85 300
212.83 300
242.69 300
238.58 300
213.72 300
238.53 300
113.61 200
48.54 100
96.80 100
50.28 100
62.27 100
108.72 200
60.21 100
81.49 100
87.20 100
60.47 100
93.20 100
97.26 100
96.92 100
93.43 100
61.72 100
75.01 100
74.69 100
87.64 100
77.86 100
91.25 100
65.15 100
65.32 100
78.03 100
91.24 100
74.39 100
88.68 100
71.75 100
66.66 100
88.60 100
83.26 100
80.66 100
82.05 100
81.23 100
88.33 100
68.01 100
78.29 100
60.84 100
70.41 100
68.21 100
59.71 100
105.80 200
80.73 100
74.09 100
83.45 100
96.66 100
101.71 200
79.18 100
58.60 100
82.81 100
77.05 100
87.93 100
86.80 100
73.71 100
67.21 100
75.82 100
63.46 100
56.97 100
58.82 100
60.56 100
73.91 100
109.70 200
81.33 100
82.29 100
55.60 100
92.41 100
77.43 100
95.44 100
75.76 100
74.67 100
66.03 100
99.25 100
74.58 100
100.86 200
7994.08 8000
5571.88 5600
8150.59 8200
14917.89 15000
15932.32 16000
14617.87 14700
15405.64 15500
15414.56 15500
213.53 300
230.77 300
184.93 200
217.22 300
185.93 200
204.21 300
178.95 200
201.05 300
222.52 300
190.68 200
157.06 200
167.27 200
207.42 300
177.14 200
210.25 300
227.44 300
178.31 200
193.11 200
180.28 200
180.22 200
215.71 300
199.16 200
223.08 300
220.44 300
205.66 300
244.00 300
192.70 200
253.27 300
204.91 300
199.42 200
194.34 200
185.77 200
210.36 300
234.55 300
201.86 300
193.53 200
244.49 300
257.64 300
219.07 300
176.90 200
204.02 300
206.70 300
193.35 200
225.74 300
217.21 300
186.86 200
217.91 300
199.24 200
200.02 300
206.35 300
132.73 200
226.54 300
203.63 300
186.47 200
209.31 300
217.44 300
217.78 300
229.48 300
249.02 300
226.58 300
241.20 300
234.87 300
7027.32 7100
17936.05 18000
16856.99 16900
16141.86 16200
17037.76 17100
16762.10 16800
160.58 200
199.58 200
227.93 300
218.88 300
191.08 200
212.49 300
177.79 200
211.80 300
207.66 300
201.93 300
200.33 300
217.85 300
173.77 200
249.64 300
185.17 200
182.18 200
236.23 300
210.42 300
188.32 200
231.18 300
217.44 300
194.28 200
183.81 200
189.83 200
164.14 200
191.60 200
202.51 300
182.13 200
200.43 300
198.00 200
192.80 200
253.04 300
217.04 300
195.36 200
246.85 300
234.64 300
231.54 300
232.96 300
8234.90 8300
12334.51 12400
13107.64 13200
15781.50 15800
18237.04 18300
18117.94 18200
15427.51 15500
13901.49 14000
15519.48 15600
17070.49 17100
15610.73 15700
15642.20 15700
16346.83 16400
17760.91 17800
17419.70 17500
16192.55 16200
118.69 200
81.30 100
77.84 100
70.87 100
74.98 100
118.56 200
90.19 100
94.24 100
96.51 100
98.77 100
104.04 200
105.79 200
83.68 100
96.12 100
61.66 100
81.97 100
73.09 100
83.01 100
80.65 100
70.32 100
102.53 200
101.67 200
86.84 100
67.13 100
104.29 200
86.74 100
50.81 100
81.47 100
99.62 100
99.76 100
75.83 100
80.91 100
68.65 100
117.40 200
95.47 100
80.60 100
88.30 100
84.95 100
90.88 100
86.79 100
92.25 100
104.97 200
82.17 100
114.99 200
96.33 100
121.10 200
92.29 100
110.77 200
83.26 100
82.43 100
9137.04 9200
6847.04 6900
8402.91 8500
17898.07 17900
16736.25 16800
14997.74 15000
15782.91 15800
13097.70 13100
14860.14 14900
17776.68 17800
19033.20 19100
15201.39 15300
8353.59 8400
14786.46 14800
17156.50 17200
18194.60 18200
16365.46 16400
14856.38 14900
115.80 200
129.57 200
109.43 200
137.87 200
109.40 200
113.75 200
113.57 200
95.86 100
139.93 200
138.83 200
113.56 200
118.72 200
116.59 200
131.74 200
118.81 200
111.07 200
116.39 200
138.52 200
98.72 100
129.50 200
140.17 200
111.71 200
121.39 200
118.39 200
141.18 200
131.20 200
114.29 200
134.44 200
144.54 200
93.39 100
84.06 100
158.20 200
126.15 200
136.67 200
106.32 200
134.19 200
120.86 200
137.73 200
137.24 200
161.13 200
112.46 200
130.21 200
120.68 200
116.34 200
116.08 200
119.22 200
106.65 200
111.67 200
137.46 200
147.94 200
102.66 200
125.02 200
99.13 100
129.37 200
126.12 200
104.04 200
110.92 200
131.79 200
128.81 200
133.23 200
143.20 200
171.65 200
168.55 200
160.75 200
131.51 200
159.82 200
152.21 200
14103.70 14200
15593.93 15600
17803.79 17900
16617.44 16700
16899.78 16900
16436.84 16500
16849.89 16900
15703.52 15800
16204.85 16300
15689.39 15700
9171.79 9200
9409.79 9500
1786.37 1800
3810.67 3900
10793.71 10800
15288.56 15300
16469.34 16500
16609.66 16700
16776.09 16800
15549.34 15600
14410.37 14500
100.37 200
84.34 100
114.34 200
79.76 100
95.22 100
93.06 100
98.39 100
65.74 100
112.51 200
79.28 100
92.20 100
109.45 200
90.24 100
82.72 100
81.54 100
85.48 100
93.51 100
96.50 100
129.99 200
87.74 100
113.15 200
92.67 100
82.20 100
101.92 200
76.77 100
106.53 200
99.63 100
107.81 200
87.63 100
95.15 100
120.39 200
100.21 200
91.27 100
107.38 200
113.17 200
93.46 100
89.16 100
95.35 100
76.49 100
91.37 100
86.22 100
97.36 100
83.72 100
101.34 200
85.70 100
89.23 100
86.76 100
94.77 100
121.79 200
79.35 100
95.91 100
81.61 100
93.84 100
93.13 100
103.28 200
112.65 200
164.95 200
9483.36 9500
9672.82 9700
2711.68 2800
6096.76 6100
10718.39 10800
13586.48 13600
16140.43 16200
15026.88 15100
15967.66 16000
17601.62 17700
5758.25 5800
18659.34 18700
16430.55 16500
16530.41 16600
16338.79 16400
15229.82 15300
15939.82 16000
9455.10 9500
2398.11 2400
13289.53 13300
13752.25 13800
14255.41 14300
17705.85 17800
15582.25 15600
17220.81 17300
187.36 200
194.21 200
171.11 200
164.46 200
158.09 200
146.65 200
139.02 200
169.39 200
154.53 200
215.21 300
141.66 200
168.18 200
182.99 200
157.01 200
194.66 200
129.55 200
193.68 200
173.36 200
186.89 200
139.51 200
175.02 200
187.18 200
136.03 200
155.06 200
195.70 200
172.21 200
192.50 200
185.34 200
190.93 200
176.63 200
164.04 200
171.64 200
189.76 200
142.58 200
153.84 200
165.47 200
169.55 200
169.66 200
169.63 200
160.83 200
172.82 200
186.04 200
173.77 200
192.91 200
236.11 300
331.28 400
196.87 200
191.86 200
16189.50 16200
16276.83 16300
15791.68 15800
14536.46 14600
10370.97 10400
15837.14 15900
15048.40 15100
17627.75 17700
15937.82 16000
8958.21 9000
4576.27 4600
6727.88 6800
13641.61 13700
17306.24 17400
18474.28 18500
15441.52 15500
16617.77 16700
9620.94 9700
13920.34 14000
15511.09 15600
14507.23 14600
230.85 300
215.15 300
255.30 300
17412.46 17500
17218.38 17300
16469.02 16500
16490.82 16500
112.05 200
90.09 100
73.98 100
82.38 100
70.47 100
85.23 100
69.07 100
85.49 100
81.04 100
87.46 100
63.67 100
95.20 100
90.58 100
69.50 100
76.11 100
79.81 100
57.96 100
61.27 100
85.77 100
95.50 100
96.49 100
125.85 200
74.73 100
88.19 100
60.22 100
76.00 100
61.52 100
68.06 100
75.40 100
69.84 100
101.32 200
94.87 100
72.57 100
70.39 100
89.53 100
81.73 100
72.58 100
110.21 200
44.18 100
65.02 100
81.67 100
89.71 100
83.63 100
77.28 100
71.68 100
64.89 100
83.74 100
8763.52 8800
3761.28 3800
17174.69 17200
16677.81 16700
15022.63 15100
16967.27 17000
8002.97 8100
14921.17 15000
17024.22 17100
16942.14 17000
16514.59 16600
18339.31 18400
17978.82 18000
15463.62 15500
112.01 200
129.85 200
114.30 200
128.03 200
123.13 200
96.91 100
134.12 200
128.62 200
126.24 200
140.29 200
99.40 100
65.64 100
109.40 200
132.71 200
88.02 100
125.40 200
153.63 200
128.61 200
136.74 200
128.30 200
172.64 200
119.67 200
140.69 200
84.62 100
160.68 200
137.59 200
116.02 200
107.01 200
128.92 200
128.50 200
189.52 200
107.83 200
123.13 200
142.09 200
123.27 200
135.38 200
129.41 200
130.09 200
114.33 200
131.47 200
128.36 200
122.11 200
125.42 200
117.45 200
120.01 200
130.48 200
127.89 200
110.01 200
138.13 200
138.70 200
134.15 200
119.36 200
134.56 200
112.59 200
96.36 100
117.52 200
126.11 200
130.52 200
136.52 200
116.50 200
140.23 200
90.77 100
163.76 200
123.15 200
129.09 200
152.62 200
136.16 200
154.86 200
15970.22 16000
13885.87 13900
15463.79 15500
9694.61 9700
2127.08 2200
12241.02 12300
12280.14 12300
17236.01 17300
13142.57 13200
15336.36 15400
17500.88 17600
17260.64 17300
17812.61 17900
14909.93 15000
14788.60 14800
11758.77 11800
11761.37 11800
17021.42 17100
18513.42 18600
15341.89 15400
12242.72 12300
16664.28 16700
16595.37 16600
15028.31 15100
14778.48 14800
18663.84 18700
16049.63 16100
9409.75 9500
4186.55 4200
11525.50 11600
15178.78 15200
15999.13 16000
16694.34 16700
18138.18 18200
16314.81 16400
17858.45 17900
16274.40 16300
15822.94 15900
85.74 100
115.82 200
118.90 200
86.45 100
95.58 100
100.64 200
90.10 100
89.90 100
75.21 100
92.09 100
78.48 100
80.48 100
88.96 100
95.49 100
108.81 200
127.02 200
80.02 100
111.45 200
75.17 100
94.79 100
92.60 100
101.75 200
111.44 200
98.55 100
78.85 100
107.73 200
97.89 100
88.37 100
81.52 100
99.84 100
80.39 100
92.58 100
125.25 200
76.88 100
71.46 100
92.20 100
102.30 200
118.51 200
103.00 200
117.03 200
79.59 100
75.48 100
80.71 100
93.05 100
111.41 200
83.97 100
99.42 100
90.66 100
78.62 100
103.38 200
93.97 100
104.50 200
102.09 200
103.65 200
104.53 200
75.66 100
116.95 200
77.21 100
105.39 200
84.16 100
89.63 100
104.85 200
9216.58 9300
6166.52 6200
10194.63 10200
11841.59 11900
16925.40 17000
17036.50 17100
17257.75 17300
15159.49 15200
18013.92 18100
17631.92 17700
16347.22 16400
14873.42 14900
9954.53 10000
14554.88 14600
15483.00 15500
17682.15 17700
17899.33 17900
9212.27 9300
4925.01 5000
12131.54 12200
16506.63 16600
16712.38 16800
17079.02 17100
16734.07 16800
15537.29 15600
8381.47 8400
10334.02 10400
14599.11 14600
17926.63 18000
16655.15 16700
17097.23 17100
14857.98 14900
16423.57 16500
16782.80 16800
14929.22 15000
14900.75 15000
17865.79 17900
15696.77 15700
16901.20 17000
9466.15 9500
9270.75 9300
1333.47 1400
4533.01 4600
6502.59 6600
8939.66 9000
16538.59 16600
17078.52 17100
17331.21 17400
16397.38 16400
16902.90 17000
16221.68 16300
14460.89 14500
14469.58 14500
133.60 200
118.68 200
223.46 300
202.56 300
184.05 200
144.60 200
183.28 200
134.67 200
118.45 200
214.88 300
114.53 200
170.02 200
127.29 200
148.60 200
267.06 300
141.19 200
201.51 300
123.38 200
244.49 300
223.37 300
208.72 300
212.61 300
211.53 300
250.79 300
183.62 200
233.88 300
219.69 300
230.74 300
251.01 300
271.27 300
12959.51 13000
15755.62 15800
18189.77 18200
16385.53 16400
14721.60 14800
15751.99 15800
16265.92 16300
16933.95 17000
16552.07 16600
16998.68 17000
16621.78 16700
8911.76 9000
4206.87 4300
16831.47 16900
17674.65 17700
16939.86 17000
17294.64 17300
16071.06 16100
16734.14 16800
18447.37 18500
16066.64 16100
16024.04 16100
16383.82 16400
140.16 200
132.80 200
57.78 100
105.93 200
116.11 200
106.16 200
116.04 200
79.56 100
79.43 100
65.94 100
91.55 100
97.02 100
88.73 100
81.40 100
97.59 100
92.62 100
117.72 200
102.44 200
81.55 100
101.18 200
102.24 200
87.20 100
138.56 200
93.47 100
91.38 100
72.15 100
115.40 200
111.63 200
103.57 200
93.91 100
78.15 100
95.64 100
9581.45 9600
4028.75 4100
4748.19 4800
9136.88 9200
11348.27 11400
14930.80 15000
16695.72 16700
16261.01 16300
17229.08 17300
17888.14 17900
18812.75 18900
17263.01 17300
14250.51 14300
15459.71 15500
176.62 200
173.73 200
185.75 200
221.09 300
181.20 200
172.80 200
177.29 200
165.37 200
190.19 200
166.24 200
168.70 200
179.40 200
159.47 200
215.33 300
194.16 200
187.81 200
163.52 200
172.89 200
186.83 200
163.36 200
148.72 200
175.17 200
207.24 300
155.02 200
166.26 200
195.04 200
192.93 200
200.21 300
149.24 200
159.69 200
151.53 200
222.55 300
178.80 200
201.00 300
193.97 200
195.22 200
162.66 200
170.36 200
239.50 300
192.23 200
192.63 200
213.47 300
200.05 300
8511.19 8600
9553.13 9600
2160.06 2200
4312.85 4400
9289.44 9300
12569.96 12600
16128.49 16200
17564.09 17600
17510.88 17600
15996.09 16000
12060.10 12100
17325.21 17400
18165.01 18200
17983.63 18000
15038.02 15100
14587.57 14600
14835.86 14900
231.25 300
243.55 300
229.52 300
230.84 300
229.90 300
189.38 200
217.92 300
198.74 200
233.93 300
191.39 200
243.18 300
211.77 300
239.35 300
231.17 300
182.97 200
199.59 200
185.66 200
231.60 300
198.18 200
208.57 300
203.27 300
261.01 300
232.29 300
163.37 200
214.00 300
226.68 300
193.89 200
220.26 300
198.47 200
194.70 200
207.58 300
221.79 300
199.50 200
227.52 300
176.28 200
251.08 300
191.97 200
193.88 200
178.89 200
202.15 300
195.14 200
212.79 300
177.56 200
188.71 200
247.26 300
230.57 300
247.43 300
110.85 200
76.36 100
69.35 100
84.22 100
78.46 100
93.52 100
34.41 100
71.48 100
98.21 100
80.66 100
74.61 100
76.42 100
76.54 100
96.61 100
73.69 100
67.01 100
72.06 100
73.80 100
63.76 100
83.69 100
95.52 100
64.19 100
85.85 100
100.47 200
51.65 100
81.18 100
74.89 100
82.06 100
64.25 100
53.17 100
85.03 100
87.31 100
64.45 100
61.59 100
97.82 100
61.21 100
80.21 100
63.40 100
78.10 100
90.59 100
102.08 200
72.03 100
99.24 100
75.10 100
85.45 100
69.23 100
83.32 100
80.82 100
82.23 100
105.43 200
71.08 100
110.77 200
63.47 100
81.74 100
55.38 100
67.63 100
51.22 100
68.67 100
70.24 100
61.90 100
77.31 100
68.62 100
72.99 100
92.23 100
99.08 100
66.59 100
55.83 100
69.46 100
81.74 100
74.93 100
65.00 100
78.20 100
86.74 100
77.98 100
75.53 100
96.06 100
74.29 100
88.10 100
76.05 100
65.57 100
63.06 100
75.18 100
55.23 100
102.79 200
78.19 100
73.48 100
72.72 100
70.51 100
70.96 100
62.05 100
84.27 100
73.71 100
64.39 100
66.11 100
84.20 100
74.71 100
78.62 100
77.04 100
97.17 100
68.27 100
61.36 100
93.35 100
92.95 100
77.90 100
62.83 100
64.52 100
105.69 200
7633.20 7700
4738.72 4800
16506.38 16600
16982.77 17000
15454.62 15500
16673.95 16700
8751.85 8800
3520.99 3600
7734.90 7800
15724.90 15800
17546.94 17600
15182.73 15200
11414.58 11500
14018.52 14100
16528.82 16600
17103.61 17200
17538.30 17600
12286.37 12300
14931.76 15000
16074.62 16100
17179.75 17200
15922.40 16000
17705.61 17800
13211.58 13300
14761.11 14800
17167.26 17200
17799.37 17800
17245.36 17300
15288.00 15300
18716.31 18800
15344.29 15400
16140.98 16200
16188.21 16200
9550.32 9600
3687.58 3700
16812.66 16900
17972.91 18000
18037.55 18100
120.55 200
83.11 100
116.63 200
86.07 100
72.69 100
103.59 200
87.46 100
83.93 100
70.87 100
82.84 100
75.75 100
73.80 100
59.49 100
8401.95 8500
8961.82 9000
2152.32 2200
3490.74 3500
8969.17 9000
11801.76 11900
14463.59 14500
16440.11 16500
17088.01 17100
15946.63 16000
14386.61 14400
8442.17 8500
4187.38 4200
12395.83 12400
15317.07 15400
9295.75 9300
3960.38 4000
8331.44 8400
10188.12 10200
11513.86 11600
14211.21 14300
17575.71 17600
17900.10 18000
16702.67 16800
13841.57 13900
17903.95 18000
15533.88 15600
188.78 200
194.01 200
231.00 300
197.05 200
216.54 300
243.99 300
225.47 300
210.96 300
206.04 300
194.43 200
164.43 200
206.53 300
243.87 300
170.69 200
206.47 300
199.49 200
190.10 200
198.47 200
191.72 200
220.38 300
204.46 300
243.16 300
209.81 300
220.95 300
207.80 300
174.30 200
221.45 300
208.83 300
185.42 200
174.32 200
188.42 200
213.14 300
210.44 300
227.89 300
257.82 300
248.98 300
322.43 400
6127.88 6200
12011.71 12100
17255.02 17300
16469.32 16500
16720.73 16800
17734.03 17800
16737.79 16800
16300.94 16400
18621.24 18700
15799.28 15800
192.46 200
173.67 200
200.39 300
209.92 300
208.59 300
7872.60 7900
16729.14 16800
16844.00 16900
15362.92 15400
15996.12 16000
9834.97 9900
3281.29 3300
7131.31 7200
6664.88 6700
9421.05 9500
15658.82 15700
17443.98 17500
16016.17 16100
18689.90 18700
15799.75 15800
13844.79 13900
16036.75 16100
15330.04 15400
17275.91 17300
15388.57 15400
15329.84 15400
16443.76 16500
17253.05 17300
15776.77 15800
15063.92 15100
9264.93 9300
2914.11 3000
9675.87 9700
15907.48 16000
18070.62 18100
16428.83 16500
9383.57 9400
9504.50 9600
9595.48 9600
2185.60 2200
2141.28 2200
3922.38 4000
12020.82 12100
12049.69 12100
17702.15 17800
16827.55 16900
18624.76 18700
14808.36 14900
8861.28 8900
9195.60 9200
1741.03 1800
5462.94 5500
9461.04 9500
9350.35 9400
11221.16 11300
17293.53 17300
16803.94 16900
17261.59 17300
17015.40 17100
133.37 200
93.46 100
110.10 200
58.16 100
89.90 100
83.14 100
118.82 200
93.35 100
80.58 100
82.37 100
106.82 200
101.97 200
102.29 200
105.23 200
83.44 100
79.02 100
108.88 200
110.70 200
114.66 200
68.77 100
98.10 100
85.07 100
75.84 100
60.82 100
112.83 200
71.36 100
83.79 100
112.94 200
103.04 200
100.61 200
96.48 100
108.70 200
81.00 100
122.75 200
114.62 200
113.33 200
106.03 200
92.98 100
85.79 100
8853.22 8900
9411.28 9500
1818.51 1900
4394.94 4400
13421.49 13500
16786.95 16800
17128.09 17200
15934.07 16000
14388.86 14400
