27876.65 27900
35658.48 35700
28874.70 28900
34825.63 34900
26785.46 26800
36847.72 36900
28840.78 28900
38191.93 38200
35585.49 35600
28480.89 28500
2949.84 3000
32489.77 32500
34295.88 34300
40655.27 40700
42541.33 42600
32444.53 32500
33961.33 34000
39606.58 39700
41979.35 42000
32291.68 32300
33883.27 33900
40547.22 40600
42094.47 42100
32739.62 32800
35938.97 36000
40398.45 40400
43002.64 43100
39637.83 39700
41878.11 41900
33357.44 33400
35118.62 35200
3626.85 3700
3088.04 3100
28497.90 28500
32814.66 32900
35523.97 35600
39219.92 39300
28140.72 28200
32159.72 32200
35242.51 35300
39979.95 40000
28229.40 28300
32644.24 32700
36350.89 36400
40069.73 40100
28550.22 28600
33228.96 33300
38130.99 38200
40825.42 40900
36396.87 36400
39567.39 39600
28556.43 28600
32645.68 32700
3224.68 3300
3114.36 3200
34195.49 34200
41844.13 41900
34052.97 34100
41445.72 41500
34250.92 34300
42326.00 42400
35265.62 35300
42890.93 42900
42134.19 42200
35307.18 35400
3739.80 3800
28706.39 28800
31869.97 31900
32423.24 32500
36588.64 36600
40576.42 40600
40611.23 40700
27851.93 27900
32419.25 32500
32818.98 32900
36450.62 36500
39964.10 40000
40268.89 40300
28059.58 28100
32226.08 32300
32590.12 32600
36524.64 36600
40039.45 40100
40782.85 40800
28125.23 28200
32803.68 32900
32979.13 33000
35601.97 35700
41231.05 41300
41585.22 41600
36294.55 36300
38721.72 38800
39598.64 39600
28712.86 28800
32180.12 32200
33221.30 33300
3494.65 3500
3013.47 3100
3512.82 3600
33882.38 33900
33358.13 33400
41841.00 41900
41927.91 42000
34354.85 34400
34686.55 34700
41013.57 41100
41602.58 41700
34164.91 34200
34056.78 34100
42234.43 42300
41809.27 41900
34957.00 35000
35421.73 35500
42612.89 42700
43077.10 43100
41585.42 41600
41407.02 41500
35345.27 35400
35247.49 35300
3356.47 3400
3401.94 3500
31514.36 31600
41203.02 41300
32029.67 32100
39843.56 39900
31977.14 32000
40459.83 40500
32829.07 32900
40962.90 41000
39518.37 39600
33378.45 33400
3326.45 3400
33857.29 33900
42218.68 42300
34248.88 34300
41270.20 41300
33769.70 33800
42213.15 42300
34712.06 34800
42452.85 42500
41630.72 41700
34455.62 34500
3782.52 3800
27803.99 27900
28930.93 29000
31960.48 32000
31801.55 31900
37205.61 37300
37520.77 37600
40325.47 40400
41174.29 41200
28072.87 28100
28586.03 28600
32278.25 32300
33345.32 33400
35431.98 35500
37566.30 37600
39397.99 39400
40631.17 40700
27915.31 28000
29233.19 29300
31597.91 31600
32223.47 32300
37621.56 37700
37702.45 37800
39784.69 39800
41343.52 41400
29358.71 29400
29550.68 29600
32921.83 33000
33278.79 33300
37027.87 37100
37334.05 37400
40268.73 40300
41966.79 42000
38124.80 38200
36384.14 36400
37093.19 37100
39353.96 39400
28859.67 28900
29691.14 29700
32711.36 32800
33399.22 33400
3819.70 3900
2674.95 2700
3419.11 3500
3046.38 3100
31999.60 32000
34010.15 34100
40414.00 40500
42575.67 42600
32468.29 32500
34668.51 34700
39405.50 39500
41451.77 41500
31395.86 31400
34127.31 34200
39939.67 40000
42236.80 42300
32799.60 32800
35238.41 35300
40626.32 40700
43021.73 43100
38802.51 38900
41984.50 42000
33039.18 33100
35230.52 35300
3383.61 3400
4702.84 4800
33705.97 33800
32295.88 32300
33035.05 33100
40479.83 40500
41947.12 42000
41925.40 42000
32406.36 32500
33497.51 33500
34412.77 34500
39371.54 39400
40631.60 40700
41301.09 41400
32306.66 32400
33520.14 33600
34482.27 34500
41488.06 41500
41031.72 41100
41330.67 41400
33115.40 33200
35123.16 35200
34977.51 35000
42388.36 42400
42659.31 42700
41408.87 41500
39993.46 40000
40926.36 41000
42234.45 42300
34790.56 34800
33451.65 33500
34478.11 34500
3438.88 3500
3311.77 3400
3930.37 4000
30608.30 30700
30121.90 30200
32228.56 32300
33439.07 33500
33683.45 33700
39963.49 40000
40289.61 40300
41472.05 41500
40302.29 40400
42443.48 42500
31167.36 31200
31471.37 31500
32609.09 32700
34113.11 34200
33909.20 34000
38535.74 38600
39520.61 39600
40899.56 40900
40086.86 40100
41691.79 41700
31809.53 31900
34280.61 34300
33224.22 33300
32817.56 32900
33603.95 33700
39842.01 39900
39991.65 40000
40618.81 40700
42438.31 42500
42607.98 42700
32631.09 32700
32411.07 32500
34665.68 34700
34577.32 34600
33759.94 33800
40407.28 40500
40267.63 40300
41077.69 41100
42941.00 43000
42954.86 43000
39654.85 39700
40884.24 40900
39528.34 39600
39867.36 39900
42130.79 42200
32558.23 32600
33370.82 33400
33147.77 33200
35087.73 35100
34960.44 35000
3510.80 3600
3384.36 3400
3324.25 3400
3477.06 3500
3412.97 3500
28437.92 28500
28904.57 29000
33605.03 33700
33783.48 33800
35870.04 35900
36682.41 36700
41420.60 41500
41811.38 41900
28104.34 28200
28493.34 28500
34047.77 34100
33924.04 34000
35345.02 35400
36620.02 36700
41373.83 41400
41569.80 41600
28901.68 29000
29467.35 29500
34468.91 34500
34565.09 34600
36302.69 36400
37788.90 37800
41610.94 41700
41883.78 41900
29462.55 29500
29466.13 29500
34895.37 34900
34818.01 34900
37014.98 37100
37487.00 37500
41989.25 42000
42205.02 42300
36070.13 36100
36393.11 36400
41389.22 41400
42283.39 42300
28686.51 28700
29986.30 30000
34780.88 34800
34617.75 34700
3658.42 3700
3600.75 3700
3035.63 3100
4030.61 4100
28883.69 28900
32026.46 32100
33924.19 34000
37468.27 37500
40021.49 40100
41664.29 41700
28155.62 28200
32190.33 32200
34188.58 34200
36490.83 36500
39806.24 39900
42311.06 42400
29212.98 29300
31065.64 31100
33778.75 33800
36145.34 36200
39839.55 39900
41763.93 41800
29847.67 29900
33182.07 33200
34898.51 34900
37199.24 37200
39393.25 39400
43165.56 43200
37397.06 37400
41192.60 41200
40036.39 40100
28769.12 28800
32559.62 32600
34977.16 35000
3533.24 3600
3243.21 3300
3821.74 3900
31209.60 31300
33685.87 33700
33958.29 34000
41875.48 41900
40795.84 40800
42231.71 42300
31858.57 31900
34164.49 34200
34278.25 34300
40487.69 40500
39533.48 39600
41191.58 41200
31391.13 31400
34763.27 34800
33713.00 33800
39748.60 39800
41290.34 41300
41659.56 41700
32833.37 32900
35132.64 35200
34895.33 34900
42229.93 42300
41835.88 41900
43273.11 43300
39093.21 39100
41568.64 41600
41309.99 41400
32674.12 32700
34551.64 34600
34437.67 34500
3690.92 3700
3548.45 3600
3629.10 3700
26907.80 27000
31352.01 31400
34360.47 34400
34794.34 34800
39892.05 39900
42656.80 42700
26836.07 26900
32102.97 32200
34816.05 34900
35051.57 35100
40109.44 40200
42086.61 42100
28617.08 28700
31811.23 31900
34863.89 34900
36241.17 36300
40218.33 40300
42437.89 42500
29128.13 29200
33174.23 33200
35419.12 35500
37555.96 37600
41290.90 41300
43172.82 43200
35884.16 35900
40145.60 40200
41948.97 42000
29275.84 29300
33234.19 33300
36644.76 36700
3352.66 3400
3380.84 3400
3077.07 3100
28497.61 28500
30935.80 31000
34010.74 34100
32420.73 32500
36353.46 36400
39597.50 39600
40330.64 40400
42929.82 43000
28882.72 28900
31622.37 31700
31646.98 31700
34620.72 34700
36656.09 36700
39066.26 39100
39843.37 39900
41974.82 42000
28372.54 28400
31345.01 31400
32861.78 32900
35698.56 35700
36639.57 36700
40579.50 40600
40136.39 40200
42079.60 42100
28663.00 28700
33170.31 33200
33381.23 33400
35261.08 35300
37990.39 38000
41292.85 41300
42379.00 42400
43148.58 43200
36237.14 36300
38995.90 39000
39714.20 39800
42445.99 42500
28886.23 28900
33247.34 33300
33886.00 33900
35406.89 35500
3499.95 3500
3032.40 3100
4489.69 4500
4598.23 4600
31756.75 31800
32555.54 32600
32310.21 32400
34684.78 34700
33742.18 33800
41391.58 41400
41270.67 41300
40709.92 40800
41243.35 41300
42110.95 42200
31895.08 31900
31935.07 32000
32625.04 32700
34484.90 34500
33704.08 33800
39413.71 39500
40713.39 40800
39757.83 39800
40415.74 40500
42103.22 42200
32862.88 32900
32307.11 32400
34087.91 34100
33555.29 33600
33824.78 33900
41043.19 41100
40734.36 40800
41426.05 41500
41137.43 41200
41958.26 42000
32956.04 33000
33452.26 33500
33959.89 34000
34789.19 34800
34272.43 34300
41388.20 41400
40917.36 41000
41317.68 41400
42489.99 42500
42705.63 42800
39095.02 39100
39279.64 39300
39908.13 40000
41597.52 41600
41261.55 41300
32959.71 33000
32914.16 33000
33267.25 33300
34704.03 34800
35374.03 35400
3435.66 3500
3537.46 3600
3203.51 3300
3355.97 3400
4081.02 4100
27626.44 27700
33564.87 33600
36899.90 36900
41917.57 42000
28457.55 28500
34223.76 34300
35937.75 36000
40728.54 40800
28313.62 28400
34244.82 34300
35626.61 35700
41824.30 41900
28345.39 28400
34872.92 34900
38772.54 38800
42056.89 42100
36803.49 36900
40439.41 40500
29630.40 29700
35301.64 35400
3595.87 3600
3168.65 3200
28236.34 28300
32628.83 32700
33814.41 33900
37198.87 37200
40369.18 40400
41801.94 41900
28872.36 28900
32352.76 32400
33838.52 33900
36641.62 36700
39534.50 39600
41375.24 41400
28737.20 28800
32077.94 32100
34266.64 34300
37343.70 37400
40543.75 40600
42018.37 42100
30612.45 30700
32771.82 32800
34492.42 34500
38489.35 38500
40703.28 40800
43295.96 43300
35378.72 35400
41265.12 41300
40389.17 40400
29836.20 29900
33725.44 33800
35449.38 35500
3845.05 3900
3596.63 3600
3893.04 3900
32849.71 32900
33456.01 33500
32826.17 32900
39958.42 40000
41367.90 41400
42080.76 42100
33933.82 34000
32582.82 32600
33886.63 33900
39092.05 39100
41144.71 41200
41405.50 41500
33091.76 33100
31954.64 32000
34353.63 34400
40312.51 40400
41194.14 41200
40724.88 40800
33634.99 33700
34647.30 34700
35851.76 35900
41333.84 41400
41607.72 41700
42407.77 42500
39621.65 39700
40773.16 40800
41489.67 41500
33881.67 33900
34586.21 34600
34103.56 34200
3121.19 3200
3512.43 3600
3395.64 3400
32509.07 32600
32415.11 32500
34242.22 34300
34188.96 34200
40558.46 40600
41099.03 41100
42302.96 42400
42560.59 42600
31677.94 31700
32535.88 32600
34115.91 34200
34059.10 34100
39848.33 39900
39899.37 39900
41687.67 41700
41805.76 41900
32466.39 32500
33834.71 33900
32618.24 32700
34496.47 34500
39502.39 39600
40925.05 41000
41481.64 41500
41844.05 41900
33500.71 33600
33441.54 33500
35042.47 35100
34996.38 35000
40177.08 40200
41156.49 41200
42204.39 42300
42529.60 42600
39942.12 40000
41227.60 41300
40159.37 40200
41330.70 41400
32585.92 32600
32892.12 32900
34742.33 34800
35023.92 35100
3461.25 3500
3519.77 3600
3352.09 3400
3425.38 3500
31969.92 32000
40691.68 40700
32783.72 32800
39004.24 39100
32862.75 32900
40362.28 40400
33604.63 33700
41128.11 41200
39859.00 39900
33292.02 33300
3409.68 3500
27480.63 27500
27751.48 27800
27710.38 27800
36160.15 36200
36595.37 36600
37965.78 38000
27883.89 27900
28032.57 28100
29251.93 29300
35301.16 35400
36452.28 36500
36480.03 36500
27856.18 27900
27954.82 28000
28382.50 28400
36565.24 36600
36818.15 36900
37007.62 37100
28592.98 28600
28794.28 28800
29783.69 29800
37314.46 37400
37796.13 37800
37435.67 37500
35438.46 35500
36060.15 36100
36945.99 37000
28778.49 28800
29161.89 29200
29931.97 30000
3137.39 3200
3079.83 3100
4011.24 4100
28417.46 28500
29410.99 29500
37013.49 37100
37228.24 37300
27189.17 27200
29637.73 29700
35484.68 35500
37482.17 37500
27637.35 27700
29367.24 29400
36939.33 37000
38044.03 38100
28677.43 28700
30400.65 30500
36592.89 36600
37358.68 37400
35805.70 35900
36071.39 36100
28696.52 28700
29620.40 29700
3006.18 3100
3872.89 3900
31819.12 31900
32732.77 32800
33073.82 33100
34793.66 34800
40451.71 40500
41647.10 41700
41244.77 41300
41796.42 41800
32135.11 32200
32680.51 32700
32778.29 32800
34048.76 34100
39740.59 39800
39673.81 39700
40326.80 40400
41121.00 41200
32595.01 32600
33075.67 33100
32606.80 32700
34242.54 34300
40384.56 40400
40683.89 40700
40418.54 40500
42289.90 42300
33007.44 33100
33437.14 33500
33745.37 33800
35123.36 35200
41340.40 41400
41464.31 41500
42334.27 42400
42922.51 43000
39971.64 40000
39992.77 40000
39891.25 39900
41422.41 41500
32677.54 32700
33357.05 33400
33397.97 33400
34980.17 35000
3172.10 3200
3589.12 3600
3377.00 3400
3434.74 3500
32093.17 32100
32020.92 32100
31858.55 31900
34371.84 34400
39700.09 39800
39673.69 39700
40194.23 40200
41494.63 41500
31651.59 31700
32487.17 32500
32826.03 32900
34107.33 34200
39697.59 39700
40357.50 40400
40274.26 40300
41113.46 41200
32002.38 32100
32560.06 32600
32642.67 32700
34697.46 34700
38877.45 38900
40524.79 40600
40489.58 40500
42660.49 42700
33504.80 33600
32711.67 32800
33279.35 33300
34551.07 34600
41077.49 41100
41123.98 41200
41479.01 41500
42582.34 42600
39764.06 39800
40883.56 40900
39828.89 39900
40476.51 40500
32647.31 32700
33124.31 33200
33680.69 33700
35031.59 35100
3399.44 3400
3544.56 3600
3430.25 3500
3496.80 3500
28715.71 28800
33410.23 33500
35638.61 35700
42432.56 42500
28644.49 28700
33893.40 33900
35811.61 35900
41058.17 41100
28201.33 28300
33412.77 33500
36148.43 36200
41211.42 41300
29824.35 29900
34634.98 34700
38367.95 38400
42886.75 42900
36816.85 36900
40753.77 40800
29080.70 29100
34728.21 34800
3372.45 3400
2617.92 2700
32671.59 32700
40353.70 40400
32447.72 32500
39919.40 40000
32301.33 32400
41254.52 41300
34307.52 34400
41057.48 41100
39748.84 39800
33069.57 33100
3348.64 3400
32219.21 32300
31970.88 32000
33721.42 33800
40293.34 40300
40865.46 40900
41724.38 41800
32174.81 32200
32261.75 32300
34763.90 34800
40549.52 40600
39988.00 40000
40985.52 41000
31518.64 31600
32487.44 32500
34271.67 34300
41410.99 41500
40172.12 40200
40444.86 40500
32793.39 32800
33099.95 33100
34828.82 34900
40393.31 40400
42344.07 42400
41109.34 41200
40213.07 40300
39689.81 39700
41537.65 41600
31997.88 32000
32493.77 32500
34637.87 34700
3677.83 3700
3495.83 3500
3630.74 3700
34054.09 34100
42126.42 42200
34427.87 34500
41184.30 41200
34274.54 34300
41936.88 42000
35267.58 35300
42348.39 42400
41154.37 41200
34482.45 34500
4205.95 4300
27243.31 27300
32102.76 32200
34352.33 34400
33970.31 34000
34472.45 34500
36435.50 36500
40044.66 40100
41704.67 41800
42402.90 42500
42630.19 42700
27995.81 28000
34356.69 34400
32915.00 33000
34441.58 34500
35280.18 35300
35589.19 35600
39669.03 39700
40963.07 41000
41762.50 41800
41794.78 41800
28865.56 28900
32339.95 32400
33939.33 34000
35015.08 35100
34781.67 34800
36127.77 36200
40022.68 40100
41839.54 41900
42505.45 42600
42650.31 42700
29721.67 29800
33197.91 33200
35384.65 35400
34904.59 35000
36077.03 36100
37264.92 37300
41058.36 41100
42581.73 42600
42782.30 42800
42740.42 42800
36638.20 36700
40791.86 40800
40419.36 40500
41540.59 41600
42138.92 42200
29618.02 29700
33293.35 33300
34837.96 34900
34670.39 34700
36611.45 36700
4054.01 4100
3676.34 3700
4347.39 4400
3271.77 3300
2947.11 3000
29345.76 29400
34037.54 34100
33316.34 33400
37088.37 37100
41904.97 42000
42475.06 42500
28056.52 28100
34250.75 34300
35234.86 35300
36718.45 36800
41133.68 41200
41381.59 41400
27220.42 27300
34149.60 34200
34607.86 34700
35608.25 35700
41927.65 42000
42271.15 42300
29595.63 29600
35270.32 35300
35963.18 36000
37242.76 37300
42328.91 42400
42913.98 43000
36121.18 36200
41208.29 41300
41697.73 41700
28479.02 28500
35076.14 35100
34792.17 34800
3540.91 3600
3431.67 3500
2983.89 3000
27747.23 27800
28196.44 28200
32034.91 32100
32341.13 32400
32069.23 32100
35907.63 36000
37014.82 37100
40175.85 40200
40344.21 40400
41642.73 41700
27844.52 27900
28489.02 28500
31349.70 31400
31357.41 31400
32239.56 32300
35238.32 35300
35788.16 35800
40038.28 40100
39881.06 39900
39835.51 39900
27136.21 27200
27954.63 28000
31611.78 31700
32054.39 32100
33161.20 33200
35877.84 35900
36140.66 36200
39919.31 40000
40610.37 40700
40453.38 40500
29445.24 29500
30394.64 30400
32878.66 32900
32583.70 32600
33501.35 33600
35829.96 35900
37353.50 37400
40084.06 40100
40406.12 40500
41957.46 42000
34560.54 34600
39189.30 39200
37428.75 37500
39537.73 39600
40267.08 40300
27601.52 27700
29414.37 29500
32300.42 32400
33025.15 33100
33684.84 33700
3363.39 3400
2801.73 2900
4222.30 4300
2790.27 2800
3302.39 3400
32048.50 32100
33273.43 33300
32411.36 32500
34379.85 34400
40018.36 40100
40315.69 40400
40795.20 40800
42684.04 42700
32262.18 32300
32207.01 32300
34326.49 34400
33079.91 33100
38584.07 38600
39771.64 39800
39944.60 40000
42360.39 42400
32116.65 32200
33089.53 33100
32295.77 32300
34870.12 34900
40695.94 40700
41029.63 41100
41050.95 41100
42862.24 42900
32355.52 32400
32522.72 32600
33920.08 34000
35446.15 35500
41080.30 41100
40984.78 41000
40994.38 41000
43738.27 43800
39648.27 39700
40000.16 40100
39859.27 39900
41659.37 41700
32810.94 32900
33046.73 33100
32876.89 32900
35997.88 36000
4282.92 4300
3094.58 3100
3153.05 3200
3400.84 3500
28823.34 28900
37236.73 37300
29207.95 29300
37217.68 37300
29481.66 29500
36885.95 36900
29808.58 29900
37807.96 37900
36759.50 36800
29508.02 29600
3887.70 3900
