400.37 500
364.35 400
460.89 500
418.81 500
478.65 500
475.75 500
437.58 500
490.52 500
376.66 400
470.77 500
348.53 400
441.88 500
457.05 500
493.13 500
355.14 400
353.02 400
9805.96 9900
10417.10 10500
27917.76 28000
25492.62 25500
26011.72 26100
26267.75 26300
26402.76 26500
26049.24 26100
25644.24 25700
30131.55 30200
30141.53 30200
34022.34 34100
34818.94 34900
34006.04 34100
32785.13 32800
33087.93 33100
8144.67 8200
8723.57 8800
19025.72 19100
17790.10 17800
17787.10 17800
19912.05 20000
13059.54 13100
19562.20 19600
19893.52 19900
22764.19 22800
20221.36 20300
20126.30 20200
21027.56 21100
20794.10 20800
3757.16 3800
3794.98 3800
10685.79 10700
13833.73 13900
13670.20 13700
12483.87 12500
13231.65 13300
11671.69 11700
12823.12 12900
6009.52 6100
17149.15 17200
18620.73 18700
18892.41 18900
18959.74 19000
19576.44 19600
18479.76 18500
17904.01 18000
18653.40 18700
3020.35 3100
3130.78 3200
10717.22 10800
11508.96 11600
11976.27 12000
13022.70 13100
12919.28 13000
14042.60 14100
12270.31 12300
12883.27 12900
1081.90 1100
1558.45 1600
1278.99 1300
1917.53 2000
3578.36 3600
5728.93 5800
3973.44 4000
3790.80 3800
4520.78 4600
868.64 900
588.98 600
970.83 1000
816.05 900
1304.66 1400
869.07 900
1352.01 1400
1665.16 1700
2084.57 2100
1717.15 1800
3413.34 3500
2436.04 2500
2631.14 2700
436.00 500
463.22 500
219.66 300
205.85 300
207.33 300
233.17 300
173.29 200
236.98 300
241.65 300
181.06 200
255.59 300
222.09 300
243.83 300
262.44 300
171.13 200
166.39 200
205.83 300
222.01 300
195.38 200
175.81 200
137.42 200
250.07 300
216.30 300
168.69 200
183.83 200
192.71 200
220.49 300
186.09 200
197.87 200
232.50 300
262.47 300
228.13 300
212.23 300
198.55 200
222.40 300
239.66 300
214.16 300
208.47 300
188.06 200
208.49 300
197.05 200
187.57 200
185.18 200
241.26 300
178.89 200
171.27 200
228.79 300
242.46 300
226.52 300
216.91 300
218.64 300
214.08 300
212.92 300
214.55 300
237.45 300
226.33 300
210.24 300
206.87 300
222.11 300
279.54 300
260.83 300
272.79 300
253.26 300
282.74 300
273.99 300
245.58 300
275.58 300
355.77 400
335.62 400
17369.96 17400
27102.15 27200
27587.93 27600
27218.01 27300
25333.95 25400
27520.01 27600
26740.15 26800
28516.75 28600
30334.41 30400
34469.20 34500
35063.59 35100
35403.77 35500
35416.56 35500
33272.01 33300
32271.38 32300
10083.04 10100
15766.04 15800
18617.59 18700
19043.61 19100
16714.72 16800
19184.05 19200
18819.02 18900
18044.41 18100
7496.95 7500
22039.58 22100
22697.55 22700
23634.73 23700
22539.11 22600
19742.13 19800
22969.24 23000
21606.72 21700
20670.12 20700
1892.15 1900
2973.45 3000
6136.14 6200
6850.40 6900
8187.29 8200
10798.38 10800
12920.41 13000
13873.46 13900
10986.59 11000
13609.64 13700
13694.21 13700
12605.50 12700
16307.57 16400
18842.29 18900
15250.82 15300
15680.59 15700
19485.40 19500
18677.64 18700
18547.90 18600
10033.05 10100
11940.22 12000
13661.16 13700
13530.48 13600
12028.78 12100
13038.95 13100
13925.96 14000
1598.92 1600
3127.87 3200
4515.46 4600
4948.13 5000
4568.41 4600
5681.33 5700
4075.59 4100
4066.10 4100
749.47 800
555.65 600
584.92 600
911.99 1000
602.56 700
875.28 900
1248.29 1300
1223.45 1300
1661.20 1700
1781.02 1800
2168.25 2200
3330.58 3400
3115.36 3200
3197.76 3200
2752.48 2800
2448.90 2500
544.71 600
489.38 500
719.45 800
648.63 700
461.87 500
651.90 700
634.46 700
678.72 700
592.98 600
539.89 600
421.70 500
421.46 500
382.27 400
451.63 500
413.55 500
416.70 500
419.37 500
459.39 500
376.09 400
9957.13 10000
8764.57 8800
27312.51 27400
25770.88 25800
27677.90 27700
26323.33 26400
28461.38 28500
34159.60 34200
34160.44 34200
32716.07 32800
32648.41 32700
32963.70 33000
4969.49 5000
9492.00 9500
11412.25 11500
17069.12 17100
19522.04 19600
18443.60 18500
17845.93 17900
14309.65 14400
22040.48 22100
21122.03 21200
19748.03 19800
20860.67 20900
20564.99 20600
2571.81 2600
4491.78 4500
12474.53 12500
11595.27 11600
13014.50 13100
13716.93 13800
12793.43 12800
14462.19 14500
19177.03 19200
18859.01 18900
19130.44 19200
18586.14 18600
18086.97 18100
3142.24 3200
13127.85 13200
14336.60 14400
13649.40 13700
13485.86 13500
15887.20 15900
1800.80 1900
3211.36 3300
5973.55 6000
3886.44 3900
4276.18 4300
654.73 700
740.55 800
585.12 600
563.78 600
489.83 500
614.62 700
741.74 800
588.50 600
871.07 900
1460.08 1500
1616.10 1700
1317.98 1400
1945.97 2000
2887.80 2900
2677.51 2700
640.98 700
571.43 600
624.57 700
636.92 700
633.75 700
700.42 800
676.64 700
602.47 700
634.87 700
562.93 600
9679.95 9700
10185.12 10200
21058.31 21100
27723.28 27800
27790.15 27800
26335.97 26400
26519.77 26600
26987.13 27000
26174.80 26200
25913.19 26000
26057.96 26100
7156.02 7200
32232.14 32300
33242.52 33300
34794.28 34800
33850.37 33900
34483.69 34500
33730.21 33800
32872.78 32900
33035.22 33100
34791.75 34800
34048.56 34100
2323.00 2400
2973.77 3000
6588.20 6600
13520.98 13600
16856.29 16900
18978.88 19000
19743.16 19800
18020.93 18100
17611.37 17700
17409.72 17500
18633.06 18700
18823.96 18900
18450.53 18500
9531.85 9600
16332.70 16400
17157.33 17200
19401.58 19500
19955.69 20000
22065.54 22100
21722.49 21800
22127.55 22200
23117.80 23200
21522.95 21600
1766.81 1800
5003.00 5100
6891.78 6900
6869.25 6900
10075.19 10100
12798.18 12800
13746.48 13800
11560.71 11600
11775.28 11800
13180.15 13200
7156.37 7200
10179.55 10200
11632.28 11700
17443.29 17500
18866.54 18900
17892.90 17900
17305.67 17400
17965.16 18000
18167.83 18200
18098.46 18100
3594.28 3600
4001.17 4100
8035.14 8100
12640.34 12700
13677.92 13700
13505.28 13600
14677.85 14700
13344.31 13400
12367.45 12400
14238.41 14300
12274.39 12300
1551.84 1600
2159.19 2200
1755.38 1800
3655.20 3700
4611.62 4700
4861.43 4900
4719.98 4800
4845.06 4900
4660.61 4700
4935.53 5000
1014.11 1100
1347.59 1400
1066.08 1100
1590.50 1600
1415.33 1500
1897.32 1900
2498.41 2500
3206.11 3300
2662.61 2700
2442.87 2500
3787.15 3800
621.89 700
791.18 800
697.34 700
863.89 900
836.78 900
770.78 800
763.27 800
652.83 700
664.14 700
492.52 500
490.16 500
672.94 700
847.98 900
679.42 700
761.57 800
664.30 700
617.50 700
788.19 800
561.33 600
730.28 800
593.72 600
502.99 600
607.66 700
472.00 500
399.98 400
453.14 500
355.98 400
471.61 500
474.59 500
427.57 500
442.13 500
384.09 400
462.59 500
415.21 500
500.80 600
369.70 400
441.99 500
509.46 600
471.88 500
455.26 500
387.49 400
469.39 500
465.48 500
364.76 400
336.11 400
315.21 400
362.88 400
355.14 400
368.60 400
338.61 400
409.94 500
333.93 400
308.58 400
261.05 300
299.19 300
345.09 400
339.61 400
268.06 300
362.74 400
352.37 400
369.82 400
464.15 500
367.35 400
371.10 400
429.58 500
319.88 400
507.83 600
336.56 400
396.19 400
278.82 300
387.80 400
293.87 300
316.00 400
288.62 300
287.44 300
280.05 300
301.29 400
345.34 400
312.76 400
296.60 300
354.55 400
247.22 300
341.94 400
317.75 400
315.33 400
314.63 400
283.34 300
309.73 400
312.67 400
346.15 400
255.98 300
341.68 400
330.51 400
307.76 400
297.95 300
297.47 300
280.28 300
292.98 300
302.90 400
262.22 300
302.60 400
374.36 400
281.82 300
340.74 400
372.64 400
276.34 300
275.87 300
343.89 400
328.70 400
360.60 400
359.62 400
311.27 400
380.55 400
264.99 300
345.88 400
282.66 300
350.57 400
287.42 300
406.82 500
298.67 300
254.71 300
330.41 400
285.42 300
279.59 300
315.90 400
277.27 300
294.82 300
316.61 400
330.03 400
337.33 400
287.03 300
319.04 400
289.75 300
314.97 400
331.99 400
349.16 400
284.23 300
259.58 300
370.19 400
371.63 400
305.22 400
371.78 400
352.91 400
318.27 400
332.74 400
320.99 400
336.26 400
299.93 300
364.36 400
286.79 300
362.01 400
310.74 400
377.69 400
288.59 300
369.49 400
297.74 300
374.46 400
255.52 300
311.21 400
353.95 400
338.71 400
294.69 300
354.69 400
434.03 500
410.49 500
345.94 400
361.95 400
352.35 400
359.91 400
395.24 400
388.85 400
360.41 400
413.50 500
387.46 400
365.23 400
396.83 400
428.78 500
474.68 500
398.94 400
469.06 500
442.04 500
478.00 500
533.55 600
406.84 500
500.84 600
356.75 400
454.19 500
421.16 500
413.58 500
9459.37 9500
8344.73 8400
22443.25 22500
26996.16 27000
27859.36 27900
27690.26 27700
27297.42 27300
26033.74 26100
29210.04 29300
33815.21 33900
33685.76 33700
35648.82 35700
33869.71 33900
32606.36 32700
32972.20 33000
2737.60 2800
15707.83 15800
16005.58 16100
18985.20 19000
19893.92 19900
19291.47 19300
17786.93 17800
19434.94 19500
14195.93 14200
19311.45 19400
18259.34 18300
20434.01 20500
21324.40 21400
22649.84 22700
21398.51 21400
8511.55 8600
8836.43 8900
12924.87 13000
11689.71 11700
11295.66 11300
12377.74 12400
5356.97 5400
14894.31 14900
18260.51 18300
17838.04 17900
18761.61 18800
17249.27 17300
19642.49 19700
18409.83 18500
1257.05 1300
2896.73 2900
9677.42 9700
12544.95 12600
12680.62 12700
12941.30 13000
15708.09 15800
12532.41 12600
13497.94 13500
1395.97 1400
2355.80 2400
2904.17 3000
3676.53 3700
4760.21 4800
3688.44 3700
5111.74 5200
1117.35 1200
823.29 900
1078.29 1100
1203.93 1300
2593.42 2600
2892.03 2900
2700.99 2800
2374.55 2400
653.98 700
650.46 700
550.08 600
458.61 500
529.33 600
540.84 600
438.23 500
606.31 700
563.17 600
481.11 500
700.03 800
597.70 600
570.19 600
785.83 800
456.14 500
440.42 500
442.34 500
623.18 700
459.09 500
801.96 900
421.72 500
420.22 500
469.06 500
445.28 500
404.76 500
488.16 500
435.89 500
404.62 500
293.72 300
353.52 400
337.18 400
456.67 500
359.13 400
290.24 300
450.00 500
328.56 400
405.92 500
364.99 400
414.67 500
298.47 300
429.01 500
380.70 400
340.65 400
469.94 500
390.53 400
442.65 500
377.19 400
442.85 500
469.35 500
454.99 500
458.60 500
575.27 600
412.36 500
462.46 500
427.49 500
9423.55 9500
14692.58 14700
27398.50 27400
35438.01 35500
33331.75 33400
33357.47 33400
1629.98 1700
2147.94 2200
10204.38 10300
15601.56 15700
16680.60 16700
20566.21 20600
20015.67 20100
21733.00 21800
1051.29 1100
4487.97 4500
14239.76 14300
13046.05 13100
12754.54 12800
18511.17 18600
19095.07 19100
19086.13 19100
12945.70 13000
13917.36 14000
13375.91 13400
1970.95 2000
4560.03 4600
5738.50 5800
5256.63 5300
1008.99 1100
1715.35 1800
2878.28 2900
1715.90 1800
21083.92 21100
26309.76 26400
28908.78 29000
28262.58 28300
26609.51 26700
27350.57 27400
28301.47 28400
30203.97 30300
33891.07 33900
33534.50 33600
35276.33 35300
33615.54 33700
33962.40 34000
11677.90 11700
12080.29 12100
17827.30 17900
19718.38 19800
18538.28 18600
18090.51 18100
17791.16 17800
11488.52 11500
11606.74 11700
17369.86 17400
21665.35 21700
21749.35 21800
20588.64 20600
20563.63 20600
11086.68 11100
12157.11 12200
12148.37 12200
10817.76 10900
13009.99 13100
18127.34 18200
17767.39 17800
18632.06 18700
17188.82 17200
17298.70 17300
19320.24 19400
17739.32 17800
5677.71 5700
5814.56 5900
11634.37 11700
13145.65 13200
11676.07 11700
13917.12 14000
13727.96 13800
12649.70 12700
12425.03 12500
3229.64 3300
4091.98 4100
5356.44 5400
4844.89 4900
5224.16 5300
5388.39 5400
4987.63 5000
1053.39 1100
1161.40 1200
1332.22 1400
2934.53 3000
2555.49 2600
3054.57 3100
2099.76 2100
2450.26 2500
832.32 900
472.40 500
483.79 500
605.02 700
576.36 600
535.55 600
702.09 800
626.71 700
611.60 700
433.31 500
655.68 700
536.71 600
634.55 700
1063.41 1100
617.63 700
766.76 800
385.48 400
380.12 400
471.76 500
335.05 400
391.62 400
410.74 500
525.13 600
457.80 500
461.82 500
547.02 600
327.47 400
382.51 400
512.78 600
492.36 500
366.72 400
465.00 500
495.92 500
529.08 600
520.06 600
444.65 500
647.66 700
515.89 600
483.76 500
499.94 500
540.20 600
358.52 400
369.06 400
474.64 500
363.73 400
347.26 400
268.38 300
364.09 400
336.52 400
366.91 400
406.15 500
344.25 400
386.42 400
403.22 500
352.81 400
287.64 300
303.54 400
382.91 400
386.23 400
371.60 400
269.60 300
337.31 400
345.22 400
343.29 400
423.70 500
298.77 300
307.96 400
474.85 500
404.95 500
350.68 400
285.41 300
366.53 400
332.38 400
298.77 300
328.75 400
346.11 400
360.12 400
425.70 500
325.31 400
336.34 400
324.53 400
349.67 400
355.76 400
320.84 400
313.46 400
342.20 400
267.21 300
293.84 300
300.58 400
328.67 400
313.33 400
317.30 400
397.39 400
324.26 400
342.23 400
338.66 400
297.73 300
292.18 300
364.19 400
348.24 400
319.73 400
341.14 400
351.25 400
312.61 400
295.61 300
313.21 400
344.34 400
316.15 400
303.26 400
278.41 300
310.96 400
377.05 400
362.53 400
321.69 400
348.09 400
356.23 400
315.68 400
340.11 400
360.79 400
331.68 400
325.51 400
311.86 400
354.74 400
343.95 400
357.44 400
329.09 400
330.70 400
320.71 400
332.64 400
312.76 400
409.83 500
347.42 400
413.91 500
425.35 500
365.06 400
386.54 400
358.59 400
380.26 400
367.39 400
376.38 400
405.33 500
467.37 500
460.30 500
436.29 500
436.89 500
432.83 500
412.99 500
441.05 500
448.08 500
486.14 500
25465.93 25500
26953.75 27000
27653.16 27700
27431.40 27500
27379.60 27400
26906.32 27000
27235.12 27300
26306.65 26400
23328.05 23400
28266.39 28300
30476.45 30500
32906.08 33000
34744.57 34800
36294.45 36300
34370.27 34400
34856.19 34900
15863.06 15900
19711.73 19800
18799.35 18800
17366.66 17400
18450.07 18500
18824.84 18900
17939.69 18000
6709.28 6800
16403.24 16500
16793.35 16800
21475.03 21500
20274.65 20300
21633.59 21700
20078.38 20100
21705.14 21800
20717.16 20800
3125.11 3200
5202.14 5300
8073.80 8100
11123.58 11200
12035.01 12100
13728.22 13800
12412.78 12500
13292.50 13300
11509.77 11600
7456.18 7500
9332.24 9400
15912.25 16000
17310.50 17400
20474.50 20500
19145.62 19200
18364.04 18400
18105.74 18200
2854.42 2900
6825.45 6900
8874.95 8900
14832.57 14900
14330.30 14400
11699.03 11700
12856.15 12900
12474.91 12500
12316.35 12400
1732.23 1800
1793.39 1800
1305.80 1400
2914.49 3000
3196.82 3200
2426.58 2500
3671.43 3700
5541.36 5600
4479.88 4500
5032.28 5100
4755.80 4800
4781.87 4800
4717.83 4800
738.65 800
439.70 500
974.60 1000
1326.27 1400
2053.31 2100
2285.15 2300
2531.43 2600
1931.55 2000
2819.20 2900
2656.53 2700
565.96 600
512.31 600
697.10 700
797.88 800
638.49 700
417.99 500
472.69 500
425.39 500
436.44 500
703.27 800
467.19 500
318.74 400
433.64 500
430.42 500
457.54 500
429.31 500
430.64 500
402.70 500
359.29 400
352.47 400
399.06 400
381.07 400
342.73 400
371.35 400
313.74 400
318.66 400
341.17 400
420.15 500
342.79 400
398.39 400
409.05 500
264.92 300
320.82 400
335.08 400
270.69 300
315.38 400
290.55 300
312.93 400
319.75 400
263.17 300
243.81 300
253.28 300
412.30 500
343.96 400
456.71 500
359.42 400
436.75 500
435.13 500
377.05 400
387.60 400
536.36 600
25337.24 25400
26213.44 26300
26321.54 26400
25683.22 25700
27975.63 28000
28932.52 29000
32633.47 32700
34581.43 34600
35757.02 35800
32516.96 32600
1577.86 1600
11008.87 11100
15259.86 15300
15841.43 15900
17840.68 17900
17463.07 17500
20821.71 20900
21073.58 21100
19256.98 19300
20408.55 20500
21609.00 21700
3656.99 3700
12525.19 12600
13072.50 13100
12705.29 12800
11947.62 12000
12784.19 12800
9520.29 9600
19017.72 19100
18503.80 18600
18741.60 18800
19637.51 19700
13181.22 13200
14848.06 14900
12203.81 12300
12818.27 12900
2695.59 2700
5218.69 5300
4164.85 4200
4506.79 4600
4038.33 4100
866.10 900
494.56 500
850.27 900
793.87 800
944.48 1000
981.03 1000
1307.50 1400
1083.41 1100
1464.09 1500
1579.52 1600
2412.68 2500
2502.40 2600
2736.78 2800
2316.49 2400
4095.29 4100
607.39 700
371.26 400
487.64 500
363.30 400
555.68 600
323.84 400
511.27 600
515.81 600
767.86 800
586.68 600
300.67 400
372.97 400
467.30 500
484.33 500
343.69 400
484.22 500
401.36 500
404.83 500
466.24 500
689.14 700
386.12 400
463.87 500
442.59 500
206.16 300
412.95 500
257.39 300
341.14 400
222.86 300
340.70 400
262.92 300
388.25 400
313.47 400
374.13 400
316.04 400
373.10 400
375.87 400
392.74 400
413.92 500
432.08 500
284.74 300
348.96 400
322.84 400
353.76 400
414.04 500
308.07 400
322.48 400
274.09 300
276.67 300
326.13 400
311.25 400
302.23 400
311.40 400
425.85 500
319.42 400
326.59 400
350.22 400
310.87 400
291.51 300
249.59 300
233.22 300
293.14 300
262.44 300
316.33 400
258.27 300
270.04 300
277.78 300
293.85 300
262.84 300
385.83 400
292.41 300
239.91 300
254.52 300
257.36 300
204.89 300
358.83 400
299.89 300
266.85 300
243.94 300
260.77 300
252.08 300
283.23 300
407.94 500
297.60 300
323.62 400
287.41 300
301.54 400
289.80 300
293.54 300
265.94 300
261.69 300
328.11 400
269.92 300
292.06 300
294.58 300
286.63 300
292.13 300
305.06 400
321.86 400
258.97 300
436.28 500
356.25 400
371.21 400
344.23 400
295.85 300
354.64 400
363.64 400
341.18 400
440.74 500
404.25 500
414.33 500
445.63 500
22957.13 23000
24182.76 24200
24257.34 24300
27759.57 27800
27632.70 27700
28488.26 28500
26908.81 27000
28611.26 28700
26407.58 26500
22378.47 22400
33801.66 33900
35463.57 35500
34569.15 34600
32710.58 32800
35185.37 35200
34585.24 34600
34989.61 35000
34351.89 34400
34512.03 34600
7124.44 7200
8794.74 8800
16410.04 16500
18579.27 18600
18195.40 18200
19477.02 19500
19534.42 19600
19657.49 19700
18439.26 18500
17627.97 17700
11546.05 11600
15665.96 15700
20381.71 20400
20878.50 20900
20829.48 20900
22684.10 22700
20610.87 20700
21443.53 21500
20311.39 20400
20404.63 20500
1798.87 1800
8336.25 8400
11225.48 11300
12329.30 12400
12300.83 12400
12962.29 13000
12267.03 12300
13122.87 13200
12897.18 12900
14486.73 14500
15393.43 15400
16386.87 16400
17390.02 17400
19636.82 19700
18197.87 18200
18432.97 18500
18396.83 18400
17883.20 17900
18386.24 18400
3013.10 3100
4229.59 4300
4810.20 4900
11588.70 11600
11267.10 11300
14414.53 14500
13132.22 13200
15182.22 15200
14011.55 14100
12077.94 12100
12027.40 12100
12683.00 12700
1484.25 1500
1156.14 1200
1467.08 1500
3063.64 3100
1953.64 2000
4267.39 4300
3564.71 3600
4983.73 5000
5093.03 5100
4497.30 4500
5668.65 5700
4805.61 4900
3347.47 3400
2267.63 2300
553.74 600
570.34 600
617.47 700
498.78 500
512.91 600
567.26 600
497.24 500
511.89 600
448.94 500
531.93 600
521.64 600
495.17 500
450.81 500
463.90 500
446.12 500
487.23 500
10682.73 10700
11945.70 12000
19765.12 19800
27834.02 27900
27229.84 27300
27238.87 27300
26943.12 27000
26247.82 26300
26505.38 26600
26480.54 26500
28021.64 28100
27446.02 27500
27741.98 27800
32204.34 32300
32872.52 32900
32576.22 32600
32614.51 32700
33166.34 33200
34031.26 34100
3485.98 3500
4866.67 4900
19390.47 19400
17987.65 18000
19493.73 19500
18515.21 18600
18475.75 18500
17459.09 17500
18424.43 18500
17479.45 17500
17552.75 17600
16243.59 16300
16672.42 16700
16960.39 17000
21527.00 21600
20996.60 21000
22169.54 22200
21951.77 22000
22455.91 22500
22691.92 22700
9524.63 9600
8811.28 8900
13704.16 13800
12507.95 12600
13833.47 13900
12240.04 12300
11763.00 11800
20286.72 20300
20448.89 20500
19829.02 19900
17970.80 18000
17450.82 17500
18438.97 18500
18099.69 18100
18129.70 18200
1560.08 1600
1650.27 1700
7124.72 7200
8991.08 9000
9740.26 9800
10623.11 10700
11836.22 11900
12042.48 12100
13104.72 13200
14662.64 14700
11933.16 12000
1938.19 2000
3902.98 4000
4010.83 4100
23641.76 23700
25821.13 25900
27626.95 27700
28611.57 28700
28050.33 28100
27822.51 27900
26233.86 26300
27221.80 27300
17846.51 17900
30750.08 30800
30926.22 31000
32793.87 32800
34925.07 35000
33701.08 33800
34457.14 34500
35108.17 35200
5495.97 5500
19112.33 19200
18523.85 18600
18512.73 18600
17714.20 17800
19689.93 19700
18102.25 18200
19280.31 19300
14175.37 14200
21573.33 21600
21951.17 22000
21627.98 21700
22900.71 23000
22344.69 22400
19990.68 20000
23209.24 23300
2576.07 2600
6946.47 7000
7990.48 8000
11321.41 11400
13677.98 13700
11103.52 11200
12196.74 12200
13449.04 13500
13331.74 13400
13077.03 13100
16139.65 16200
16622.78 16700
20027.00 20100
16732.32 16800
18217.61 18300
20476.89 20500
17425.12 17500
17696.22 17700
9980.80 10000
13568.50 13600
14490.07 14500
14199.29 14200
13746.85 13800
12868.55 12900
13081.29 13100
12087.64 12100
1659.43 1700
2182.53 2200
4392.85 4400
5838.93 5900
4813.87 4900
5365.34 5400
4170.26 4200
4720.15 4800
4144.79 4200
790.91 800
925.95 1000
1020.31 1100
1341.16 1400
2017.37 2100
2186.79 2200
2059.68 2100
2656.87 2700
3003.09 3100
3120.94 3200
2535.55 2600
2030.18 2100
475.14 500
446.17 500
400.44 500
352.94 400
352.91 400
453.20 500
480.87 500
344.64 400
694.06 700
428.62 500
276.18 300
229.68 300
331.02 400
284.92 300
229.81 300
266.59 300
326.07 400
221.57 300
217.72 300
275.63 300
233.77 300
394.74 400
244.31 300
250.87 300
360.18 400
253.43 300
265.75 300
434.87 500
242.01 300
244.74 300
203.71 300
242.53 300
208.36 300
355.20 400
280.10 300
271.47 300
239.38 300
228.89 300
271.43 300
320.49 400
258.07 300
275.82 300
227.44 300
340.69 400
305.76 400
256.66 300
248.16 300
245.11 300
189.85 200
299.05 300
206.26 300
234.80 300
247.51 300
312.33 400
297.62 300
258.97 300
276.04 300
283.89 300
275.03 300
217.15 300
288.11 300
294.04 300
293.41 300
226.36 300
275.87 300
311.31 400
316.13 400
290.93 300
223.02 300
189.52 200
200.65 300
232.82 300
268.95 300
280.02 300
206.35 300
250.91 300
248.67 300
199.71 200
186.95 200
248.30 300
218.32 300
246.29 300
276.39 300
231.77 300
289.94 300
309.51 400
328.66 400
276.98 300
211.21 300
198.06 200
181.92 200
243.37 300
197.62 200
269.10 300
246.69 300
200.14 300
236.48 300
201.92 300
231.11 300
184.42 200
223.21 300
217.51 300
265.65 300
260.01 300
411.65 500
344.46 400
348.73 400
383.11 400
399.37 400
323.03 400
518.98 600
436.79 500
523.02 600
373.71 400
502.96 600
511.68 600
437.12 500
458.19 500
543.60 600
506.73 600
517.85 600
559.43 600
440.84 500
517.27 600
598.33 600
557.49 600
470.53 500
545.59 600
457.35 500
451.94 500
543.53 600
10113.64 10200
8433.77 8500
22062.89 22100
27944.72 28000
26159.96 26200
26471.62 26500
34366.47 34400
35171.37 35200
33962.18 34000
32647.64 32700
34391.85 34400
34329.17 34400
6514.62 6600
11220.28 11300
12039.78 12100
17491.98 17500
20353.88 20400
18740.64 18800
18031.42 18100
12806.09 12900
21013.42 21100
20094.30 20100
23286.18 23300
20532.51 20600
22527.76 22600
7160.45 7200
12563.12 12600
12563.67 12600
14626.97 14700
11793.96 11800
19151.20 19200
18803.45 18900
19069.28 19100
19001.29 19100
17785.34 17800
18219.89 18300
7948.51 8000
11389.60 11400
12333.35 12400
13333.09 13400
14250.55 14300
12168.82 12200
4138.69 4200
5086.69 5100
3983.43 4000
2236.47 2300
2147.79 2200
2374.29 2400
3379.67 3400
782.96 800
647.38 700
574.00 600
675.32 700
635.66 700
517.86 600
734.73 800
592.05 600
603.22 700
471.68 500
730.26 800
329.24 400
440.84 500
240.60 300
230.23 300
237.27 300
169.07 200
237.47 300
563.33 600
180.57 200
216.55 300
261.42 300
514.77 600
212.91 300
358.24 400
253.58 300
318.82 400
245.25 300
307.40 400
253.64 300
250.55 300
225.27 300
270.84 300
201.88 300
219.04 300
202.88 300
198.27 200
152.25 200
159.85 200
247.65 300
224.43 300
218.76 300
146.52 200
231.74 300
212.12 300
452.04 500
231.11 300
370.42 400
172.98 200
211.14 300
473.95 500
188.87 200
198.39 200
298.94 300
241.75 300
160.30 200
314.45 400
186.91 200
348.56 400
184.07 200
221.74 300
361.36 400
341.10 400
366.04 400
330.11 400
177.37 200
364.27 400
207.99 300
173.20 200
221.21 300
318.07 400
233.28 300
169.50 200
168.18 200
381.43 400
166.27 200
176.62 200
348.45 400
221.25 300
204.57 300
340.58 400
185.64 200
141.11 200
168.49 200
311.80 400
313.61 400
245.12 300
204.47 300
401.02 500
289.86 300
189.42 200
184.17 200
340.21 400
229.08 300
22.11 100
316.90 400
333.75 400
191.20 200
183.32 200
354.78 400
237.57 300
175.30 200
326.25 400
205.38 300
186.93 200
296.57 300
175.79 200
196.31 200
328.37 400
206.81 300
184.66 200
318.01 400
211.16 300
195.95 200
203.14 300
397.59 400
228.08 300
325.64 400
237.85 300
217.32 300
347.10 400
242.56 300
203.79 300
420.33 500
213.26 300
367.36 400
188.43 200
171.98 200
210.46 300
357.73 400
211.47 300
236.51 300
219.98 300
360.55 400
217.15 300
189.02 200
332.59 400
223.34 300
247.95 300
334.79 400
169.61 200
208.96 300
324.98 400
208.51 300
320.98 400
396.95 400
312.78 400
339.44 400
231.78 300
188.87 200
201.81 300
217.09 300
290.92 300
262.46 300
255.59 300
257.54 300
306.51 400
387.87 400
271.41 300
419.78 500
293.92 300
448.78 500
327.69 400
442.64 500
401.42 500
452.22 500
424.41 500
556.39 600
20800.40 20900
24344.64 24400
24813.42 24900
27004.46 27100
26480.48 26500
26250.64 26300
26565.45 26600
26883.50 26900
26217.56 26300
26792.94 26800
25932.39 26000
17478.59 17500
22974.63 23000
31686.08 31700
34045.36 34100
34894.06 34900
34679.73 34700
33159.67 33200
33976.41 34000
34128.47 34200
34937.63 35000
32887.81 32900
4797.66 4800
16650.23 16700
17835.51 17900
16443.37 16500
17560.57 17600
17678.54 17700
19141.83 19200
19617.62 19700
19940.33 20000
18119.66 18200
19834.83 19900
22078.82 22100
21632.39 21700
21964.01 22000
19039.71 19100
21806.22 21900
21553.43 21600
21601.42 21700
22064.51 22100
21782.71 21800
20135.48 20200
2047.95 2100
6321.16 6400
9170.68 9200
8640.66 8700
10226.26 10300
10397.95 10400
14074.84 14100
11390.16 11400
13913.68 14000
13425.81 13500
11237.59 11300
14489.25 14500
12762.55 12800
9985.78 10000
15556.52 15600
16913.83 17000
18577.49 18600
18368.73 18400
18672.58 18700
20592.01 20600
17512.33 17600
18237.23 18300
18197.83 18200
18320.07 18400
7488.99 7500
13143.38 13200
11888.89 11900
14307.05 14400
13333.59 13400
12988.36 13000
11693.61 11700
14260.77 14300
13487.74 13500
12584.84 12600
1705.20 1800
2274.49 2300
4168.65 4200
4314.08 4400
4400.26 4500
6422.89 6500
6143.51 6200
3763.42 3800
3890.96 3900
710.11 800
860.34 900
989.45 1000
1148.79 1200
1427.55 1500
2310.18 2400
2298.12 2300
3134.49 3200
2308.14 2400
2819.60 2900
519.92 600
338.17 400
362.48 400
785.16 800
652.78 700
707.06 800
412.27 500
595.70 600
380.90 400
549.32 600
413.96 500
457.38 500
608.62 700
493.54 500
421.66 500
793.55 800
502.58 600
407.85 500
584.95 600
571.51 600
490.50 500
548.46 600
472.62 500
434.69 500
374.83 400
489.34 500
361.31 400
424.41 500
342.53 400
568.27 600
347.33 400
429.62 500
582.28 600
518.55 600
317.97 400
320.92 400
348.91 400
383.16 400
369.44 400
378.47 400
342.69 400
321.95 400
399.89 400
508.85 600
355.10 400
403.95 500
356.86 400
310.21 400
390.94 400
346.14 400
387.65 400
315.42 400
324.02 400
340.43 400
477.52 500
375.07 400
307.20 400
297.95 300
383.95 400
510.61 600
435.51 500
404.66 500
290.66 300
353.34 400
315.06 400
307.43 400
283.78 300
344.64 400
312.46 400
292.39 300
327.34 400
311.24 400
253.77 300
379.02 400
299.37 300
237.26 300
354.87 400
335.24 400
298.06 300
311.59 400
400.97 500
433.97 500
308.41 400
300.97 400
347.02 400
318.13 400
309.88 400
304.57 400
320.59 400
309.81 400
297.86 300
324.23 400
329.36 400
308.85 400
306.02 400
358.66 400
316.92 400
301.53 400
286.19 300
325.37 400
301.71 400
339.10 400
384.40 400
363.29 400
353.33 400
355.72 400
346.17 400
331.64 400
423.53 500
368.76 400
357.95 400
334.36 400
300.45 400
324.60 400
315.89 400
310.22 400
433.03 500
450.84 500
426.98 500
385.73 400
413.75 500
420.03 500
385.94 400
384.33 400
386.60 400
385.92 400
440.98 500
350.72 400
454.47 500
442.79 500
447.66 500
418.51 500
24705.36 24800
26340.59 26400
26747.67 26800
28522.14 28600
25829.68 25900
26928.05 27000
28273.08 28300
26170.71 26200
32017.17 32100
32429.80 32500
33511.74 33600
33864.86 33900
32916.86 33000
34637.34 34700
33930.64 34000
33865.98 33900
17585.45 17600
18831.55 18900
18433.94 18500
17941.30 18000
18792.05 18800
18631.13 18700
19336.10 19400
17330.78 17400
18261.65 18300
5161.85 5200
17657.29 17700
16842.36 16900
20239.93 20300
21754.88 21800
21295.45 21300
19183.57 19200
21945.40 22000
22319.73 22400
22089.28 22100
12946.06 13000
13545.32 13600
12144.69 12200
12478.31 12500
12478.33 12500
13250.34 13300
11446.83 11500
12078.14 12100
6081.44 6100
6930.77 7000
14065.46 14100
14981.83 15000
19644.08 19700
19210.73 19300
20310.33 20400
17671.45 17700
19258.89 19300
18328.01 18400
1665.39 1700
5078.88 5100
9747.90 9800
14127.89 14200
13503.10 13600
12993.01 13000
13711.04 13800
14332.82 14400
14457.00 14500
2906.61 3000
3143.95 3200
3663.71 3700
4272.78 4300
4853.15 4900
5402.35 5500
5373.09 5400
4413.20 4500
3879.72 3900
4920.77 5000
678.60 700
1023.48 1100
1115.74 1200
788.18 800
948.23 1000
592.93 600
1101.42 1200
654.46 700
1199.05 1200
1177.94 1200
787.23 800
771.29 800
1007.16 1100
1071.89 1100
1716.77 1800
1520.07 1600
1597.36 1600
2324.28 2400
2685.36 2700
3010.70 3100
2994.70 3000
1756.28 1800
3049.50 3100
2112.39 2200
452.53 500
406.48 500
511.64 600
478.55 500
367.26 400
481.05 500
463.92 500
430.11 500
456.83 500
578.16 600
607.81 700
504.97 600
446.93 500
374.76 400
363.92 400
357.50 400
334.45 400
337.55 400
503.86 600
355.64 400
340.69 400
363.34 400
330.53 400
336.86 400
480.62 500
337.31 400
402.67 500
325.97 400
375.60 400
315.93 400
304.21 400
326.79 400
353.07 400
286.27 300
324.18 400
350.05 400
312.38 400
342.24 400
302.05 400
358.00 400
288.31 300
354.59 400
325.35 400
316.10 400
272.14 300
346.68 400
333.66 400
271.17 300
336.29 400
284.02 300
396.22 400
353.92 400
354.58 400
309.20 400
404.27 500
311.11 400
259.37 300
301.37 400
318.19 400
334.27 400
327.73 400
318.30 400
358.62 400
338.20 400
350.83 400
344.78 400
411.51 500
310.58 400
395.11 400
328.85 400
441.67 500
344.17 400
375.24 400
379.17 400
418.67 500
481.63 500
383.24 400
459.04 500
477.05 500
20974.02 21000
26203.79 26300
26532.74 26600
26404.52 26500
27208.32 27300
27272.61 27300
28755.44 28800
25989.04 26000
26311.47 26400
18533.67 18600
20707.84 20800
24906.93 25000
34923.19 35000
35080.80 35100
34776.01 34800
33337.02 33400
34965.79 35000
32796.65 32800
13345.29 13400
15128.35 15200
17304.79 17400
18754.01 18800
18398.00 18400
17337.03 17400
17263.27 17300
14519.88 14600
19174.34 19200
18869.74 18900
21404.63 21500
20874.38 20900
19824.75 19900
21934.97 22000
20090.64 20100
21274.45 21300
3790.77 3800
6741.07 6800
8603.61 8700
10166.75 10200
10826.81 10900
13606.67 13700
11308.99 11400
12482.50 12500
11719.48 11800
13331.92 13400
4479.45 4500
10922.02 11000
15085.62 15100
17933.78 18000
18758.93 18800
17343.12 17400
18467.75 18500
19516.21 19600
18680.27 18700
18094.56 18100
2710.54 2800
6912.34 7000
10782.82 10800
12431.54 12500
12082.89 12100
13787.41 13800
13483.30 13500
14439.27 14500
12974.66 13000
12120.65 12200
928.01 1000
1164.03 1200
2196.01 2200
1811.57 1900
1451.73 1500
2635.11 2700
4068.48 4100
4326.09 4400
4771.20 4800
4679.17 4700
4472.50 4500
4012.71 4100
880.73 900
1190.85 1200
1137.04 1200
903.57 1000
1750.04 1800
3106.75 3200
3057.52 3100
2889.64 2900
635.72 700
791.93 800
676.69 700
757.68 800
558.72 600
634.64 700
508.11 600
10162.87 10200
16196.21 16200
22952.42 23000
24990.10 25000
25500.88 25600
25250.56 25300
26638.19 26700
28475.50 28500
26867.95 26900
21490.33 21500
28108.74 28200
31319.66 31400
32192.87 32200
33941.77 34000
33979.89 34000
34023.59 34100
34135.44 34200
33633.54 33700
33102.95 33200
10880.72 10900
18119.09 18200
17913.71 18000
21136.48 21200
18684.46 18700
17958.91 18000
21541.00 21600
18150.31 18200
18083.69 18100
8011.80 8100
18832.96 18900
19582.16 19600
19723.69 19800
20895.12 20900
22298.03 22300
19532.68 19600
21629.45 21700
20316.73 20400
22565.79 22600
2738.24 2800
3078.47 3100
9902.62 10000
11377.29 11400
12358.39 12400
13773.65 13800
11186.00 11200
13506.21 13600
11751.83 11800
12269.30 12300
12007.09 12100
6062.40 6100
10387.78 10400
11728.56 11800
16436.80 16500
17967.40 18000
20611.11 20700
18374.25 18400
19557.29 19600
19267.60 19300
18700.71 18800
1417.69 1500
3903.64 4000
7952.11 8000
10010.93 10100
13579.82 13600
15998.19 16000
12323.75 12400
15301.46 15400
12225.45 12300
1504.22 1600
1909.72 2000
2103.66 2200
2531.95 2600
3496.91 3500
5293.20 5300
5585.71 5600
5199.85 5200
4486.59 4500
1674.23 1700
3614.16 3700
1962.82 2000
327.76 400
396.49 400
386.72 400
240.73 300
201.52 300
244.85 300
244.56 300
311.24 400
317.44 400
246.03 300
218.23 300
229.86 300
234.49 300
338.05 400
205.99 300
230.73 300
232.27 300
209.12 300
244.88 300
210.33 300
254.52 300
240.00 300
239.20 300
265.33 300
332.06 400
234.22 300
185.81 200
199.02 200
193.43 200
183.54 200
233.24 300
172.91 200
194.44 200
222.61 300
201.30 300
166.45 200
201.66 300
169.82 200
183.45 200
176.08 200
180.43 200
230.09 300
230.72 300
219.61 300
219.23 300
188.70 200
195.41 200
186.77 200
223.39 300
204.00 300
208.33 300
165.15 200
204.40 300
198.23 200
242.13 300
168.84 200
191.85 200
170.86 200
176.98 200
225.66 300
155.13 200
165.07 200
155.36 200
212.06 300
189.77 200
186.72 200
167.32 200
204.82 300
185.33 200
179.65 200
155.86 200
237.12 300
325.88 400
197.09 200
166.66 200
152.73 200
178.35 200
215.76 300
197.24 200
150.39 200
202.68 300
193.83 200
171.94 200
175.57 200
203.69 300
186.51 200
223.19 300
194.19 200
205.11 300
171.53 200
170.67 200
173.63 200
196.96 200
178.30 200
201.81 300
209.90 300
207.01 300
253.06 300
232.57 300
200.54 300
193.48 200
249.15 300
214.73 300
248.96 300
232.04 300
191.62 200
197.64 200
203.93 300
223.04 300
210.43 300
204.73 300
196.12 200
234.00 300
225.84 300
249.23 300
254.88 300
221.10 300
224.41 300
250.69 300
225.13 300
391.38 400
303.36 400
25190.62 25200
28258.02 28300
27936.00 28000
27740.84 27800
28167.11 28200
28206.33 28300
27517.15 27600
27505.44 27600
27742.32 27800
31239.82 31300
33209.02 33300
34913.46 35000
33740.39 33800
35035.06 35100
18395.60 18400
19460.66 19500
18865.37 18900
18552.14 18600
18160.49 18200
17724.94 17800
17725.15 17800
8060.92 8100
12134.38 12200
18181.82 18200
17498.15 17500
16992.68 17000
22857.29 22900
22850.49 22900
4550.02 4600
12768.44 12800
12283.08 12300
11156.00 11200
11363.44 11400
11742.88 11800
5966.99 6000
15369.45 15400
15591.65 15600
18040.44 18100
19328.02 19400
17542.59 17600
18726.67 18800
5835.98 5900
9053.99 9100
12060.42 12100
13271.78 13300
11976.72 12000
13014.65 13100
861.51 900
1349.25 1400
1434.96 1500
2054.78 2100
2612.79 2700
1852.09 1900
4626.80 4700
4984.82 5000
4819.30 4900
20234.14 20300
26201.73 26300
26412.09 26500
26697.60 26700
26495.52 26500
27136.10 27200
27901.32 28000
26877.44 26900
26392.88 26400
6383.26 6400
27021.32 27100
28724.89 28800
31391.22 31400
34147.77 34200
34755.20 34800
35435.51 35500
34918.07 35000
33069.06 33100
34437.80 34500
13851.79 13900
17999.15 18000
18270.34 18300
19348.94 19400
19115.60 19200
20448.13 20500
17759.75 17800
18720.65 18800
3524.61 3600
13202.95 13300
22181.61 22200
22246.28 22300
22546.42 22600
21842.44 21900
22388.83 22400
22992.36 23000
21180.31 21200
20828.06 20900
2448.02 2500
4002.28 4100
7879.23 7900
11524.66 11600
13186.77 13200
12466.68 12500
12511.93 12600
12248.92 12300
14341.34 14400
14438.37 14500
13369.58 13400
18292.64 18300
19778.61 19800
19104.79 19200
19035.06 19100
18863.52 18900
20236.36 20300
20116.72 20200
17740.35 17800
19715.13 19800
18041.48 18100
2914.96 3000
4114.65 4200
9821.25 9900
12242.51 12300
13652.21 13700
12042.20 12100
14284.53 14300
12882.16 12900
14289.36 14300
15073.34 15100
15365.91 15400
13302.75 13400
3248.16 3300
3589.05 3600
5053.75 5100
5128.37 5200
3604.80 3700
4249.39 4300
637.44 700
770.23 800
1037.99 1100
1619.94 1700
1415.76 1500
2371.96 2400
3647.94 3700
2811.66 2900
3098.34 3100
561.83 600
695.01 700
537.92 600
677.86 700
814.47 900
833.51 900
587.36 600
627.43 700
346.31 400
847.22 900
272.24 300
581.03 600
272.01 300
200.02 300
238.77 300
279.54 300
362.59 400
279.64 300
223.58 300
220.89 300
244.55 300
234.35 300
491.75 500
259.53 300
220.40 300
182.73 200
270.29 300
303.89 400
192.64 200
193.76 200
254.12 300
188.27 200
210.00 300
234.18 300
202.46 300
146.95 200
199.03 200
225.61 300
181.16 200
177.58 200
163.87 200
256.06 300
245.12 300
224.86 300
432.66 500
237.96 300
204.19 300
276.37 300
379.56 400
246.12 300
414.70 500
310.14 400
373.30 400
244.96 300
176.15 200
212.03 300
194.28 200
180.00 200
223.42 300
251.83 300
187.27 200
181.87 200
182.17 200
182.20 200
182.10 200
206.27 300
182.75 200
198.83 200
172.67 200
227.46 300
176.10 200
183.89 200
185.07 200
229.24 300
189.73 200
207.44 300
212.34 300
212.56 300
364.24 400
225.67 300
338.36 400
189.27 200
200.69 300
184.64 200
339.40 400
216.46 300
218.66 300
343.13 400
204.40 300
287.69 300
170.84 200
305.89 400
218.79 300
352.07 400
226.76 300
337.80 400
333.34 400
227.75 300
271.26 300
427.06 500
244.91 300
249.44 300
397.91 400
279.50 300
394.20 400
271.47 300
250.12 300
414.50 500
270.56 300
341.13 400
317.37 400
399.70 400
451.75 500
310.45 400
326.03 400
472.49 500
449.20 500
603.78 700
616.55 700
455.14 500
509.59 600
459.41 500
519.20 600
436.86 500
544.24 600
414.88 500
433.12 500
539.10 600
454.45 500
468.61 500
430.16 500
497.06 500
451.02 500
490.71 500
494.12 500
466.08 500
9803.07 9900
13220.83 13300
18921.25 19000
26556.52 26600
26233.78 26300
27155.48 27200
28316.85 28400
26368.74 26400
27485.74 27500
22709.70 22800
25038.09 25100
31339.82 31400
32300.47 32400
34605.15 34700
33282.75 33300
32897.94 32900
32755.69 32800
11956.76 12000
13223.90 13300
16810.07 16900
18285.75 18300
17451.69 17500
17023.26 17100
18443.85 18500
13375.95 13400
21291.77 21300
22040.05 22100
21037.71 21100
20563.17 20600
20808.47 20900
21619.66 21700
20487.85 20500
3178.52 3200
6660.55 6700
8055.56 8100
11084.74 11100
11684.07 11700
13866.35 13900
12197.65 12200
13502.02 13600
4998.81 5000
9793.40 9800
14831.75 14900
18738.78 18800
17708.30 17800
19330.35 19400
17661.56 17700
18870.65 18900
18948.24 19000
2945.50 3000
5539.60 5600
10321.04 10400
12700.73 12800
14175.98 14200
13735.49 13800
15029.13 15100
11581.15 11600
5316.90 5400
4959.03 5000
555.32 600
608.53 700
1005.17 1100
482.80 500
627.33 700
1094.74 1100
1275.06 1300
1500.61 1600
2480.14 2500
3017.60 3100
2384.17 2400
405.56 500
394.46 400
328.70 400
465.38 500
366.50 400
419.08 500
340.31 400
379.13 400
468.28 500
367.65 400
379.49 400
3568.83 3600
16443.23 16500
26449.73 26500
27144.70 27200
27248.03 27300
28012.51 28100
26888.24 26900
28421.01 28500
27563.88 27600
19680.58 19700
31506.38 31600
33850.62 33900
34635.19 34700
35507.21 35600
34545.32 34600
37179.82 37200
32962.98 33000
35341.50 35400
4444.78 4500
13631.91 13700
19284.99 19300
20462.00 20500
19965.47 20000
19981.20 20000
19990.12 20000
19155.21 19200
18302.78 18400
17234.83 17300
17964.35 18000
18838.55 18900
21206.91 21300
21882.23 21900
21285.94 21300
19493.81 19500
23201.01 23300
21267.68 21300
2313.14 2400
12057.31 12100
14237.97 14300
14866.39 14900
11179.06 11200
12219.44 12300
12485.68 12500
13894.39 13900
11800.36 11900
7224.61 7300
7768.49 7800
17251.67 17300
17431.98 17500
20175.40 20200
19144.50 19200
17909.34 18000
17701.40 17800
21561.36 21600
5841.26 5900
8344.39 8400
12324.50 12400
12948.14 13000
12132.31 12200
13272.46 13300
13828.22 13900
12181.81 12200
1732.64 1800
1725.68 1800
2176.19 2200
3041.77 3100
3625.09 3700
5192.48 5200
5293.67 5300
4684.88 4700
4579.91 4600
4987.49 5000
1205.15 1300
1307.95 1400
1753.78 1800
2539.41 2600
3342.99 3400
2046.44 2100
2630.78 2700
583.12 600
550.49 600
516.83 600
322.40 400
401.92 500
414.12 500
417.05 500
650.67 700
368.55 400
627.09 700
398.09 400
344.83 400
639.74 700
400.31 500
359.16 400
862.01 900
323.54 400
453.32 500
701.21 800
346.82 400
575.66 600
496.45 500
793.32 800
516.39 600
290.61 300
416.12 500
301.80 400
261.83 300
261.46 300
192.07 200
212.77 300
243.40 300
225.84 300
244.58 300
262.31 300
295.01 300
378.14 400
393.42 400
252.74 300
244.13 300
189.12 200
197.17 200
194.19 200
182.59 200
163.40 200
211.90 300
168.04 200
211.71 300
237.75 300
164.86 200
244.69 300
181.50 200
173.49 200
197.01 200
181.83 200
291.79 300
145.14 200
171.92 200
244.13 300
178.00 200
224.56 300
196.89 200
194.46 200
194.08 200
174.62 200
194.95 200
175.88 200
205.80 300
222.62 300
154.05 200
201.55 300
186.37 200
231.40 300
187.76 200
201.34 300
220.48 300
200.10 300
206.47 300
192.14 200
160.74 200
241.82 300
226.14 300
227.29 300
246.24 300
235.12 300
435.50 500
219.93 300
216.54 300
219.81 300
197.92 200
174.60 200
209.94 300
196.93 200
253.54 300
239.26 300
204.23 300
214.64 300
215.83 300
223.07 300
277.54 300
283.88 300
309.85 400
326.30 400
335.11 400
506.28 600
538.11 600
467.30 500
517.54 600
725.41 800
682.69 700
679.01 700
670.55 700
538.89 600
10294.79 10300
10435.07 10500
26570.31 26600
27620.50 27700
27796.94 27800
26789.92 26800
34150.82 34200
35229.58 35300
34208.87 34300
35213.17 35300
33070.87 33100
4491.40 4500
12952.61 13000
18598.25 18600
19333.01 19400
18957.10 19000
17264.65 17300
17758.86 17800
21784.42 21800
21449.65 21500
22920.16 23000
21015.94 21100
3975.21 4000
5058.15 5100
12602.81 12700
12623.71 12700
14261.16 14300
13115.40 13200
11695.92 11700
9814.48 9900
11278.29 11300
17248.56 17300
18658.04 18700
19572.68 19600
12503.45 12600
13879.82 13900
14645.34 14700
1615.57 1700
2469.74 2500
3545.96 3600
5694.41 5700
4159.26 4200
4982.36 5000
1166.20 1200
1443.19 1500
1153.20 1200
1589.18 1600
1934.74 2000
2971.07 3000
559.54 600
514.62 600
439.41 500
579.78 600
618.87 700
10256.57 10300
15051.19 15100
22616.27 22700
27485.42 27500
27363.38 27400
26431.49 26500
28396.43 28400
31637.46 31700
32323.80 32400
34960.80 35000
32773.91 32800
17179.86 17200
17757.08 17800
18532.58 18600
17899.69 17900
7404.32 7500
21586.24 21600
20290.95 20300
21861.52 21900
22331.81 22400
4822.86 4900
6313.03 6400
10630.28 10700
11901.48 12000
13958.08 14000
12811.69 12900
9853.30 9900
15972.70 16000
16497.85 16500
20296.45 20300
12534.43 12600
15520.53 15600
12057.83 12100
1360.74 1400
2644.37 2700
3371.67 3400
3811.64 3900
4481.66 4500
3759.19 3800
979.85 1000
2119.98 2200
3220.20 3300
2127.45 2200
430.30 500
386.65 400
441.16 500
418.44 500
477.18 500
393.39 400
479.55 500
391.02 400
407.44 500
408.45 500
335.74 400
436.61 500
416.39 500
377.85 400
445.46 500
411.77 500
454.26 500
364.05 400
422.76 500
420.85 500
423.20 500
458.68 500
332.47 400
502.90 600
490.35 500
508.47 600
355.88 400
568.10 600
392.63 400
456.09 500
379.23 400
552.16 600
391.80 400
367.23 400
472.13 500
498.83 500
435.19 500
9235.04 9300
9557.51 9600
17410.40 17500
17679.89 17700
22362.74 22400
24405.95 24500
27781.54 27800
28582.08 28600
26009.54 26100
27432.77 27500
26034.11 26100
26925.78 27000
27523.42 27600
26417.87 26500
26277.15 26300
2539.51 2600
12180.83 12200
27315.22 27400
32201.51 32300
32342.40 32400
33233.23 33300
33479.13 33500
33849.13 33900
35941.34 36000
33481.85 33500
33170.16 33200
34116.01 34200
33457.10 33500
33706.46 33800
4527.94 4600
6815.01 6900
13238.07 13300
19272.70 19300
18959.74 19000
19656.21 19700
17696.31 17700
17827.61 17900
16831.90 16900
18581.30 18600
18838.98 18900
19196.55 19200
17858.53 17900
15855.55 15900
20397.73 20400
20906.22 21000
20430.18 20500
20754.70 20800
21995.48 22000
22390.94 22400
20617.53 20700
22917.72 23000
22266.69 22300
20928.48 21000
21038.88 21100
20060.32 20100
3062.02 3100
2828.75 2900
7625.23 7700
12094.20 12100
13059.41 13100
13796.35 13800
13945.09 14000
13198.43 13200
11558.82 11600
12060.62 12100
11832.25 11900
13961.30 14000
12577.31 12600
13155.26 13200
9821.24 9900
13582.11 13600
14779.64 14800
17883.18 17900
18278.68 18300
18552.11 18600
20180.48 20200
19781.18 19800
19782.28 19800
20113.19 20200
17791.92 17800
19413.17 19500
17994.09 18000
3789.26 3800
4346.65 4400
7198.33 7200
11565.94 11600
10919.45 11000
13835.85 13900
14710.94 14800
13502.91 13600
13671.34 13700
13350.20 13400
12430.94 12500
12486.78 12500
12864.91 12900
982.04 1000
2152.53 2200
1764.69 1800
2352.52 2400
3496.72 3500
3659.94 3700
3716.14 3800
4179.77 4200
4491.83 4500
5196.70 5200
4922.33 5000
4776.85 4800
4527.52 4600
850.74 900
1402.62 1500
1441.86 1500
1340.93 1400
1562.80 1600
2196.80 2200
2569.51 2600
2649.47 2700
3114.51 3200
24526.38 24600
28149.51 28200
26941.23 27000
28149.20 28200
27390.98 27400
26870.58 26900
27115.83 27200
21919.17 22000
34542.29 34600
34511.55 34600
34235.54 34300
34986.38 35000
34400.15 34500
34191.30 34200
34414.33 34500
5281.18 5300
18172.31 18200
18479.95 18500
19572.57 19600
19252.07 19300
19184.37 19200
19620.72 19700
19074.72 19100
17723.01 17800
20356.85 20400
20719.80 20800
21101.86 21200
21526.99 21600
21134.30 21200
22738.03 22800
20222.65 20300
7871.87 7900
10081.51 10100
11080.74 11100
13682.54 13700
12446.35 12500
12001.20 12100
12636.15 12700
12208.36 12300
11485.55 11500
4779.34 4800
11167.59 11200
15924.07 16000
16569.48 16600
16556.32 16600
17545.02 17600
18322.15 18400
18207.96 18300
21365.38 21400
3268.45 3300
14571.30 14600
13549.46 13600
11580.02 11600
12184.30 12200
12624.22 12700
11817.85 11900
12245.83 12300
2087.24 2100
2410.51 2500
3752.19 3800
4471.91 4500
4015.44 4100
4601.04 4700
4944.04 5000
4972.18 5000
4293.82 4300
1145.11 1200
1115.34 1200
1007.22 1100
1452.17 1500
1292.82 1300
1757.96 1800
2250.84 2300
2855.93 2900
3513.31 3600
561.00 600
571.77 600
481.37 500
10552.32 10600
21515.64 21600
27470.04 27500
26622.97 26700
27185.88 27200
27559.39 27600
15620.98 15700
15696.66 15700
35784.71 35800
34080.26 34100
34048.42 34100
4858.43 4900
8041.67 8100
19201.99 19300
19203.54 19300
19869.51 19900
23058.97 23100
22747.05 22800
20087.54 20100
20258.69 20300
2424.45 2500
3507.39 3600
7164.37 7200
12614.77 12700
13106.28 13200
13971.36 14000
14733.05 14800
18904.44 19000
19086.99 19100
19331.08 19400
18974.34 19000
18717.73 18800
3258.52 3300
11746.99 11800
14046.16 14100
15214.63 15300
13611.99 13700
15371.21 15400
1950.64 2000
4426.25 4500
5513.57 5600
4393.00 4400
2517.56 2600
2978.25 3000
696.99 700
492.85 500
797.05 800
611.83 700
683.76 700
754.01 800
633.23 700
769.11 800
452.96 500
509.30 600
550.11 600
496.77 500
557.84 600
451.98 500
480.17 500
347.19 400
525.25 600
352.40 400
348.44 400
379.04 400
448.75 500
363.85 400
465.81 500
475.06 500
413.76 500
462.97 500
559.54 600
550.04 600
570.30 600
477.22 500
516.92 600
462.00 500
484.61 500
569.20 600
10145.55 10200
15691.04 15700
19824.63 19900
25843.98 25900
26826.24 26900
26328.73 26400
27304.83 27400
26688.38 26700
20227.90 20300
23584.48 23600
34335.51 34400
34957.95 35000
34525.53 34600
32181.66 32200
32886.65 32900
33542.02 33600
12371.09 12400
15421.10 15500
17060.44 17100
17560.89 17600
18112.54 18200
19189.28 19200
20768.32 20800
19955.49 20000
18564.94 18600
20914.78 21000
23164.32 23200
20703.59 20800
20493.71 20500
22151.35 22200
3630.38 3700
5880.79 5900
8575.81 8600
11164.09 11200
12464.61 12500
12353.18 12400
13081.22 13100
13041.24 13100
13200.68 13300
13521.43 13600
9508.83 9600
20109.70 20200
19058.15 19100
17783.19 17800
19409.60 19500
21010.03 21100
18335.20 18400
20291.48 20300
19697.03 19700
1904.42 2000
7008.92 7100
8419.74 8500
8739.86 8800
9914.91 10000
13091.05 13100
12141.12 12200
12974.19 13000
12792.80 12800
14346.11 14400
1799.48 1800
2524.80 2600
4167.97 4200
3617.28 3700
3493.49 3500
4888.35 4900
3946.88 4000
1517.78 1600
2401.19 2500
556.16 600
482.77 500
545.48 600
467.10 500
575.41 600
540.08 600
10040.48 10100
17926.86 18000
19590.88 19600
24810.37 24900
27979.40 28000
27290.57 27300
27293.46 27300
26678.00 26700
27916.46 28000
25273.84 25300
33572.30 33600
33679.80 33700
34421.71 34500
36404.35 36500
34338.70 34400
33321.19 33400
33803.32 33900
2542.62 2600
9551.52 9600
12943.82 13000
17520.10 17600
17485.47 17500
18848.40 18900
19146.06 19200
19125.59 19200
17343.70 17400
12678.04 12700
22050.82 22100
20853.56 20900
21257.43 21300
23164.38 23200
22495.87 22500
20688.54 20700
20616.08 20700
4766.69 4800
10950.91 11000
11279.01 11300
12009.59 12100
13335.07 13400
14290.66 14300
12877.61 12900
12836.63 12900
18131.60 18200
19118.90 19200
17347.68 17400
17707.15 17800
21319.51 21400
20036.88 20100
19975.57 20000
17713.80 17800
4375.00 4400
9573.58 9600
11297.14 11300
11375.15 11400
13110.64 13200
13793.80 13800
13997.20 14000
12216.98 12300
13994.16 14000
2651.66 2700
5522.65 5600
4282.01 4300
4914.20 5000
4739.12 4800
5203.86 5300
1335.33 1400
1955.99 2000
1974.42 2000
2731.98 2800
2334.46 2400
2832.57 2900
2942.33 3000
18029.14 18100
25570.31 25600
26127.32 26200
26368.77 26400
27621.75 27700
26946.07 27000
27479.87 27500
27825.60 27900
25941.31 26000
27652.10 27700
27425.73 27500
26738.95 26800
28792.01 28800
25931.22 26000
28813.29 28900
9628.37 9700
22389.11 22400
24766.20 24800
25657.50 25700
29167.27 29200
32911.82 33000
31157.85 31200
35268.71 35300
32389.89 32400
34762.99 34800
34264.75 34300
34433.54 34500
34726.37 34800
34980.91 35000
32693.48 32700
32589.70 32600
13174.74 13200
16580.82 16600
17189.38 17200
17690.28 17700
17986.43 18000
19267.84 19300
20460.22 20500
18347.08 18400
20029.79 20100
18554.04 18600
18385.48 18400
17040.02 17100
17461.40 17500
18170.82 18200
6728.11 6800
13566.99 13600
19221.10 19300
19282.41 19300
20545.38 20600
21111.43 21200
23024.59 23100
23455.92 23500
20856.73 20900
21651.72 21700
21065.87 21100
20483.74 20500
21664.20 21700
23422.25 23500
20207.77 20300
20429.89 20500
2923.76 3000
3541.24 3600
10300.84 10400
11154.83 11200
11983.99 12000
12084.87 12100
12051.59 12100
12305.60 12400
12395.32 12400
13641.77 13700
11629.13 11700
13467.30 13500
11601.49 11700
13585.29 13600
12789.83 12800
14755.50 14800
9905.04 10000
11961.39 12000
12226.97 12300
13066.75 13100
15300.67 15400
16623.59 16700
17941.49 18000
17490.26 17500
17636.57 17700
18259.03 18300
18172.71 18200
20031.95 20100
18905.07 19000
17641.23 17700
19642.31 19700
6089.52 6100
9639.53 9700
11327.99 11400
13103.00 13200
13865.51 13900
14646.73 14700
12465.42 12500
13513.42 13600
14948.13 15000
13087.43 13100
13026.99 13100
12187.46 12200
1580.59 1600
2100.63 2200
2759.22 2800
3785.29 3800
3649.29 3700
4978.22 5000
4488.46 4500
6279.65 6300
4628.10 4700
5139.86 5200
4444.09 4500
1445.24 1500
2238.82 2300
2634.74 2700
2375.92 2400
2841.88 2900
2548.44 2600
507.16 600
424.79 500
559.59 600
449.01 500
469.30 500
411.73 500
559.45 600
733.70 800
642.18 700
655.95 700
493.58 500
511.77 600
522.95 600
353.84 400
346.91 400
300.76 400
397.08 400
358.39 400
297.94 300
384.22 400
303.71 400
297.36 300
352.49 400
272.68 300
272.45 300
373.33 400
288.11 300
304.17 400
302.23 400
274.93 300
363.95 400
296.00 300
261.48 300
318.87 400
282.42 300
260.02 300
361.57 400
229.50 300
266.27 300
320.61 400
290.61 300
232.46 300
311.06 400
300.82 400
292.14 300
276.15 300
275.32 300
273.78 300
278.40 300
286.91 300
372.94 400
351.62 400
307.05 400
270.33 300
260.79 300
292.87 300
271.21 300
269.05 300
308.65 400
275.30 300
286.28 300
260.23 300
298.54 300
266.69 300
289.74 300
313.87 400
289.79 300
278.64 300
362.05 400
339.36 400
308.07 400
322.70 400
337.17 400
353.12 400
371.64 400
320.92 400
452.91 500
416.92 500
586.19 600
374.22 400
488.83 500
395.22 400
497.76 500
460.78 500
439.87 500
429.29 500
518.40 600
518.26 600
435.87 500
492.29 500
438.66 500
392.25 400
412.91 500
476.10 500
470.94 500
9477.47 9500
7515.47 7600
25911.03 26000
26698.52 26700
28419.07 28500
26707.45 26800
26412.24 26500
27600.70 27700
16260.15 16300
23468.27 23500
34630.54 34700
33701.16 33800
32395.79 32400
35588.80 35600
33166.27 33200
3033.51 3100
4704.31 4800
13414.97 13500
18186.58 18200
19634.10 19700
19283.25 19300
18668.80 18700
17661.94 17700
8034.10 8100
21941.13 22000
20278.15 20300
22596.14 22600
22961.94 23000
21887.95 21900
19863.51 19900
20294.82 20300
3751.86 3800
7655.75 7700
10851.10 10900
11951.30 12000
12352.13 12400
13276.10 13300
14048.43 14100
14051.79 14100
18088.72 18100
18076.03 18100
19688.54 19700
21242.93 21300
19279.80 19300
18722.25 18800
17848.99 17900
11516.40 11600
11385.47 11400
13000.25 13100
12921.70 13000
14958.33 15000
11095.63 11100
14204.71 14300
1259.50 1300
2623.45 2700
5169.31 5200
4641.35 4700
3799.16 3800
4915.19 5000
938.01 1000
613.38 700
641.19 700
1473.96 1500
601.54 700
815.30 900
1497.97 1500
1040.49 1100
2622.33 2700
2745.19 2800
2725.34 2800
2231.59 2300
2974.34 3000
689.74 700
704.32 800
495.33 500
629.18 700
585.18 600
438.34 500
485.23 500
572.54 600
567.99 600
448.57 500
453.47 500
551.45 600
498.56 500
503.19 600
415.03 500
388.74 400
357.81 400
362.10 400
363.39 400
399.44 400
320.98 400
328.52 400
352.99 400
376.85 400
387.78 400
301.50 400
320.23 400
300.90 400
385.75 400
380.32 400
373.79 400
418.10 500
344.01 400
350.17 400
263.84 300
313.34 400
390.35 400
342.76 400
373.44 400
362.25 400
336.91 400
338.23 400
346.67 400
395.17 400
337.21 400
320.97 400
308.67 400
362.22 400
323.64 400
402.92 500
318.79 400
314.36 400
298.33 300
350.87 400
400.02 500
415.35 500
359.60 400
344.12 400
367.58 400
352.68 400
342.81 400
337.33 400
299.43 300
411.39 500
352.01 400
337.89 400
445.03 500
460.97 500
394.51 400
417.94 500
424.36 500
458.86 500
418.83 500
527.32 600
414.97 500
471.50 500
577.62 600
448.04 500
515.67 600
376.78 400
448.17 500
500.15 600
372.45 400
449.47 500
9780.63 9800
9886.29 9900
12604.14 12700
15417.97 15500
23624.12 23700
25424.52 25500
26394.75 26400
25964.92 26000
29536.27 29600
34329.59 34400
31992.65 32000
34462.96 34500
35826.18 35900
33074.57 33100
34280.82 34300
8348.12 8400
11528.05 11600
15129.82 15200
18023.01 18100
18005.69 18100
17895.40 17900
18147.88 18200
10204.45 10300
16117.17 16200
21106.81 21200
21468.83 21500
20089.73 20100
20418.14 20500
21472.89 21500
2971.81 3000
4600.93 4700
13112.30 13200
12653.52 12700
14062.13 14100
14272.64 14300
14169.92 14200
11366.18 11400
9968.19 10000
14476.33 14500
18780.65 18800
19555.60 19600
18684.48 18700
19377.24 19400
13903.34 14000
11134.39 11200
14591.74 14600
15150.47 15200
12330.64 12400
1962.04 2000
4084.05 4100
5336.31 5400
4302.21 4400
4541.48 4600
3907.70 4000
862.79 900
754.38 800
795.45 800
2253.44 2300
3075.53 3100
3483.04 3500
2675.66 2700
566.74 600
751.57 800
600.94 700
365.03 400
581.86 600
639.67 700
688.13 700
547.41 600
532.83 600
555.52 600
823.68 900
531.40 600
498.20 500
515.82 600
594.92 600
510.21 600
526.44 600
572.58 600
288.70 300
428.18 500
376.93 400
482.79 500
290.80 300
398.86 400
344.21 400
316.04 400
413.43 500
498.46 500
345.32 400
279.73 300
403.64 500
395.47 400
414.58 500
547.29 600
286.52 300
383.10 400
328.95 400
451.35 500
413.55 500
381.83 400
301.64 400
282.70 300
318.94 400
299.62 300
284.13 300
342.43 400
305.59 400
305.94 400
260.17 300
271.17 300
362.86 400
291.05 300
360.00 400
272.02 300
256.83 300
325.68 400
308.73 400
302.03 400
324.57 400
301.53 400
290.35 300
271.00 300
287.61 300
298.46 300
283.57 300
236.51 300
318.68 400
268.05 300
276.02 300
341.70 400
294.66 300
417.60 500
239.59 300
327.58 400
264.38 300
237.09 300
243.21 300
236.27 300
256.76 300
201.14 300
265.85 300
283.49 300
256.87 300
216.55 300
285.18 300
238.20 300
305.06 400
240.64 300
238.12 300
303.50 400
269.34 300
251.58 300
344.63 400
317.55 400
258.86 300
260.86 300
258.98 300
255.44 300
302.14 400
252.95 300
370.86 400
297.05 300
247.57 300
333.99 400
216.29 300
308.89 400
275.97 300
265.19 300
263.42 300
291.05 300
257.65 300
278.91 300
260.95 300
318.01 400
303.41 400
277.05 300
289.73 300
271.13 300
302.13 400
258.56 300
264.73 300
271.13 300
320.71 400
276.94 300
288.39 300
312.79 400
249.12 300
270.36 300
286.09 300
273.38 300
298.01 300
269.00 300
283.45 300
329.44 400
280.08 300
240.51 300
279.68 300
259.54 300
337.58 400
326.60 400
335.34 400
330.17 400
312.51 400
336.19 400
379.00 400
351.35 400
366.03 400
364.95 400
337.41 400
329.25 400
360.88 400
338.13 400
353.43 400
345.59 400
383.80 400
426.45 500
414.13 500
417.10 500
364.25 400
406.01 500
349.39 400
392.20 400
462.21 500
462.43 500
24652.38 24700
27740.03 27800
26786.40 26800
28584.02 28600
27395.88 27400
27423.26 27500
26491.19 26500
26020.94 26100
27319.24 27400
25797.91 25800
26331.89 26400
27352.33 27400
12332.22 12400
22222.34 22300
29224.37 29300
31295.92 31300
32775.67 32800
34661.86 34700
34941.46 35000
35537.66 35600
34872.59 34900
34191.89 34200
33718.28 33800
32886.53 32900
3899.83 3900
15098.84 15100
16279.91 16300
17399.71 17400
19658.10 19700
19654.60 19700
19395.94 19400
20365.56 20400
17327.97 17400
18396.12 18400
17996.86 18000
8614.94 8700
12407.40 12500
19615.64 19700
19856.24 19900
20131.12 20200
19317.99 19400
20412.69 20500
20746.72 20800
18978.39 19000
19844.94 19900
21742.81 21800
21983.11 22000
3575.52 3600
9797.38 9800
13144.65 13200
11894.61 11900
12466.40 12500
13385.15 13400
12923.42 13000
13218.26 13300
11905.99 12000
13125.58 13200
12348.47 12400
3280.99 3300
6376.45 6400
16264.33 16300
15519.66 15600
19361.35 19400
20038.01 20100
20488.37 20500
18869.88 18900
18179.17 18200
17489.19 17500
18604.72 18700
20108.97 20200
20318.18 20400
1269.51 1300
3935.86 4000
7140.06 7200
9636.99 9700
10090.48 10100
11792.09 11800
13866.82 13900
14501.53 14600
14801.01 14900
13548.03 13600
13490.29 13500
13397.11 13400
11989.10 12000
1346.47 1400
2552.88 2600
3722.10 3800
4477.67 4500
5168.31 5200
5833.68 5900
4738.77 4800
4534.18 4600
4000.93 4100
5515.60 5600
1016.66 1100
1097.53 1100
1197.80 1200
1311.16 1400
1509.49 1600
1949.65 2000
2987.47 3000
2436.96 2500
2927.35 3000
2741.44 2800
3450.64 3500
2632.74 2700
514.45 600
499.95 500
673.84 700
487.50 500
685.20 700
483.21 500
523.15 600
431.55 500
611.70 700
692.12 700
503.06 600
375.34 400
489.67 500
628.17 700
413.77 500
495.08 500
434.91 500
449.28 500
568.26 600
436.06 500
471.21 500
517.26 600
456.96 500
487.17 500
462.08 500
506.11 600
554.72 600
416.45 500
9098.07 9100
17459.96 17500
20392.43 20400
25103.34 25200
27233.81 27300
27676.12 27700
27428.17 27500
27431.07 27500
33881.92 33900
34711.97 34800
34150.74 34200
34431.11 34500
33063.85 33100
34974.30 35000
33640.28 33700
2062.34 2100
12829.34 12900
15997.46 16000
17614.94 17700
19461.92 19500
18100.24 18200
18048.88 18100
19296.70 19300
21495.19 21500
20808.11 20900
21652.67 21700
21505.06 21600
21068.03 21100
20364.98 20400
21959.80 22000
6397.39 6400
13762.09 13800
14402.84 14500
13861.61 13900
14204.20 14300
12471.99 12500
12485.77 12500
12894.15 12900
7720.06 7800
7910.31 8000
13692.56 13700
16403.83 16500
17398.79 17400
17667.39 17700
19866.62 19900
15054.31 15100
11604.90 11700
12900.64 13000
12762.22 12800
669.84 700
1339.03 1400
1599.51 1600
2292.85 2300
3900.53 4000
5045.66 5100
4320.72 4400
4741.80 4800
4021.11 4100
985.75 1000
1438.64 1500
2170.02 2200
2008.47 2100
392.21 400
397.45 400
357.14 400
404.43 500
346.92 400
443.00 500
256.62 300
459.52 500
426.18 500
522.98 600
337.46 400
239.22 300
438.71 500
537.70 600
444.49 500
446.53 500
450.32 500
424.63 500
442.95 500
473.01 500
403.25 500
437.81 500
407.10 500
483.11 500
533.14 600
411.30 500
453.02 500
483.75 500
484.02 500
441.39 500
9054.45 9100
16239.93 16300
19801.03 19900
21237.29 21300
24140.27 24200
25491.68 25500
27579.23 27600
28285.95 28300
27732.07 27800
27678.90 27700
31459.17 31500
32408.84 32500
33493.84 33500
35264.20 35300
32825.75 32900
34222.55 34300
32819.69 32900
33071.87 33100
33892.97 33900
34949.71 35000
3760.10 3800
7447.11 7500
9693.03 9700
12184.02 12200
18177.71 18200
18622.68 18700
19947.24 20000
18633.00 18700
17887.72 17900
18306.42 18400
17835.46 17900
18795.00 18800
12029.53 12100
12714.50 12800
13973.64 14000
22257.19 22300
22676.81 22700
21410.21 21500
22211.08 22300
22071.45 22100
21163.06 21200
20594.67 20600
1982.26 2000
5024.85 5100
10498.99 10500
10683.10 10700
13762.52 13800
13606.49 13700
14317.12 14400
14512.28 14600
14079.63 14100
15906.28 16000
18064.27 18100
19025.47 19100
19071.86 19100
19993.23 20000
16343.76 16400
18241.45 18300
18695.50 18700
17799.45 17800
17767.10 17800
1366.30 1400
4149.19 4200
6530.57 6600
6052.20 6100
14180.49 14200
14233.78 14300
11454.68 11500
12775.56 12800
12071.52 12100
14216.38 14300
12796.50 12800
14267.61 14300
11960.29 12000
15349.55 15400
1193.52 1200
1573.96 1600
1506.67 1600
2094.15 2100
2708.50 2800
2645.72 2700
3048.52 3100
3547.71 3600
2785.87 2800
4360.51 4400
5001.65 5100
5188.48 5200
4298.19 4300
5663.65 5700
4176.25 4200
5455.70 5500
5033.15 5100
4510.35 4600
5583.39 5600
828.49 900
798.44 800
901.15 1000
1632.17 1700
1939.47 2000
1827.70 1900
2742.07 2800
2069.08 2100
2444.38 2500
2578.16 2600
2551.01 2600
2600.81 2700
2398.98 2400
578.45 600
681.28 700
543.59 600
557.12 600
541.75 600
503.75 600
478.79 500
614.62 700
568.01 600
539.27 600
752.27 800
482.19 500
657.43 700
519.60 600
555.68 600
402.06 500
331.34 400
334.12 400
389.07 400
365.77 400
411.59 500
393.83 400
352.57 400
403.98 500
421.88 500
422.23 500
353.99 400
335.54 400
296.42 300
369.32 400
359.94 400
340.18 400
352.08 400
395.51 400
388.46 400
403.39 500
364.29 400
431.25 500
495.90 500
366.06 400
334.65 400
396.14 400
374.05 400
424.95 500
370.93 400
305.81 400
312.35 400
435.83 500
318.17 400
324.84 400
290.94 300
277.68 300
316.10 400
308.31 400
285.98 300
297.94 300
375.35 400
413.14 500
257.75 300
345.92 400
327.09 400
255.58 300
339.53 400
284.52 300
281.46 300
298.06 300
267.25 300
303.20 400
262.37 300
313.49 400
307.81 400
283.99 300
310.55 400
294.64 300
275.91 300
303.85 400
331.37 400
275.40 300
276.28 300
281.53 300
306.38 400
326.56 400
330.15 400
331.74 400
317.97 400
366.14 400
366.99 400
364.46 400
310.84 400
380.96 400
424.52 500
454.68 500
413.06 500
354.22 400
444.12 500
483.92 500
378.47 400
419.11 500
395.40 400
490.68 500
397.58 400
480.74 500
482.46 500
514.44 600
524.82 600
462.38 500
452.32 500
379.26 400
526.82 600
436.19 500
465.24 500
401.44 500
477.28 500
501.42 600
361.93 400
426.23 500
343.44 400
424.88 500
435.50 500
405.59 500
363.33 400
507.19 600
390.11 400
9193.91 9200
9722.35 9800
16865.95 16900
16816.02 16900
24847.62 24900
26191.11 26200
26895.49 26900
27611.35 27700
26051.20 26100
28553.22 28600
30553.70 30600
33444.67 33500
34481.51 34500
35154.56 35200
34577.83 34600
33103.76 33200
33230.79 33300
34786.11 34800
32758.37 32800
4263.59 4300
7103.44 7200
11862.03 11900
12312.38 12400
16416.76 16500
19145.02 19200
19457.80 19500
20192.15 20200
19476.86 19500
17824.76 17900
18001.06 18100
12728.93 12800
21559.91 21600
20848.97 20900
19508.78 19600
20330.06 20400
22005.36 22100
22129.17 22200
24139.78 24200
21030.69 21100
2226.32 2300
12621.46 12700
11344.42 11400
14693.32 14700
13408.61 13500
13420.20 13500
12151.58 12200
14319.35 14400
12448.07 12500
9338.29 9400
15560.93 15600
17852.53 17900
18295.58 18300
18548.76 18600
21367.21 21400
19197.28 19200
18815.08 18900
19227.20 19300
17255.60 17300
10812.05 10900
14312.31 14400
14344.61 14400
13285.16 13300
14370.48 14400
14850.37 14900
13525.80 13600
12950.81 13000
1798.84 1800
2877.37 2900
4004.55 4100
3972.00 4000
4828.24 4900
5964.68 6000
4722.25 4800
3877.34 3900
3841.56 3900
4388.22 4400
807.68 900
1006.81 1100
760.43 800
731.92 800
1379.78 1400
1169.80 1200
1190.42 1200
1489.32 1500
1258.41 1300
1743.03 1800
1591.16 1600
1932.14 2000
1692.95 1700
2655.97 2700
1944.90 2000
2809.22 2900
3208.31 3300
2501.71 2600
2096.09 2100
536.30 600
458.04 500
544.23 600
691.96 700
531.88 600
590.66 600
605.75 700
555.03 600
431.83 500
494.13 500
533.49 600
386.92 400
334.55 400
348.65 400
278.76 300
390.16 400
424.45 500
647.47 700
332.52 400
374.33 400
321.76 400
298.10 300
457.56 500
457.76 500
235.50 300
267.23 300
187.97 200
250.40 300
188.50 200
224.34 300
174.57 200
159.00 200
431.70 500
165.35 200
390.58 400
174.32 200
349.81 400
177.46 200
164.78 200
212.78 300
226.65 300
216.26 300
163.88 200
196.54 200
181.58 200
192.89 200
157.16 200
157.66 200
169.45 200
181.26 200
183.91 200
149.07 200
159.21 200
202.32 300
152.08 200
199.98 200
146.03 200
178.71 200
232.39 300
172.20 200
156.16 200
175.38 200
178.38 200
214.84 300
166.46 200
172.07 200
181.14 200
280.37 300
184.86 200
178.86 200
293.72 300
171.62 200
185.36 200
169.21 200
206.87 300
150.46 200
212.22 300
323.53 400
280.21 300
280.56 300
315.68 400
319.07 400
300.61 400
319.05 400
307.85 400
315.71 400
267.62 300
268.29 300
293.77 300
425.79 500
367.65 400
250.49 300
347.36 400
256.91 300
206.27 300
370.11 400
215.36 300
341.20 400
244.42 300
345.40 400
256.60 300
328.44 400
238.38 300
214.58 300
367.96 400
266.42 300
429.25 500
321.04 400
412.35 500
263.77 300
338.18 400
447.35 500
302.59 400
457.31 500
502.57 600
477.29 500
417.21 500
411.35 500
431.82 500
440.56 500
393.46 400
511.83 600
455.16 500
475.03 500
460.07 500
434.82 500
464.08 500
409.85 500
458.77 500
394.88 400
473.19 500
413.65 500
472.68 500
433.42 500
481.49 500
467.99 500
419.46 500
386.28 400
499.14 500
353.99 400
457.37 500
514.59 600
431.70 500
489.04 500
619.70 700
417.00 500
477.75 500
449.83 500
476.36 500
483.04 500
494.14 500
351.28 400
472.73 500
418.90 500
463.57 500
476.89 500
442.88 500
440.08 500
556.49 600
463.57 500
492.73 500
284.98 300
515.43 600
9615.63 9700
9678.25 9700
9302.00 9400
10097.91 10100
4473.13 4500
10744.22 10800
13664.24 13700
14197.59 14200
25024.67 25100
26592.28 26600
26680.02 26700
27330.41 27400
27249.60 27300
25687.70 25700
25917.85 26000
32548.91 32600
34093.57 34100
33850.44 33900
33463.68 33500
33498.83 33500
32540.74 32600
32343.28 32400
32803.32 32900
32831.06 32900
34795.10 34800
35567.12 35600
32845.04 32900
9450.76 9500
11796.59 11800
12055.57 12100
14675.76 14700
13891.67 13900
17563.53 17600
18300.54 18400
17149.42 17200
18465.21 18500
19506.10 19600
18201.39 18300
17925.70 18000
9790.95 9800
21663.74 21700
21898.76 21900
21571.50 21600
22581.92 22600
19975.98 20000
20504.06 20600
19935.72 20000
24269.93 24300
22041.70 22100
20685.90 20700
21445.28 21500
5640.21 5700
6838.38 6900
8059.43 8100
10266.30 10300
11367.88 11400
12457.32 12500
13818.47 13900
13698.24 13700
12895.89 12900
12472.88 12500
13659.47 13700
13099.67 13100
11371.18 11400
7808.93 7900
12151.12 12200
12696.86 12700
14317.64 14400
16209.65 16300
17018.68 17100
19826.20 19900
16802.28 16900
17562.09 17600
19446.86 19500
18704.61 18800
19509.13 19600
5375.27 5400
7769.19 7800
12451.53 12500
12378.09 12400
14598.40 14600
11575.43 11600
13292.13 13300
12774.46 12800
12880.19 12900
14185.37 14200
1568.40 1600
1850.96 1900
2641.04 2700
3107.44 3200
2894.86 2900
4821.51 4900
5428.59 5500
5437.79 5500
5550.04 5600
3738.05 3800
5140.87 5200
1130.89 1200
1339.68 1400
2167.27 2200
3398.00 3400
2053.61 2100
575.85 600
507.14 600
472.05 500
505.76 600
620.91 700
791.45 800
577.29 600
464.09 500
578.54 600
459.21 500
489.06 500
495.77 500
509.24 600
514.21 600
461.39 500
429.85 500
388.64 400
337.21 400
348.60 400
366.24 400
357.16 400
416.59 500
231.92 300
345.46 400
271.74 300
262.07 300
338.90 400
371.05 400
319.12 400
396.61 400
320.36 400
355.59 400
247.43 300
268.59 300
306.74 400
331.57 400
249.98 300
265.32 300
320.36 400
325.80 400
290.19 300
268.59 300
299.22 300
275.06 300
246.28 300
331.28 400
237.29 300
279.39 300
279.85 300
359.30 400
282.96 300
346.11 400
299.08 300
343.95 400
373.30 400
408.81 500
464.47 500
391.84 400
330.10 400
370.78 400
525.50 600
247.35 300
27177.63 27200
27218.01 27300
26853.56 26900
28102.33 28200
27791.29 27800
26600.06 26700
28174.80 28200
26479.28 26500
27523.66 27600
19402.99 19500
25083.95 25100
26252.03 26300
30877.70 30900
34170.70 34200
33709.89 33800
33603.76 33700
35230.12 35300
33039.65 33100
17494.16 17500
17441.57 17500
17750.27 17800
15633.03 15700
19297.03 19300
17005.82 17100
17975.08 18000
19583.10 19600
7861.27 7900
21371.63 21400
21881.73 21900
22152.04 22200
21427.99 21500
21921.12 22000
23178.24 23200
20033.58 20100
21821.66 21900
4623.81 4700
4986.36 5000
5513.10 5600
13133.68 13200
12237.37 12300
12247.34 12300
12606.16 12700
12425.82 12500
12522.24 12600
13285.03 13300
12565.62 12600
6675.44 6700
11850.94 11900
16634.52 16700
17160.52 17200
19172.99 19200
17689.45 17700
19191.61 19200
20042.27 20100
17328.98 17400
13444.99 13500
14436.04 14500
13257.27 13300
13432.33 13500
12824.21 12900
12229.38 12300
12911.81 13000
1441.22 1500
2415.99 2500
2712.27 2800
3094.00 3100
2979.25 3000
3284.95 3300
3366.31 3400
5029.44 5100
3912.29 4000
3681.55 3700
4776.08 4800
5159.56 5200
4806.29 4900
4390.90 4400
1113.99 1200
1112.12 1200
1099.04 1100
923.78 1000
1182.97 1200
1092.36 1100
1540.35 1600
1864.60 1900
1789.59 1800
1564.38 1600
2111.42 2200
2858.10 2900
3499.17 3500
2730.47 2800
2602.18 2700
2995.26 3000
2346.15 2400
2132.01 2200
474.73 500
695.87 700
710.02 800
390.38 400
746.25 800
551.35 600
709.68 800
659.11 700
604.56 700
638.05 700
659.19 700
732.33 800
464.47 500
579.97 600
287.41 300
759.20 800
334.19 400
646.76 700
555.52 600
416.96 500
623.15 700
655.06 700
648.81 700
730.90 800
384.84 400
456.49 500
525.90 600
461.94 500
511.38 600
419.36 500
469.99 500
512.55 600
405.50 500
494.11 500
425.83 500
439.49 500
449.24 500
291.40 300
378.76 400
501.86 600
447.72 500
463.89 500
496.08 500
380.46 400
430.91 500
376.14 400
432.69 500
320.07 400
484.16 500
400.71 500
376.21 400
671.18 700
306.35 400
364.70 400
351.67 400
374.83 400
367.34 400
364.70 400
391.48 400
299.04 300
427.96 500
299.51 300
337.17 400
336.77 400
476.41 500
470.11 500
418.57 500
361.21 400
291.99 300
340.89 400
331.02 400
361.72 400
285.92 300
326.99 400
292.09 300
339.03 400
310.80 400
364.97 400
324.32 400
310.24 400
300.19 400
348.59 400
315.23 400
332.32 400
382.00 400
293.09 300
307.16 400
307.34 400
321.54 400
299.65 300
314.35 400
383.68 400
327.47 400
330.48 400
307.13 400
344.54 400
303.94 400
300.63 400
306.06 400
309.39 400
299.45 300
337.17 400
342.60 400
329.21 400
312.23 400
360.29 400
349.04 400
313.17 400
329.15 400
335.30 400
337.42 400
327.98 400
345.08 400
322.86 400
329.99 400
111.62 200
406.25 500
425.04 500
384.89 400
371.99 400
387.46 400
416.71 500
388.48 400
391.67 400
405.15 500
543.57 600
396.55 400
364.08 400
455.27 500
499.51 500
433.91 500
476.38 500
464.69 500
487.93 500
523.33 600
514.07 600
407.30 500
380.82 400
379.06 400
428.37 500
383.71 400
9821.42 9900
13175.10 13200
22981.13 23000
26440.61 26500
25552.47 25600
28157.75 28200
28920.25 29000
27529.04 27600
26779.20 26800
28061.14 28100
7721.16 7800
16474.32 16500
31808.53 31900
33482.10 33500
33499.91 33500
34945.03 35000
34689.83 34700
32917.08 33000
34267.83 34300
33678.76 33700
6966.97 7000
7283.41 7300
8089.11 8100
16714.39 16800
16985.84 17000
18252.15 18300
19161.15 19200
18333.98 18400
17968.53 18000
18804.79 18900
6204.48 6300
13442.17 13500
17341.36 17400
18877.12 18900
19044.10 19100
23638.52 23700
19380.56 19400
21612.47 21700
21102.01 21200
20380.73 20400
22039.09 22100
2021.25 2100
3248.42 3300
8525.81 8600
10237.77 10300
13400.48 13500
13266.96 13300
12987.08 13000
13308.54 13400
14088.02 14100
11668.67 11700
6461.56 6500
19410.45 19500
20168.70 20200
18074.45 18100
17097.26 17100
16996.39 17000
17981.98 18000
19651.82 19700
17274.18 17300
18000.86 18100
20061.98 20100
8572.71 8600
11071.69 11100
12907.28 13000
12190.97 12200
13762.03 13800
13511.27 13600
12926.88 13000
14574.88 14600
16290.34 16300
14588.11 14600
3013.05 3100
5290.65 5300
5807.18 5900
6102.07 6200
4891.96 4900
3770.06 3800
1180.95 1200
2362.83 2400
2511.28 2600
3335.28 3400
2703.87 2800
598.51 600
712.73 800
691.45 700
727.04 800
617.84 700
686.55 700
660.93 700
875.60 900
494.27 500
591.55 600
388.58 400
575.89 600
448.30 500
492.55 500
576.66 600
474.85 500
473.05 500
445.86 500
540.83 600
508.02 600
475.72 500
485.57 500
425.68 500
468.04 500
500.84 600
490.89 500
10109.72 10200
17809.78 17900
24239.79 24300
27463.31 27500
28641.87 28700
27114.75 27200
27733.04 27800
25907.93 26000
27955.79 28000
26762.06 26800
31629.35 31700
32517.27 32600
32341.07 32400
32903.38 33000
33936.37 34000
34701.32 34800
34233.42 34300
33198.21 33200
32467.37 32500
14667.93 14700
15079.01 15100
19597.23 19600
19844.81 19900
19666.15 19700
18780.08 18800
18822.15 18900
18280.76 18300
6200.67 6300
14964.90 15000
16820.70 16900
21221.68 21300
21740.31 21800
22011.52 22100
20679.12 20700
20303.36 20400
21470.72 21500
21162.41 21200
3052.54 3100
5558.85 5600
8218.43 8300
11088.63 11100
12889.84 12900
13913.06 14000
12677.26 12700
13153.17 13200
13985.05 14000
9519.32 9600
9850.00 9900
18816.25 18900
16948.04 17000
17462.88 17500
17388.06 17400
19867.20 19900
19396.14 19400
20757.60 20800
2913.09 3000
4026.12 4100
11429.48 11500
12379.39 12400
12909.15 13000
13653.05 13700
14490.42 14500
11276.67 11300
15261.47 15300
12232.05 12300
2069.06 2100
4215.79 4300
5364.46 5400
4523.29 4600
3651.21 3700
4910.17 5000
4318.80 4400
744.48 800
937.18 1000
1075.08 1100
835.77 900
1241.28 1300
1332.70 1400
1481.85 1500
1124.10 1200
1853.31 1900
2461.21 2500
3248.58 3300
2406.74 2500
3267.46 3300
616.88 700
595.47 600
481.81 500
536.98 600
402.19 500
544.07 600
607.53 700
541.31 600
455.89 500
507.18 600
516.20 600
10105.58 10200
13080.58 13100
21229.38 21300
24754.59 24800
25652.76 25700
26531.45 26600
25589.72 25600
34242.34 34300
32540.34 32600
33861.75 33900
34679.99 34700
35353.58 35400
32626.46 32700
4514.20 4600
7742.65 7800
9973.08 10000
17998.00 18000
19067.20 19100
18770.97 18800
19701.43 19800
17403.33 17500
15019.23 15100
16754.56 16800
22543.65 22600
21942.93 22000
20011.82 20100
21385.37 21400
20694.20 20700
11213.97 11300
12306.77 12400
12938.26 13000
13318.79 13400
13510.09 13600
19031.29 19100
19006.79 19100
19587.03 19600
19702.82 19800
17862.29 17900
19108.08 19200
18104.65 18200
1314.77 1400
4217.75 4300
5468.20 5500
8843.83 8900
9744.22 9800
10531.94 10600
14017.24 14100
14257.77 14300
12552.29 12600
13465.38 13500
5053.92 5100
5940.14 6000
4637.47 4700
2176.95 2200
549.77 600
423.26 500
655.26 700
410.84 500
519.94 600
497.75 500
612.89 700
480.72 500
520.97 600
637.76 700
493.70 500
645.00 700
290.33 300
354.83 400
325.38 400
460.75 500
359.97 400
283.71 300
381.77 400
417.22 500
337.43 400
259.30 300
328.46 400
303.02 400
259.83 300
349.21 400
309.59 400
304.00 400
291.85 300
297.66 300
355.06 400
309.65 400
277.25 300
366.22 400
227.72 300
256.63 300
260.56 300
240.36 300
276.64 300
262.73 300
266.23 300
312.58 400
306.60 400
250.68 300
298.03 300
337.64 400
301.39 400
314.81 400
287.50 300
288.00 300
302.82 400
294.09 300
325.80 400
304.71 400
261.12 300
308.76 400
387.89 400
337.16 400
321.59 400
360.51 400
315.71 400
369.70 400
404.33 500
357.83 400
408.91 500
24083.87 24100
24377.32 24400
26885.16 26900
27269.77 27300
27383.07 27400
27956.59 28000
26773.80 26800
28027.00 28100
26321.13 26400
24086.42 24100
30040.00 30100
33173.04 33200
33030.75 33100
32967.29 33000
33375.00 33400
33565.83 33600
36043.79 36100
34702.92 34800
2758.07 2800
3384.80 3400
17196.61 17200
18299.54 18300
18682.02 18700
18707.11 18800
17188.15 17200
18260.46 18300
18738.57 18800
18745.59 18800
15688.57 15700
17578.72 17600
20456.75 20500
22787.18 22800
21045.32 21100
20692.37 20700
21736.95 21800
22225.43 22300
20511.32 20600
2629.23 2700
11604.19 11700
12239.11 12300
14774.77 14800
13648.95 13700
13848.23 13900
11012.84 11100
12062.65 12100
13493.49 13500
16544.52 16600
17238.89 17300
18965.17 19000
18858.76 18900
18026.86 18100
18860.53 18900
19450.19 19500
21309.82 21400
17835.99 17900
7136.90 7200
10505.99 10600
12408.23 12500
12940.17 13000
12982.78 13000
13155.11 13200
12350.89 12400
12072.92 12100
13051.42 13100
12333.75 12400
783.97 800
1002.65 1100
739.20 800
1746.50 1800
1169.23 1200
1004.72 1100
1598.62 1600
1686.61 1700
2424.32 2500
2628.05 2700
2180.32 2200
3040.37 3100
2928.57 3000
4466.18 4500
5304.09 5400
4921.94 5000
5396.14 5400
5466.81 5500
3893.53 3900
4580.16 4600
587.74 600
659.06 700
1100.24 1200
993.20 1000
1937.88 2000
2176.87 2200
2535.80 2600
2660.79 2700
3131.38 3200
3313.41 3400
2699.06 2700
2188.05 2200
293.43 300
376.79 400
365.22 400
243.01 300
360.30 400
411.43 500
323.27 400
341.06 400
547.56 600
328.70 400
292.48 300
337.65 400
327.04 400
333.80 400
311.42 400
254.04 300
19087.91 19100
21494.23 21500
23611.34 23700
26906.45 27000
27076.76 27100
26431.19 26500
25740.65 25800
26750.36 26800
25998.83 26000
26514.05 26600
29835.23 29900
32067.90 32100
34361.80 34400
34820.38 34900
34962.71 35000
32985.97 33000
34122.20 34200
33824.18 33900
32210.62 32300
32325.96 32400
12668.04 12700
13854.91 13900
16875.13 16900
19020.40 19100
18569.32 18600
18298.33 18300
18735.52 18800
17358.33 17400
19288.01 19300
18428.45 18500
17552.76 17600
21273.06 21300
19861.00 19900
22223.98 22300
21900.36 22000
23317.24 23400
20451.29 20500
22260.01 22300
20933.09 21000
22801.48 22900
4646.02 4700
8259.41 8300
9673.41 9700
11942.77 12000
12495.17 12500
13504.88 13600
13143.85 13200
12523.36 12600
13029.41 13100
12570.17 12600
9930.04 10000
18236.19 18300
19462.86 19500
19562.62 19600
19610.43 19700
18419.60 18500
17779.66 17800
21755.06 21800
20437.96 20500
18579.81 18600
3711.15 3800
5424.09 5500
6376.53 6400
9048.02 9100
13667.65 13700
13113.29 13200
13839.73 13900
14020.94 14100
13164.12 13200
14482.01 14500
13897.20 13900
12613.01 12700
1089.23 1100
1435.16 1500
1766.47 1800
2574.56 2600
3124.53 3200
5405.60 5500
4393.25 4400
3562.88 3600
5552.84 5600
4642.02 4700
3676.28 3700
5008.26 5100
1017.89 1100
1072.76 1100
1466.72 1500
1838.78 1900
2277.17 2300
2807.58 2900
2297.39 2300
1638.37 1700
2880.95 2900
2223.05 2300
2400.60 2500
2410.96 2500
555.51 600
473.23 500
453.40 500
422.86 500
656.18 700
781.00 800
697.39 700
333.05 400
518.35 600
282.75 300
341.43 400
612.86 700
484.63 500
346.54 400
631.09 700
443.72 500
507.64 600
368.95 400
328.85 400
388.74 400
312.38 400
295.35 300
320.82 400
379.89 400
241.92 300
206.24 300
477.20 500
363.83 400
449.99 500
358.38 400
390.27 400
300.94 400
308.71 400
309.31 400
378.94 400
543.63 600
399.33 400
305.83 400
469.73 500
315.26 400
274.80 300
329.88 400
275.27 300
309.73 400
305.63 400
310.70 400
455.22 500
307.18 400
292.90 300
286.13 300
292.15 300
293.53 300
266.53 300
326.95 400
285.42 300
297.89 300
302.66 400
242.28 300
289.73 300
316.92 400
342.13 400
267.40 300
351.66 400
367.10 400
349.22 400
344.02 400
375.50 400
361.71 400
356.45 400
336.53 400
465.81 500
560.62 600
497.68 500
482.00 500
553.47 600
489.20 500
449.61 500
421.39 500
548.53 600
488.38 500
9734.83 9800
14059.24 14100
19596.16 19600
21046.18 21100
23188.22 23200
24440.38 24500
26827.17 26900
26677.81 26700
26696.58 26700
26717.04 26800
26378.48 26400
32134.20 32200
33519.22 33600
32692.50 32700
35302.70 35400
33880.72 33900
33497.72 33500
33169.09 33200
32973.40 33000
35411.58 35500
35875.70 35900
6129.98 6200
6700.99 6800
8694.07 8700
16285.26 16300
17507.57 17600
16796.71 16800
18806.21 18900
19089.88 19100
19612.53 19700
17474.21 17500
18478.82 18500
18976.88 19000
19524.96 19600
20515.83 20600
22076.92 22100
21599.33 21600
22504.75 22600
20085.44 20100
21266.41 21300
22007.14 22100
20123.28 20200
22232.67 22300
1722.14 1800
9366.00 9400
11140.26 11200
11346.98 11400
12651.49 12700
14103.45 14200
13825.08 13900
11536.19 11600
11876.31 11900
11603.47 11700
13683.84 13700
4376.17 4400
14973.44 15000
16446.87 16500
17991.01 18000
18700.03 18800
20056.24 20100
18645.13 18700
19509.69 19600
17711.33 17800
17856.25 17900
19644.69 19700
1765.38 1800
13654.63 13700
12325.29 12400
14359.54 14400
14480.07 14500
14135.34 14200
13720.45 13800
13156.31 13200
14934.14 15000
12299.18 12300
1072.78 1100
2172.85 2200
1708.19 1800
2217.38 2300
4498.09 4500
4617.30 4700
5438.03 5500
4416.52 4500
5620.44 5700
5138.54 5200
4211.56 4300
3822.42 3900
741.36 800
1325.41 1400
634.42 700
536.95 600
910.82 1000
720.28 800
1599.60 1600
1245.94 1300
1076.63 1100
1973.64 2000
2178.40 2200
1810.76 1900
3192.14 3200
2912.88 3000
2742.69 2800
2984.46 3000
413.52 500
408.15 500
327.06 400
306.19 400
365.89 400
598.30 600
375.14 400
281.65 300
456.82 500
433.25 500
344.91 400
266.62 300
446.24 500
338.91 400
311.86 400
359.27 400
292.23 300
300.32 400
259.80 300
210.61 300
292.85 300
313.74 400
212.28 300
267.21 300
206.45 300
240.95 300
204.61 300
258.19 300
257.43 300
223.02 300
233.10 300
220.94 300
247.03 300
279.38 300
271.52 300
172.48 200
376.13 400
262.43 300
191.77 200
191.24 200
470.02 500
243.72 300
285.96 300
180.71 200
322.50 400
239.55 300
220.04 300
195.01 200
220.37 300
191.00 200
227.68 300
219.70 300
196.99 200
207.86 300
205.69 300
208.72 300
198.30 200
176.43 200
196.69 200
198.57 200
186.13 200
163.43 200
193.08 200
160.40 200
199.64 200
184.02 200
192.92 200
220.96 300
188.51 200
222.62 300
207.67 300
159.92 200
230.41 300
204.26 300
203.97 300
225.03 300
175.69 200
212.42 300
240.26 300
211.76 300
191.77 200
206.62 300
201.27 300
180.85 200
185.14 200
182.65 200
232.29 300
263.81 300
222.45 300
201.14 300
204.01 300
277.01 300
250.96 300
217.29 300
254.22 300
226.62 300
253.73 300
231.84 300
257.85 300
222.01 300
223.85 300
275.38 300
285.47 300
292.99 300
286.38 300
272.38 300
244.77 300
355.50 400
342.95 400
345.83 400
285.50 300
381.42 400
20392.69 20400
22035.39 22100
27198.52 27200
27016.52 27100
25551.38 25600
25727.17 25800
25732.99 25800
26883.44 26900
27492.69 27500
16098.63 16100
17652.38 17700
28628.47 28700
32344.31 32400
32968.00 33000
34019.84 34100
32308.62 32400
32490.16 32500
32829.42 32900
6911.96 7000
18646.38 18700
18852.23 18900
18087.52 18100
19611.87 19700
17093.71 17100
17822.93 17900
18944.24 19000
10509.49 10600
17503.76 17600
20051.92 20100
18808.67 18900
20637.93 20700
19158.28 19200
21389.00 21400
21894.61 21900
19928.11 20000
7610.24 7700
9154.42 9200
13349.23 13400
13313.22 13400
11123.01 11200
12306.94 12400
13163.39 13200
11286.13 11300
12350.72 12400
15004.94 15100
18853.51 18900
19032.42 19100
20434.89 20500
19369.07 19400
18243.73 18300
17515.05 17600
18152.26 18200
5272.87 5300
5284.65 5300
7393.71 7400
11548.69 11600
13779.28 13800
12913.93 13000
13271.38 13300
14745.50 14800
12903.70 13000
13783.86 13800
1291.07 1300
1305.25 1400
1342.47 1400
2303.61 2400
2526.77 2600
4527.09 4600
5274.96 5300
4930.79 5000
6061.45 6100
4784.04 4800
3576.64 3600
4318.21 4400
623.68 700
702.94 800
717.98 800
821.33 900
1017.53 1100
2143.93 2200
2051.60 2100
3115.85 3200
3279.20 3300
2413.63 2500
1842.09 1900
491.82 500
425.45 500
469.31 500
445.64 500
416.51 500
406.41 500
9732.98 9800
11614.14 11700
25788.40 25800
27006.02 27100
28198.62 28200
28280.02 28300
20166.17 20200
33818.70 33900
34725.42 34800
34426.23 34500
32795.69 32800
11642.94 11700
17916.82 18000
19334.74 19400
18374.24 18400
22174.16 22200
21535.66 21600
21430.73 21500
20350.25 20400
20351.87 20400
4605.43 4700
11128.77 11200
13131.72 13200
14297.06 14300
13731.10 13800
14256.11 14300
16855.15 16900
17766.63 17800
18551.36 18600
19244.97 19300
18858.10 18900
11172.01 11200
13429.86 13500
11696.87 11700
12410.37 12500
13126.53 13200
1444.93 1500
3968.49 4000
5462.92 5500
5115.23 5200
4261.85 4300
2506.93 2600
20748.28 20800
24305.85 24400
25648.28 25700
26580.13 26600
27363.91 27400
27507.12 27600
27849.91 27900
26496.34 26500
26184.05 26200
26385.26 26400
26385.50 26400
19605.17 19700
26723.72 26800
31661.53 31700
35340.52 35400
34022.48 34100
34031.03 34100
33822.67 33900
33149.84 33200
34362.41 34400
33958.56 34000
34243.50 34300
5109.03 5200
17185.15 17200
17934.22 18000
17346.04 17400
19086.83 19100
19898.33 19900
18203.82 18300
19562.48 19600
18785.59 18800
18252.55 18300
17555.53 17600
9929.74 10000
16638.92 16700
18790.17 18800
20335.50 20400
20222.00 20300
21427.70 21500
23006.45 23100
21225.90 21300
19540.91 19600
21071.54 21100
21870.43 21900
10841.66 10900
10735.77 10800
12458.03 12500
12702.60 12800
13059.80 13100
11894.12 11900
13298.48 13300
12292.08 12300
12192.98 12200
12068.51 12100
2063.16 2100
9262.10 9300
10894.81 10900
13364.43 13400
15653.43 15700
17712.69 17800
18490.65 18500
20146.39 20200
19150.63 19200
18530.42 18600
19388.52 19400
7237.16 7300
9573.05 9600
11786.31 11800
13743.01 13800
11152.44 11200
13320.84 13400
12559.33 12600
11530.37 11600
12464.76 12500
12640.88 12700
1266.45 1300
2256.91 2300
1981.34 2000
2555.74 2600
3493.59 3500
3786.51 3800
6055.19 6100
5373.71 5400
5841.21 5900
5560.24 5600
4738.68 4800
1153.15 1200
1812.35 1900
3890.57 3900
2678.89 2700
3238.08 3300
23758.72 23800
27424.68 27500
27224.63 27300
27482.37 27500
28071.85 28100
28577.56 28600
27380.50 27400
30355.33 30400
34078.75 34100
34432.47 34500
36240.13 36300
35469.26 35500
35096.67 35100
36242.56 36300
34185.61 34200
15785.34 15800
17477.02 17500
19164.52 19200
19481.14 19500
16881.56 16900
18644.86 18700
19377.32 19400
18453.34 18500
17207.37 17300
20675.37 20700
21766.74 21800
22136.31 22200
20909.24 21000
23702.33 23800
21617.73 21700
22800.99 22900
2888.53 2900
9637.56 9700
10701.53 10800
11860.62 11900
12079.40 12100
13090.34 13100
12170.20 12200
11315.09 11400
13161.03 13200
5703.41 5800
9195.63 9200
19475.19 19500
20128.68 20200
18101.21 18200
19657.44 19700
19181.15 19200
18917.89 19000
18811.47 18900
3158.40 3200
9293.86 9300
11098.61 11100
11143.99 11200
11310.81 11400
13901.60 14000
14502.34 14600
12374.32 12400
3418.01 3500
4155.27 4200
4148.54 4200
496.53 500
511.48 600
581.69 600
991.60 1000
548.58 600
923.69 1000
1214.73 1300
1155.45 1200
1306.56 1400
1686.50 1700
2479.59 2500
90.54 100
3190.15 3200
2980.30 3000
536.47 600
472.29 500
468.65 500
431.01 500
432.51 500
488.06 500
495.03 500
405.16 500
428.23 500
430.23 500
416.21 500
459.77 500
418.47 500
488.24 500
8964.29 9000
19153.20 19200
26465.97 26500
33535.63 33600
35138.65 35200
5255.87 5300
16543.54 16600
18950.62 19000
20930.61 21000
23589.06 23600
13359.62 13400
13025.37 13100
19284.83 19300
19666.96 19700
6921.83 7000
13642.71 13700
3864.70 3900
1860.24 1900
2775.44 2800
21772.53 21800
27982.79 28000
28119.72 28200
27301.73 27400
27555.37 27600
26481.38 26500
26200.21 26300
25940.73 26000
25743.65 25800
29023.25 29100
33494.69 33500
33451.42 33500
36180.94 36200
34218.64 34300
34215.82 34300
32890.20 32900
5517.58 5600
15735.00 15800
15956.65 16000
17491.91 17500
17477.28 17500
19018.85 19100
20212.08 20300
18294.68 18300
17644.40 17700
10578.28 10600
16971.29 17000
20156.52 20200
22182.95 22200
22604.90 22700
20573.91 20600
21034.16 21100
22729.29 22800
9487.23 9500
10958.25 11000
13177.43 13200
13513.48 13600
11760.18 11800
12771.43 12800
12256.80 12300
5488.57 5500
13501.25 13600
14820.26 14900
15883.77 15900
13628.52 13700
18612.11 18700
18910.30 19000
18603.94 18700
18548.95 18600
3425.31 3500
4239.40 4300
6388.41 6400
11436.66 11500
12841.19 12900
15040.52 15100
13006.82 13100
14059.34 14100
12988.36 13000
13318.78 13400
1709.94 1800
2458.63 2500
1990.89 2000
2750.73 2800
2649.89 2700
4181.95 4200
4706.48 4800
3942.79 4000
5065.78 5100
5164.20 5200
6008.22 6100
4666.92 4700
4099.15 4100
1070.26 1100
1031.47 1100
986.44 1000
1084.38 1100
1423.81 1500
1238.64 1300
2129.05 2200
3332.66 3400
3084.74 3100
3706.86 3800
650.68 700
522.47 600
723.64 800
837.96 900
522.68 600
663.25 700
647.44 700
666.43 700
544.37 600
424.74 500
522.16 600
338.31 400
419.90 500
543.99 600
360.09 400
484.31 500
516.09 600
401.69 500
508.63 600
482.56 500
506.53 600
369.79 400
372.80 400
350.70 400
355.31 400
407.53 500
418.93 500
335.81 400
429.41 500
298.11 300
424.76 500
377.65 400
312.47 400
385.21 400
317.63 400
291.87 300
282.00 300
328.32 400
344.28 400
318.12 400
320.28 400
351.73 400
370.34 400
315.09 400
293.51 300
380.20 400
331.56 400
392.74 400
287.39 300
300.05 400
367.90 400
315.01 400
403.85 500
374.73 400
293.79 300
346.25 400
287.13 300
341.20 400
313.50 400
347.78 400
333.76 400
409.85 500
378.86 400
303.91 400
343.08 400
348.33 400
352.37 400
363.36 400
317.41 400
328.17 400
301.54 400
365.86 400
332.29 400
395.04 400
499.15 500
384.44 400
408.36 500
359.86 400
403.41 500
388.63 400
484.88 500
405.09 500
443.72 500
400.59 500
492.56 500
491.43 500
522.06 600
387.47 400
458.44 500
516.29 600
367.54 400
472.11 500
472.91 500
387.80 400
534.11 600
533.95 600
507.82 600
452.69 500
422.77 500
485.74 500
493.12 500
438.05 500
9753.18 9800
17430.82 17500
26932.39 27000
27382.62 27400
28156.16 28200
28827.55 28900
27212.02 27300
25868.65 25900
26099.74 26100
31687.23 31700
33634.70 33700
34477.49 34500
34099.16 34100
34977.18 35000
34842.81 34900
33356.23 33400
32543.58 32600
5228.57 5300
17999.34 18000
20288.60 20300
18992.03 19000
18639.67 18700
19813.46 19900
19664.21 19700
19097.51 19100
18742.39 18800
11802.64 11900
12146.09 12200
16628.87 16700
19256.35 19300
18208.46 18300
20824.49 20900
22933.45 23000
21411.58 21500
12219.59 12300
12377.50 12400
13695.43 13700
11276.14 11300
11618.67 11700
15176.22 15200
14521.54 14600
18010.88 18100
18687.04 18700
16668.24 16700
19168.09 19200
17804.16 17900
17650.00 17700
4391.85 4400
9886.60 9900
11825.67 11900
13025.68 13100
14871.61 14900
14253.30 14300
12554.77 12600
13436.39 13500
984.67 1000
1237.19 1300
3241.70 3300
3673.21 3700
4489.22 4500
5095.41 5100
4953.55 5000
4401.79 4500
722.95 800
701.57 800
1154.90 1200
1213.07 1300
1868.91 1900
1603.81 1700
2912.25 3000
2384.82 2400
23529.27 23600
26114.81 26200
26768.70 26800
29127.46 29200
26152.35 26200
26239.64 26300
27408.19 27500
12076.51 12100
32218.25 32300
33375.09 33400
34175.00 34200
34115.93 34200
33436.19 33500
33216.84 33300
12319.78 12400
19225.65 19300
18596.92 18600
19121.65 19200
19334.93 19400
18552.96 18600
10116.35 10200
16084.78 16100
22423.21 22500
19787.52 19800
22281.17 22300
22896.46 22900
20101.55 20200
3935.08 4000
8701.34 8800
11897.98 11900
13772.32 13800
14934.94 15000
13988.24 14000
18722.35 18800
18723.71 18800
19363.12 19400
18493.91 18500
17986.72 18000
17675.90 17700
17721.66 17800
3390.32 3400
9640.40 9700
13110.91 13200
13053.41 13100
13900.28 14000
13311.99 13400
12898.86 12900
13494.41 13500
1682.91 1700
4278.51 4300
4667.86 4700
5236.34 5300
3864.36 3900
4114.35 4200
810.49 900
825.69 900
1350.90 1400
1153.41 1200
1313.10 1400
1588.00 1600
1821.53 1900
2522.61 2600
2801.11 2900
2903.57 3000
2171.52 2200
2437.78 2500
793.57 800
690.05 700
685.46 700
683.26 700
506.82 600
617.70 700
663.28 700
583.75 600
571.47 600
525.08 600
507.96 600
475.03 500
546.09 600
366.20 400
334.89 400
525.24 600
345.29 400
413.89 500
619.38 700
570.42 600
511.32 600
401.16 500
337.28 400
350.06 400
505.99 600
358.16 400
375.04 400
364.26 400
509.75 600
409.12 500
333.10 400
318.45 400
308.28 400
332.06 400
377.62 400
385.07 400
384.26 400
323.47 400
294.83 300
342.30 400
358.58 400
383.52 400
325.28 400
360.66 400
308.82 400
410.91 500
363.70 400
315.04 400
302.73 400
283.82 300
351.53 400
319.53 400
333.38 400
307.86 400
338.63 400
296.54 300
372.32 400
327.00 400
286.42 300
354.28 400
365.04 400
320.45 400
316.08 400
402.50 500
315.19 400
360.39 400
338.10 400
315.03 400
288.41 300
308.83 400
345.54 400
375.00 400
403.75 500
397.67 400
370.31 400
367.64 400
464.55 500
397.09 400
408.61 500
455.67 500
446.19 500
32.90 100
495.15 500
509.82 600
547.35 600
516.42 600
493.27 500
597.31 600
714.47 800
456.62 500
538.24 600
656.11 700
736.25 800
663.28 700
530.19 600
9504.62 9600
16157.24 16200
25730.04 25800
25789.08 25800
27225.62 27300
27276.73 27300
28136.31 28200
26655.84 26700
26698.92 26700
7055.65 7100
33368.07 33400
35198.13 35200
35776.32 35800
35453.30 35500
34303.08 34400
34413.75 34500
33821.18 33900
33355.34 33400
3403.88 3500
4409.29 4500
17134.59 17200
18373.43 18400
18320.38 18400
17679.63 17700
19105.60 19200
17879.56 17900
19144.19 19200
18590.43 18600
19042.91 19100
21813.93 21900
21601.12 21700
22021.68 22100
22434.50 22500
22525.46 22600
22200.67 22300
21686.55 21700
8377.85 8400
8791.68 8800
10094.90 10100
10258.00 10300
12400.03 12500
11073.64 11100
12077.44 12100
12056.51 12100
9444.91 9500
19282.80 19300
17924.14 18000
18168.66 18200
19248.32 19300
18823.55 18900
19448.53 19500
18980.64 19000
799.96 800
4990.59 5000
5170.66 5200
7539.07 7600
7919.27 8000
11618.20 11700
14768.05 14800
12172.79 12200
13546.06 13600
12934.64 13000
4443.94 4500
5059.72 5100
4795.95 4800
4283.47 4300
1224.23 1300
1076.79 1100
1893.53 1900
2070.60 2100
2245.49 2300
2308.31 2400
401.65 500
314.71 400
318.21 400
385.92 400
368.43 400
414.45 500
328.16 400
269.36 300
342.51 400
451.78 500
354.82 400
311.01 400
370.68 400
534.67 600
25832.34 25900
26093.01 26100
27202.76 27300
27208.46 27300
26230.70 26300
11803.73 11900
27521.00 27600
34077.75 34100
34959.11 35000
35250.50 35300
16734.80 16800
17213.26 17300
17493.86 17500
17991.90 18000
6537.49 6600
17401.29 17500
19499.96 19500
21679.22 21700
22132.47 22200
20532.10 20600
21098.43 21100
4214.40 4300
4588.86 4600
9000.67 9100
8924.05 9000
9966.35 10000
13429.58 13500
14261.42 14300
11438.83 11500
18182.88 18200
18757.21 18800
20292.50 20300
17692.68 17700
18661.74 18700
18733.49 18800
1158.19 1200
3294.98 3300
7113.71 7200
13998.10 14000
13988.40 14000
14616.73 14700
13262.10 13300
14091.52 14100
1530.99 1600
2909.78 3000
3494.64 3500
4652.27 4700
5029.84 5100
3780.98 3800
4787.83 4800
4264.94 4300
1073.48 1100
1012.81 1100
1400.31 1500
1440.78 1500
1412.54 1500
1578.05 1600
2226.10 2300
1640.57 1700
2946.39 3000
3164.53 3200
2975.73 3000
2043.70 2100
3147.03 3200
445.06 500
684.95 700
395.64 400
373.28 400
673.22 700
623.94 700
544.01 600
431.50 500
671.69 700
247.05 300
372.86 400
550.57 600
429.22 500
800.68 900
305.19 400
626.09 700
457.61 500
375.12 400
412.97 500
213.70 300
403.37 500
376.27 400
214.48 300
424.10 500
534.01 600
268.20 300
439.76 500
262.91 300
386.14 400
264.96 300
510.85 600
316.26 400
204.06 300
567.13 600
276.20 300
559.67 600
152.98 200
211.79 300
160.76 200
402.30 500
196.61 200
169.43 200
348.72 400
217.62 300
339.06 400
305.08 400
316.61 400
223.80 300
314.57 400
178.65 200
212.16 300
390.50 400
376.64 400
222.98 300
187.06 200
221.50 300
416.87 500
213.86 300
195.15 200
399.32 400
387.11 400
157.42 200
172.71 200
303.88 400
196.20 200
262.51 300
156.98 200
175.99 200
373.10 400
183.64 200
306.65 400
199.29 200
206.53 300
345.23 400
162.79 200
320.14 400
288.89 300
201.49 300
222.86 300
378.75 400
180.65 200
324.47 400
175.42 200
218.79 300
301.03 400
187.90 200
292.04 300
215.21 300
162.62 200
365.49 400
156.64 200
303.40 400
342.73 400
351.45 400
304.52 400
351.91 400
288.83 300
289.77 300
191.87 200
345.48 400
312.25 400
201.85 300
354.73 400
224.93 300
203.00 300
309.01 400
280.32 300
302.07 400
184.93 200
287.52 300
215.17 300
315.36 400
261.15 300
217.95 300
359.85 400
473.84 500
273.74 300
211.96 300
352.81 400
206.92 300
260.89 300
209.23 300
174.60 200
317.98 400
200.57 300
321.86 400
154.73 200
181.24 200
211.35 300
352.30 400
239.28 300
351.15 400
235.96 300
191.30 200
306.64 400
337.43 400
321.55 400
340.75 400
235.09 300
221.36 300
362.13 400
227.64 300
324.21 400
270.83 300
370.35 400
282.25 300
418.35 500
288.73 300
359.67 400
392.20 400
323.23 400
416.28 500
270.81 300
383.86 400
261.36 300
245.39 300
393.98 400
394.85 400
319.43 400
307.75 400
465.68 500
321.70 400
563.32 600
441.79 500
484.31 500
402.80 500
627.19 700
496.71 500
10378.14 10400
12045.91 12100
27746.40 27800
27089.12 27100
26904.43 27000
27413.90 27500
17226.47 17300
21126.57 21200
30822.00 30900
33555.24 33600
33792.38 33800
32881.14 32900
10442.15 10500
20279.88 20300
18005.21 18100
20162.62 20200
15221.42 15300
19796.98 19800
23249.03 23300
20269.16 20300
20236.40 20300
20341.47 20400
1892.05 1900
2893.89 2900
8363.41 8400
12784.50 12800
14410.60 14500
13756.62 13800
11899.67 11900
9126.95 9200
19382.35 19400
16897.97 16900
20160.26 20200
19117.07 19200
17872.54 17900
7269.24 7300
9466.10 9500
12609.44 12700
13488.06 13500
14236.55 14300
12560.72 12600
990.85 1000
2571.17 2600
3174.36 3200
5752.52 5800
4483.61 4500
4418.51 4500
2973.71 3000
2806.38 2900
615.31 700
638.76 700
511.92 600
442.32 500
723.43 800
577.84 600
645.22 700
635.80 700
24742.76 24800
27519.38 27600
28597.39 28600
27244.97 27300
34415.13 34500
34017.62 34100
35009.84 35100
34554.82 34600
15279.77 15300
18221.52 18300
20123.15 20200
19045.49 19100
21974.62 22000
22786.43 22800
22474.59 22500
21359.64 21400
3021.74 3100
15106.07 15200
12697.74 12700
13518.98 13600
13649.08 13700
13212.61 13300
19336.41 19400
19438.01 19500
20564.47 20600
14883.93 14900
12702.11 12800
14367.93 14400
1414.85 1500
2912.21 3000
2822.94 2900
4774.28 4800
5312.10 5400
4337.15 4400
574.95 600
873.60 900
1177.62 1200
1715.05 1800
2724.47 2800
2674.42 2700
490.77 500
542.20 600
496.83 500
684.17 700
694.18 700
669.30 700
627.68 700
454.50 500
464.24 500
860.69 900
