28712.48 28800
27968.04 28000
27982.15 28000
36680.56 36700
37526.56 37600
37740.09 37800
24433.86 24500
27585.68 27600
27253.86 27300
28246.85 28300
28041.07 28100
17722.47 17800
36142.24 36200
37391.92 37400
36183.01 36200
37036.18 37100
666.17 700
686.93 700
660.77 700
717.56 800
557.74 600
479.34 500
25887.62 25900
28044.88 28100
28739.57 28800
38492.07 38500
37483.51 37500
36547.04 36600
26394.89 26400
28790.24 28800
27579.29 27600
29147.67 29200
28060.36 28100
27938.36 28000
28248.94 28300
23755.45 23800
30062.51 30100
37043.46 37100
37105.43 37200
38262.27 38300
37540.73 37600
36864.44 36900
702.62 800
629.48 700
609.78 700
659.62 700
716.08 800
690.70 700
593.91 600
570.52 600
648.46 700
635.16 700
468.85 500
555.74 600
432.64 500
451.87 500
473.29 500
26886.71 26900
28296.10 28300
28129.14 28200
27943.88 28000
27868.21 27900
30844.85 30900
32639.65 32700
37644.58 37700
36700.23 36800
36638.48 36700
25959.44 26000
26742.59 26800
27924.11 28000
28345.58 28400
28394.22 28400
27689.95 27700
26128.05 26200
31908.46 32000
36849.39 36900
36256.41 36300
38029.96 38100
36959.44 37000
340.38 400
321.41 400
382.14 400
315.93 400
354.39 400
292.21 300
296.24 300
271.20 300
276.60 300
273.33 300
303.16 400
24674.19 24700
27185.82 27200
24131.71 24200
27604.39 27700
28820.40 28900
29033.29 29100
28737.56 28800
35007.25 35100
36597.87 36600
36402.27 36500
36750.66 36800
36781.74 36800
36302.78 36400
37281.52 37300
23379.02 23400
23741.60 23800
26611.81 26700
27400.90 27500
28596.48 28600
28723.19 28800
28031.06 28100
32281.92 32300
33766.47 33800
34785.09 34800
37514.81 37600
35820.18 35900
35401.49 35500
36317.75 36400
534.79 600
562.90 600
638.72 700
635.53 700
450.30 500
540.22 600
403.13 500
386.82 400
475.22 500
388.47 400
382.96 400
388.18 400
26363.00 26400
27755.06 27800
29100.01 29200
37360.50 37400
36999.39 37000
36595.32 36600
601.38 700
577.47 600
607.40 700
573.28 600
504.52 600
404.59 500
399.18 400
421.57 500
391.13 400
399.05 400
27386.09 27400
36898.53 36900
22549.57 22600
25139.64 25200
29596.12 29600
38018.11 38100
36341.66 36400
36298.87 36300
727.74 800
669.50 700
660.10 700
666.00 700
667.12 700
636.71 700
591.30 600
617.24 700
651.47 700
800.41 900
490.83 500
470.11 500
583.41 600
416.70 500
490.68 500
14521.36 14600
16498.41 16500
22449.69 22500
24038.71 24100
24960.73 25000
28468.12 28500
28907.45 29000
28434.98 28500
27765.98 27800
28045.47 28100
27937.98 28000
27832.64 27900
29466.33 29500
33293.20 33300
36742.54 36800
36314.52 36400
36974.82 37000
36019.60 36100
35518.13 35600
35853.57 35900
36138.09 36200
36451.41 36500
603.07 700
709.95 800
584.62 600
662.30 700
668.01 700
660.53 700
716.50 800
536.70 600
655.53 700
697.30 700
474.06 500
604.16 700
647.59 700
598.59 600
415.97 500
446.85 500
465.16 500
431.59 500
424.07 500
475.62 500
461.40 500
417.23 500
464.92 500
400.66 500
492.63 500
387.88 400
477.18 500
442.66 500
364.40 400
449.37 500
438.90 500
16034.08 16100
19923.03 20000
22184.54 22200
27534.20 27600
27626.92 27700
28048.59 28100
27880.02 27900
21511.31 21600
27431.65 27500
37188.83 37200
35837.25 35900
36031.41 36100
37111.76 37200
35931.93 36000
592.96 600
538.30 600
523.66 600
499.73 500
576.46 600
513.06 600
474.20 500
495.31 500
664.92 700
576.77 600
538.61 600
552.68 600
575.44 600
513.80 600
593.82 600
513.03 600
591.02 600
415.59 500
401.03 500
394.39 400
386.69 400
448.33 500
398.40 400
415.59 500
544.93 600
374.15 400
444.99 500
421.96 500
22774.28 22800
27191.39 27200
28168.75 28200
28035.66 28100
36393.81 36400
36869.46 36900
36422.47 36500
36030.69 36100
26743.73 26800
27944.21 28000
27828.83 27900
28365.72 28400
28520.88 28600
27311.03 27400
29468.57 29500
27690.50 27700
27726.12 27800
29603.43 29700
30397.40 30400
34877.55 34900
36059.40 36100
36566.32 36600
36779.82 36800
37024.44 37100
22337.61 22400
23619.79 23700
27505.07 27600
28604.67 28700
27546.76 27600
27454.00 27500
36122.35 36200
37138.34 37200
36016.03 36100
36959.96 37000
36236.12 36300
36480.17 36500
505.86 600
593.96 600
513.72 600
665.33 700
600.12 700
662.67 700
649.67 700
601.03 700
717.20 800
648.24 700
545.54 600
646.47 700
595.89 600
769.30 800
580.18 600
611.13 700
636.13 700
725.13 800
674.37 700
427.88 500
555.52 600
455.18 500
489.16 500
451.34 500
469.41 500
495.92 500
448.29 500
415.88 500
588.74 600
28903.62 29000
28732.63 28800
29822.86 29900
27986.59 28000
27587.58 27600
36626.27 36700
38188.72 38200
38054.58 38100
586.43 600
572.94 600
565.13 600
543.39 600
590.77 600
543.28 600
24423.37 24500
28694.27 28700
27781.55 27800
32862.17 32900
38257.74 38300
35731.25 35800
28809.34 28900
28247.07 28300
29218.69 29300
28922.65 29000
27217.46 27300
35104.20 35200
36059.52 36100
36730.84 36800
37412.96 37500
38059.65 38100
687.44 700
592.75 600
630.46 700
482.45 500
462.87 500
25986.81 26000
28216.15 28300
27374.59 27400
29128.63 29200
34583.59 34600
36634.08 36700
37470.47 37500
36435.33 36500
15061.16 15100
19881.15 19900
24021.37 24100
24554.73 24600
29207.90 29300
28116.51 28200
27356.80 27400
29008.81 29100
28482.09 28500
27920.20 28000
25999.11 26000
31872.67 31900
34697.35 34700
35989.95 36000
36764.22 36800
38558.09 38600
35294.31 35300
36310.36 36400
36078.63 36100
36462.87 36500
663.25 700
794.54 800
635.21 700
766.15 800
534.82 600
610.84 700
705.95 800
593.35 600
601.63 700
664.16 700
581.23 600
691.99 700
640.63 700
724.21 800
611.16 700
669.35 700
670.30 700
687.47 700
467.97 500
471.82 500
522.81 600
442.70 500
452.30 500
494.97 500
472.59 500
469.72 500
18519.44 18600
19963.51 20000
20929.47 21000
26254.61 26300
27969.24 28000
28412.57 28500
28886.55 28900
27937.03 28000
29840.44 29900
36652.24 36700
37504.88 37600
38915.70 39000
37052.55 37100
35690.99 35700
36816.73 36900
36799.85 36800
36061.35 36100
36391.48 36400
694.04 700
647.60 700
743.22 800
639.72 700
684.58 700
651.63 700
753.36 800
679.95 700
694.38 700
625.04 700
711.15 800
684.33 700
388.04 400
309.06 400
342.18 400
350.91 400
322.62 400
335.61 400
648.35 700
681.05 700
367.62 400
655.46 700
664.43 700
450.24 500
450.30 500
425.57 500
341.39 400
507.28 600
291.30 300
458.42 500
310.94 400
507.40 600
470.10 500
309.96 400
506.51 600
418.62 500
486.90 500
450.53 500
15671.05 15700
25277.89 25300
27273.34 27300
28754.71 28800
28312.57 28400
36137.02 36200
36277.61 36300
35602.58 35700
36761.27 36800
36525.65 36600
807.75 900
830.96 900
699.30 700
779.31 800
666.23 700
589.33 600
464.58 500
662.67 700
543.64 600
502.34 600
472.67 500
25372.50 25400
27845.49 27900
28298.42 28300
37566.00 37600
36962.75 37000
36009.11 36100
20596.80 20600
26894.34 26900
28275.80 28300
28012.76 28100
29404.27 29500
29590.94 29600
29833.14 29900
33148.88 33200
35481.08 35500
36582.81 36600
37571.21 37600
36196.70 36200
594.44 600
696.55 700
780.67 800
597.05 600
646.89 700
817.63 900
771.91 800
648.93 700
497.33 500
427.17 500
512.45 600
413.71 500
460.14 500
412.00 500
25740.28 25800
27130.51 27200
27348.70 27400
27897.91 27900
27680.99 27700
27711.88 27800
29503.41 29600
27869.09 27900
29497.67 29500
36341.97 36400
35226.68 35300
38854.75 38900
37085.79 37100
37097.15 37100
37663.19 37700
36842.32 36900
36070.29 36100
36803.70 36900
17615.85 17700
28059.26 28100
27504.94 27600
27599.82 27600
27909.40 28000
35737.84 35800
36931.01 37000
36113.95 36200
484.78 500
486.27 500
517.00 600
466.23 500
497.18 500
619.37 700
520.84 600
535.59 600
561.73 600
479.29 500
517.53 600
26617.76 26700
26103.02 26200
26346.22 26400
29386.93 29400
28671.47 28700
29268.34 29300
28905.57 29000
27865.10 27900
28071.57 28100
29171.21 29200
29739.80 29800
32301.66 32400
36440.10 36500
37373.55 37400
38489.22 38500
36168.34 36200
36155.96 36200
36307.77 36400
28155.96 28200
27526.13 27600
28435.07 28500
28456.30 28500
29580.85 29600
28053.45 28100
31043.95 31100
36522.21 36600
36831.82 36900
36216.31 36300
36417.31 36500
37053.18 37100
25757.33 25800
25941.57 26000
28198.49 28200
27431.41 27500
27384.03 27400
32407.26 32500
36202.52 36300
36463.19 36500
28588.45 28600
28094.08 28100
28918.26 29000
28245.40 28300
35664.51 35700
35250.74 35300
38381.81 38400
36606.77 36700
28756.15 28800
28550.48 28600
28706.38 28800
28379.68 28400
30402.33 30500
34644.94 34700
36819.22 36900
36278.82 36300
37820.03 37900
37634.22 37700
727.87 800
678.21 700
593.04 600
608.09 700
592.84 600
556.88 600
584.40 600
558.13 600
638.38 700
478.09 500
440.27 500
27064.42 27100
26927.42 27000
28214.27 28300
28364.51 28400
27871.33 27900
28065.97 28100
27589.08 27600
30902.10 31000
35791.83 35800
37381.08 37400
36274.30 36300
37224.55 37300
37113.16 37200
36592.46 36600
21684.04 21700
26092.24 26100
26140.69 26200
26701.61 26800
28979.75 29000
28723.21 28800
27694.23 27700
30086.28 30100
27672.99 27700
29775.26 29800
35760.64 35800
36021.59 36100
38101.66 38200
36541.47 36600
38369.70 38400
35771.20 35800
36442.80 36500
36985.16 37000
657.00 700
724.88 800
673.20 700
673.52 700
651.69 700
625.96 700
590.38 600
670.49 700
586.28 600
17221.11 17300
23345.87 23400
27338.25 27400
29595.54 29600
29116.42 29200
28994.02 29000
27269.24 27300
28151.98 28200
27591.93 27600
28431.72 28500
32505.53 32600
32741.03 32800
37287.41 37300
37076.55 37100
36128.64 36200
37340.65 37400
36215.28 36300
36030.62 36100
579.22 600
603.88 700
505.69 600
504.08 600
546.32 600
723.40 800
620.54 700
575.67 600
574.96 600
575.44 600
484.75 500
482.85 500
403.22 500
416.89 500
346.83 400
27794.80 27800
28507.57 28600
28253.56 28300
27923.30 28000
32022.33 32100
35573.19 35600
36332.27 36400
38086.84 38100
25598.29 25600
27359.23 27400
27813.90 27900
28836.29 28900
29565.46 29600
27770.80 27800
25782.52 25800
37241.36 37300
38137.12 38200
38173.11 38200
36888.53 36900
36553.89 36600
376.52 400
407.28 500
354.02 400
330.46 400
326.23 400
355.55 400
358.35 400
377.71 400
295.37 300
271.89 300
262.04 300
278.87 300
262.84 300
323.03 400
316.47 400
21523.50 21600
27185.81 27200
27830.88 27900
28115.50 28200
28872.94 28900
28994.24 29000
27038.45 27100
28141.15 28200
28115.26 28200
25732.85 25800
28537.57 28600
36432.77 36500
36904.25 37000
37516.69 37600
36745.73 36800
37039.95 37100
35847.21 35900
36736.43 36800
27386.62 27400
28194.41 28200
28491.36 28500
28009.18 28100
28642.05 28700
28177.94 28200
28123.04 28200
28111.54 28200
23687.84 23700
25675.79 25700
30944.67 31000
32765.28 32800
35801.57 35900
37244.85 37300
37057.87 37100
37132.07 37200
642.47 700
631.30 700
567.47 600
594.27 600
652.04 700
682.18 700
607.28 700
464.08 500
520.34 600
20431.37 20500
22470.76 22500
28584.96 28600
28985.02 29000
27956.42 28000
28440.41 28500
27175.35 27200
32900.41 33000
38056.49 38100
37247.06 37300
37419.50 37500
37811.08 37900
35688.61 35700
36102.90 36200
583.72 600
549.04 600
529.74 600
518.42 600
620.17 700
571.95 600
531.82 600
597.62 600
408.08 500
406.76 500
406.98 500
459.70 500
397.07 400
356.40 400
14878.06 14900
26702.75 26800
28204.78 28300
28586.04 28600
28859.17 28900
28842.39 28900
28182.52 28200
27824.97 27900
26857.12 26900
29895.89 29900
35477.26 35500
35336.67 35400
36849.49 36900
37037.11 37100
35742.41 35800
36972.47 37000
687.29 700
620.37 700
653.75 700
666.45 700
618.75 700
603.14 700
633.12 700
573.32 600
570.19 600
665.07 700
586.49 600
687.91 700
585.93 600
580.30 600
594.21 600
381.57 400
412.58 500
398.09 400
489.98 500
410.27 500
487.70 500
404.87 500
474.46 500
412.36 500
429.48 500
552.60 600
14068.86 14100
19932.74 20000
23320.92 23400
23509.15 23600
26542.79 26600
27305.96 27400
27506.22 27600
27962.96 28000
29700.96 29800
28747.39 28800
27339.10 27400
27982.52 28000
27463.42 27500
34683.79 34700
35436.46 35500
37437.50 37500
36629.58 36700
38536.81 38600
36452.03 36500
35874.41 35900
35360.04 35400
37560.95 37600
36503.02 36600
36209.86 36300
37204.47 37300
36064.71 36100
495.77 500
542.56 600
592.87 600
563.11 600
552.30 600
527.84 600
536.15 600
529.40 600
375.60 400
379.93 400
389.96 400
360.59 400
382.01 400
448.35 500
351.41 400
349.97 400
385.66 400
25107.00 25200
25885.03 25900
27923.39 28000
28576.72 28600
27500.42 27600
28236.28 28300
28922.33 29000
28046.31 28100
30403.41 30500
35480.95 35500
35933.52 36000
36349.48 36400
37262.41 37300
36861.47 36900
36320.93 36400
36597.55 36600
780.12 800
576.25 600
618.39 700
655.20 700
695.28 700
608.26 700
833.54 900
693.20 700
632.85 700
464.92 500
478.34 500
442.30 500
449.31 500
28465.09 28500
28740.03 28800
28054.05 28100
29171.03 29200
28889.73 28900
36904.60 37000
36691.94 36700
38406.38 38500
36554.27 36600
36783.77 36800
16004.19 16100
27396.15 27400
27125.92 27200
27630.66 27700
27966.10 28000
29460.74 29500
37107.63 37200
36391.35 36400
35200.32 35300
36570.11 36600
37007.84 37100
38090.33 38100
28327.88 28400
27663.04 27700
28828.78 28900
28768.60 28800
25082.00 25100
26976.35 27000
35937.72 36000
37449.29 37500
15317.04 15400
15957.57 16000
21015.20 21100
28654.96 28700
28553.75 28600
29189.60 29200
28044.44 28100
27878.70 27900
28074.04 28100
29212.92 29300
34145.49 34200
35951.36 36000
37221.79 37300
35415.66 35500
36040.75 36100
36012.70 36100
565.48 600
595.20 600
568.10 600
519.98 600
561.11 600
523.24 600
651.92 700
520.59 600
650.95 700
594.07 600
624.11 700
633.51 700
562.27 600
524.88 600
502.21 600
569.04 600
398.99 400
409.43 500
431.92 500
488.71 500
391.65 400
463.73 500
428.87 500
27843.23 27900
28218.45 28300
30084.48 30100
26905.99 27000
28311.47 28400
27303.41 27400
29400.88 29500
30716.80 30800
37068.14 37100
37852.68 37900
37753.18 37800
37349.19 37400
654.33 700
614.04 700
646.21 700
607.31 700
756.09 800
657.82 700
667.54 700
471.61 500
466.55 500
438.53 500
463.14 500
455.83 500
22536.94 22600
28263.68 28300
29096.01 29100
27742.03 27800
30311.86 30400
37739.42 37800
37228.42 37300
36012.18 36100
28997.17 29000
29126.56 29200
28091.18 28100
27977.50 28000
34839.39 34900
35421.38 35500
36318.63 36400
36797.97 36800
23182.22 23200
28130.02 28200
28071.46 28100
27011.68 27100
27717.66 27800
29325.49 29400
34649.42 34700
36253.81 36300
36702.78 36800
35096.76 35100
37010.04 37100
37284.44 37300
664.40 700
623.84 700
622.61 700
665.05 700
647.64 700
697.16 700
717.68 800
495.16 500
483.34 500
27574.14 27600
28880.90 28900
29380.39 29400
27643.00 27700
28554.58 28600
29103.55 29200
27615.89 27700
28009.07 28100
26832.87 26900
29230.29 29300
31107.60 31200
31872.84 31900
33323.55 33400
35245.87 35300
35852.93 35900
36899.08 36900
18629.90 18700
25266.86 25300
28992.47 29000
29871.78 29900
34347.32 34400
34873.50 34900
35969.24 36000
36558.79 36600
564.15 600
584.73 600
550.93 600
584.60 600
647.56 700
546.28 600
605.67 700
638.78 700
553.57 600
608.64 700
426.86 500
430.45 500
421.90 500
452.68 500
455.22 500
385.21 400
401.91 500
438.89 500
406.98 500
277.45 300
22988.77 23000
28122.01 28200
28310.17 28400
27245.42 27300
33880.28 33900
36731.85 36800
37122.75 37200
36009.83 36100
27181.10 27200
29118.59 29200
28147.87 28200
29107.22 29200
37599.96 37600
36921.91 37000
26375.97 26400
26286.48 26300
27346.64 27400
28025.43 28100
27631.22 27700
30056.00 30100
28876.80 28900
25641.01 25700
33970.34 34000
37283.23 37300
36164.56 36200
36848.49 36900
37332.24 37400
36783.38 36800
621.19 700
804.38 900
695.93 700
777.09 800
702.70 800
797.11 800
683.33 700
702.19 800
604.19 700
550.88 600
541.13 600
25827.72 25900
26610.35 26700
28417.04 28500
29217.58 29300
27545.01 27600
28377.45 28400
28141.51 28200
27909.20 28000
28536.56 28600
31867.48 31900
32229.61 32300
32557.85 32600
34914.82 35000
35882.07 35900
37050.85 37100
36140.83 36200
25208.66 25300
28361.05 28400
29179.96 29200
37344.86 37400
37163.22 37200
36335.36 36400
14812.81 14900
21180.82 21200
27159.51 27200
29162.61 29200
29024.81 29100
28242.30 28300
28268.84 28300
30679.68 30700
36713.33 36800
37150.08 37200
37697.82 37700
36894.71 36900
35917.15 36000
36436.65 36500
667.56 700
684.53 700
635.91 700
660.41 700
607.02 700
740.62 800
655.48 700
733.87 800
687.22 700
522.60 600
696.53 700
742.24 800
619.42 700
700.37 800
660.10 700
800.76 900
771.22 800
611.76 700
706.26 800
625.01 700
703.12 800
580.73 600
585.82 600
637.28 700
422.32 500
485.85 500
522.90 600
459.51 500
461.37 500
578.00 600
431.27 500
423.43 500
417.77 500
512.56 600
28828.99 28900
28882.70 28900
36536.97 36600
37052.70 37100
24296.98 24300
26801.81 26900
28171.33 28200
28505.01 28600
27828.35 27900
27443.38 27500
28758.91 28800
28989.06 29000
28476.11 28500
34185.30 34200
34215.36 34300
35492.26 35500
36145.58 36200
35241.29 35300
36154.24 36200
36911.37 37000
18685.75 18700
28797.12 28800
28631.88 28700
28504.32 28600
28483.94 28500
33756.63 33800
36672.29 36700
36418.18 36500
37678.65 37700
35996.73 36000
710.17 800
544.52 600
637.96 700
549.32 600
639.50 700
658.63 700
609.64 700
571.00 600
498.27 500
511.62 600
482.33 500
504.65 600
552.59 600
13529.06 13600
21811.71 21900
24302.08 24400
25504.17 25600
28806.30 28900
28284.03 28300
27930.81 28000
27934.60 28000
29141.78 29200
28460.45 28500
27366.55 27400
27014.25 27100
35910.39 36000
35584.36 35600
32172.29 32200
35454.82 35500
37238.54 37300
36889.75 36900
37852.73 37900
36307.39 36400
36222.65 36300
36775.18 36800
597.59 600
577.37 600
555.77 600
585.87 600
560.83 600
641.89 700
515.90 600
690.90 700
587.30 600
608.96 700
615.14 700
553.81 600
649.90 700
692.22 700
722.10 800
793.40 800
815.39 900
737.11 800
693.73 700
581.77 600
664.10 700
497.46 500
485.21 500
493.65 500
419.15 500
469.81 500
545.80 600
496.25 500
434.24 500
392.39 400
469.11 500
384.43 400
441.48 500
479.25 500
497.64 500
452.34 500
527.73 600
400.00 400
459.70 500
27590.59 27600
28675.31 28700
27587.57 27600
29899.09 29900
37873.95 37900
36911.10 37000
19695.58 19700
22829.91 22900
28290.17 28300
28775.68 28800
28288.55 28300
27648.32 27700
33401.73 33500
36793.71 36800
37844.38 37900
37886.54 37900
36054.90 36100
36470.42 36500
631.37 700
607.63 700
602.30 700
532.14 600
590.73 600
647.26 700
542.28 600
534.43 600
591.28 600
497.26 500
579.33 600
541.36 600
648.35 700
541.97 600
590.55 600
577.90 600
538.09 600
557.20 600
587.94 600
499.39 500
353.69 400
420.27 500
345.14 400
395.67 400
560.40 600
472.27 500
374.81 400
421.81 500
457.20 500
400.32 500
356.27 400
504.97 600
18479.54 18500
23882.34 23900
24503.91 24600
27983.33 28000
28936.65 29000
28369.39 28400
28262.67 28300
28461.01 28500
27612.54 27700
27583.13 27600
33498.96 33500
34639.70 34700
35195.67 35200
36165.96 36200
37123.63 37200
36058.21 36100
35766.01 35800
37599.68 37600
36336.84 36400
35904.76 36000
517.58 600
525.82 600
642.82 700
570.20 600
686.18 700
676.89 700
725.71 800
556.94 600
441.22 500
438.24 500
431.23 500
396.42 400
479.12 500
386.97 400
441.94 500
419.37 500
16676.68 16700
21225.36 21300
29225.23 29300
27799.48 27800
33427.02 33500
36172.68 36200
36340.69 36400
36140.62 36200
606.73 700
708.48 800
505.04 600
617.93 700
542.59 600
636.13 700
487.24 500
719.57 800
584.64 600
587.24 600
734.47 800
595.33 600
688.99 700
572.56 600
653.63 700
518.23 600
620.84 700
625.46 700
635.76 700
576.71 600
681.70 700
573.90 600
447.47 500
478.18 500
388.79 400
443.49 500
447.63 500
456.72 500
429.95 500
644.27 700
665.52 700
455.52 500
28712.48 28800
27968.04 28000
27982.15 28000
36680.56 36700
37526.56 37600
37740.09 37800
24433.86 24500
27585.68 27600
27253.86 27300
28246.85 28300
28041.07 28100
17722.47 17800
36142.24 36200
37391.92 37400
36183.01 36200
37036.18 37100
666.17 700
686.93 700
660.77 700
717.56 800
557.74 600
479.34 500
25887.62 25900
28044.88 28100
28739.57 28800
38492.07 38500
37483.51 37500
36547.04 36600
26394.89 26400
28790.24 28800
27579.29 27600
29147.67 29200
28060.36 28100
27938.36 28000
28248.94 28300
23755.45 23800
30062.51 30100
37043.46 37100
37105.43 37200
38262.27 38300
37540.73 37600
36864.44 36900
702.62 800
629.48 700
609.78 700
659.62 700
716.08 800
690.70 700
593.91 600
570.52 600
648.46 700
635.16 700
468.85 500
555.74 600
432.64 500
451.87 500
473.29 500
26886.71 26900
28296.10 28300
28129.14 28200
27943.88 28000
27868.21 27900
30844.85 30900
32639.65 32700
37644.58 37700
36700.23 36800
36638.48 36700
25959.44 26000
26742.59 26800
27924.11 28000
28345.58 28400
28394.22 28400
27689.95 27700
26128.05 26200
31908.46 32000
36849.39 36900
36256.41 36300
38029.96 38100
36959.44 37000
340.38 400
321.41 400
382.14 400
315.93 400
354.39 400
292.21 300
296.24 300
271.20 300
276.60 300
273.33 300
303.16 400
24674.19 24700
27185.82 27200
24131.71 24200
27604.39 27700
28820.40 28900
29033.29 29100
28737.56 28800
35007.25 35100
36597.87 36600
36402.27 36500
36750.66 36800
36781.74 36800
36302.78 36400
37281.52 37300
23379.02 23400
23741.60 23800
26611.81 26700
27400.90 27500
28596.48 28600
28723.19 28800
28031.06 28100
32281.92 32300
33766.47 33800
34785.09 34800
37514.81 37600
35820.18 35900
35401.49 35500
36317.75 36400
534.79 600
562.90 600
638.72 700
635.53 700
450.30 500
540.22 600
403.13 500
386.82 400
475.22 500
388.47 400
382.96 400
388.18 400
26363.00 26400
27755.06 27800
29100.01 29200
37360.50 37400
36999.39 37000
36595.32 36600
601.38 700
577.47 600
607.40 700
573.28 600
504.52 600
404.59 500
399.18 400
421.57 500
391.13 400
399.05 400
27386.09 27400
36898.53 36900
22549.57 22600
25139.64 25200
29596.12 29600
38018.11 38100
36341.66 36400
36298.87 36300
727.74 800
669.50 700
660.10 700
666.00 700
667.12 700
636.71 700
591.30 600
617.24 700
651.47 700
800.41 900
490.83 500
470.11 500
583.41 600
416.70 500
490.68 500
14521.36 14600
16498.41 16500
22449.69 22500
24038.71 24100
24960.73 25000
28468.12 28500
28907.45 29000
28434.98 28500
27765.98 27800
28045.47 28100
27937.98 28000
27832.64 27900
29466.33 29500
33293.20 33300
36742.54 36800
36314.52 36400
36974.82 37000
36019.60 36100
35518.13 35600
35853.57 35900
36138.09 36200
36451.41 36500
603.07 700
709.95 800
584.62 600
662.30 700
668.01 700
660.53 700
716.50 800
536.70 600
655.53 700
697.30 700
474.06 500
604.16 700
647.59 700
598.59 600
415.97 500
446.85 500
465.16 500
431.59 500
424.07 500
475.62 500
461.40 500
417.23 500
464.92 500
400.66 500
492.63 500
387.88 400
477.18 500
442.66 500
364.40 400
449.37 500
438.90 500
16034.08 16100
19923.03 20000
22184.54 22200
27534.20 27600
27626.92 27700
28048.59 28100
27880.02 27900
21511.31 21600
27431.65 27500
37188.83 37200
35837.25 35900
36031.41 36100
37111.76 37200
35931.93 36000
592.96 600
538.30 600
523.66 600
499.73 500
576.46 600
513.06 600
474.20 500
495.31 500
664.92 700
576.77 600
538.61 600
552.68 600
575.44 600
513.80 600
593.82 600
513.03 600
591.02 600
415.59 500
401.03 500
394.39 400
386.69 400
448.33 500
398.40 400
415.59 500
544.93 600
374.15 400
444.99 500
421.96 500
22774.28 22800
27191.39 27200
28168.75 28200
28035.66 28100
36393.81 36400
36869.46 36900
36422.47 36500
36030.69 36100
26743.73 26800
27944.21 28000
27828.83 27900
28365.72 28400
28520.88 28600
27311.03 27400
29468.57 29500
27690.50 27700
27726.12 27800
29603.43 29700
30397.40 30400
34877.55 34900
36059.40 36100
36566.32 36600
36779.82 36800
37024.44 37100
22337.61 22400
23619.79 23700
27505.07 27600
28604.67 28700
27546.76 27600
27454.00 27500
36122.35 36200
37138.34 37200
36016.03 36100
36959.96 37000
36236.12 36300
36480.17 36500
505.86 600
593.96 600
513.72 600
665.33 700
600.12 700
662.67 700
649.67 700
601.03 700
717.20 800
648.24 700
545.54 600
646.47 700
595.89 600
769.30 800
580.18 600
611.13 700
636.13 700
725.13 800
674.37 700
427.88 500
555.52 600
455.18 500
489.16 500
451.34 500
469.41 500
495.92 500
448.29 500
415.88 500
588.74 600
28903.62 29000
28732.63 28800
29822.86 29900
27986.59 28000
27587.58 27600
36626.27 36700
38188.72 38200
38054.58 38100
586.43 600
572.94 600
565.13 600
543.39 600
590.77 600
543.28 600
24423.37 24500
28694.27 28700
27781.55 27800
32862.17 32900
38257.74 38300
35731.25 35800
28809.34 28900
28247.07 28300
29218.69 29300
28922.65 29000
27217.46 27300
35104.20 35200
36059.52 36100
36730.84 36800
37412.96 37500
38059.65 38100
687.44 700
592.75 600
630.46 700
482.45 500
462.87 500
25986.81 26000
28216.15 28300
27374.59 27400
29128.63 29200
34583.59 34600
36634.08 36700
37470.47 37500
36435.33 36500
15061.16 15100
19881.15 19900
24021.37 24100
24554.73 24600
29207.90 29300
28116.51 28200
27356.80 27400
29008.81 29100
28482.09 28500
27920.20 28000
25999.11 26000
31872.67 31900
34697.35 34700
35989.95 36000
36764.22 36800
38558.09 38600
35294.31 35300
36310.36 36400
36078.63 36100
36462.87 36500
663.25 700
794.54 800
635.21 700
766.15 800
534.82 600
610.84 700
705.95 800
593.35 600
601.63 700
664.16 700
581.23 600
691.99 700
640.63 700
724.21 800
611.16 700
669.35 700
670.30 700
687.47 700
467.97 500
471.82 500
522.81 600
442.70 500
452.30 500
494.97 500
472.59 500
469.72 500
18519.44 18600
19963.51 20000
20929.47 21000
26254.61 26300
27969.24 28000
28412.57 28500
28886.55 28900
27937.03 28000
29840.44 29900
36652.24 36700
37504.88 37600
38915.70 39000
37052.55 37100
35690.99 35700
36816.73 36900
36799.85 36800
36061.35 36100
36391.48 36400
694.04 700
647.60 700
743.22 800
639.72 700
684.58 700
651.63 700
753.36 800
679.95 700
694.38 700
625.04 700
711.15 800
684.33 700
388.04 400
309.06 400
342.18 400
350.91 400
322.62 400
335.61 400
648.35 700
681.05 700
367.62 400
655.46 700
664.43 700
450.24 500
450.30 500
425.57 500
341.39 400
507.28 600
291.30 300
458.42 500
310.94 400
507.40 600
470.10 500
309.96 400
506.51 600
418.62 500
486.90 500
450.53 500
15671.05 15700
25277.89 25300
27273.34 27300
28754.71 28800
28312.57 28400
36137.02 36200
36277.61 36300
35602.58 35700
36761.27 36800
36525.65 36600
807.75 900
830.96 900
699.30 700
779.31 800
666.23 700
589.33 600
464.58 500
662.67 700
543.64 600
502.34 600
472.67 500
25372.50 25400
27845.49 27900
28298.42 28300
37566.00 37600
36962.75 37000
36009.11 36100
20596.80 20600
26894.34 26900
28275.80 28300
28012.76 28100
29404.27 29500
29590.94 29600
29833.14 29900
33148.88 33200
35481.08 35500
36582.81 36600
37571.21 37600
36196.70 36200
594.44 600
696.55 700
780.67 800
597.05 600
646.89 700
817.63 900
771.91 800
648.93 700
497.33 500
427.17 500
512.45 600
413.71 500
460.14 500
412.00 500
25740.28 25800
27130.51 27200
27348.70 27400
27897.91 27900
27680.99 27700
27711.88 27800
29503.41 29600
27869.09 27900
29497.67 29500
36341.97 36400
35226.68 35300
38854.75 38900
37085.79 37100
37097.15 37100
37663.19 37700
36842.32 36900
36070.29 36100
36803.70 36900
17615.85 17700
28059.26 28100
27504.94 27600
27599.82 27600
27909.40 28000
35737.84 35800
36931.01 37000
36113.95 36200
484.78 500
486.27 500
517.00 600
466.23 500
497.18 500
619.37 700
520.84 600
535.59 600
561.73 600
479.29 500
517.53 600
26617.76 26700
26103.02 26200
26346.22 26400
29386.93 29400
28671.47 28700
29268.34 29300
28905.57 29000
27865.10 27900
28071.57 28100
29171.21 29200
29739.80 29800
32301.66 32400
36440.10 36500
37373.55 37400
38489.22 38500
36168.34 36200
36155.96 36200
36307.77 36400
28155.96 28200
27526.13 27600
28435.07 28500
28456.30 28500
29580.85 29600
28053.45 28100
31043.95 31100
36522.21 36600
36831.82 36900
36216.31 36300
36417.31 36500
37053.18 37100
25757.33 25800
25941.57 26000
28198.49 28200
27431.41 27500
27384.03 27400
32407.26 32500
36202.52 36300
36463.19 36500
28588.45 28600
28094.08 28100
28918.26 29000
28245.40 28300
35664.51 35700
35250.74 35300
38381.81 38400
36606.77 36700
28756.15 28800
28550.48 28600
28706.38 28800
28379.68 28400
30402.33 30500
34644.94 34700
36819.22 36900
36278.82 36300
37820.03 37900
37634.22 37700
727.87 800
678.21 700
593.04 600
608.09 700
592.84 600
556.88 600
584.40 600
558.13 600
638.38 700
478.09 500
440.27 500
27064.42 27100
26927.42 27000
28214.27 28300
28364.51 28400
27871.33 27900
28065.97 28100
27589.08 27600
30902.10 31000
35791.83 35800
37381.08 37400
36274.30 36300
37224.55 37300
37113.16 37200
36592.46 36600
21684.04 21700
26092.24 26100
26140.69 26200
26701.61 26800
28979.75 29000
28723.21 28800
27694.23 27700
30086.28 30100
27672.99 27700
29775.26 29800
35760.64 35800
36021.59 36100
38101.66 38200
36541.47 36600
38369.70 38400
35771.20 35800
36442.80 36500
36985.16 37000
657.00 700
724.88 800
673.20 700
673.52 700
651.69 700
625.96 700
590.38 600
670.49 700
586.28 600
17221.11 17300
23345.87 23400
27338.25 27400
29595.54 29600
29116.42 29200
28994.02 29000
27269.24 27300
28151.98 28200
27591.93 27600
28431.72 28500
32505.53 32600
32741.03 32800
37287.41 37300
37076.55 37100
36128.64 36200
37340.65 37400
36215.28 36300
36030.62 36100
579.22 600
603.88 700
505.69 600
504.08 600
546.32 600
723.40 800
620.54 700
575.67 600
574.96 600
575.44 600
484.75 500
482.85 500
403.22 500
416.89 500
346.83 400
27794.80 27800
28507.57 28600
28253.56 28300
27923.30 28000
32022.33 32100
35573.19 35600
36332.27 36400
38086.84 38100
25598.29 25600
27359.23 27400
27813.90 27900
28836.29 28900
29565.46 29600
27770.80 27800
25782.52 25800
37241.36 37300
38137.12 38200
38173.11 38200
36888.53 36900
36553.89 36600
376.52 400
407.28 500
354.02 400
330.46 400
326.23 400
355.55 400
358.35 400
377.71 400
295.37 300
271.89 300
262.04 300
278.87 300
262.84 300
323.03 400
316.47 400
21523.50 21600
27185.81 27200
27830.88 27900
28115.50 28200
28872.94 28900
28994.24 29000
27038.45 27100
28141.15 28200
28115.26 28200
25732.85 25800
28537.57 28600
36432.77 36500
36904.25 37000
37516.69 37600
36745.73 36800
37039.95 37100
35847.21 35900
36736.43 36800
27386.62 27400
28194.41 28200
28491.36 28500
28009.18 28100
28642.05 28700
28177.94 28200
28123.04 28200
28111.54 28200
23687.84 23700
25675.79 25700
30944.67 31000
32765.28 32800
35801.57 35900
37244.85 37300
37057.87 37100
37132.07 37200
642.47 700
631.30 700
567.47 600
594.27 600
652.04 700
682.18 700
607.28 700
464.08 500
520.34 600
20431.37 20500
22470.76 22500
28584.96 28600
28985.02 29000
27956.42 28000
28440.41 28500
27175.35 27200
32900.41 33000
38056.49 38100
37247.06 37300
37419.50 37500
37811.08 37900
35688.61 35700
36102.90 36200
583.72 600
549.04 600
529.74 600
518.42 600
620.17 700
571.95 600
531.82 600
597.62 600
408.08 500
406.76 500
406.98 500
459.70 500
397.07 400
356.40 400
14878.06 14900
26702.75 26800
28204.78 28300
28586.04 28600
28859.17 28900
28842.39 28900
28182.52 28200
27824.97 27900
26857.12 26900
29895.89 29900
35477.26 35500
35336.67 35400
36849.49 36900
37037.11 37100
35742.41 35800
36972.47 37000
687.29 700
620.37 700
653.75 700
666.45 700
618.75 700
603.14 700
633.12 700
573.32 600
570.19 600
665.07 700
586.49 600
687.91 700
585.93 600
580.30 600
594.21 600
381.57 400
412.58 500
398.09 400
489.98 500
410.27 500
487.70 500
404.87 500
474.46 500
412.36 500
429.48 500
552.60 600
14068.86 14100
19932.74 20000
23320.92 23400
23509.15 23600
26542.79 26600
27305.96 27400
27506.22 27600
27962.96 28000
29700.96 29800
28747.39 28800
27339.10 27400
27982.52 28000
27463.42 27500
34683.79 34700
35436.46 35500
37437.50 37500
36629.58 36700
38536.81 38600
36452.03 36500
35874.41 35900
35360.04 35400
37560.95 37600
36503.02 36600
36209.86 36300
37204.47 37300
36064.71 36100
495.77 500
542.56 600
592.87 600
563.11 600
552.30 600
527.84 600
536.15 600
529.40 600
375.60 400
379.93 400
389.96 400
360.59 400
382.01 400
448.35 500
351.41 400
349.97 400
385.66 400
25107.00 25200
25885.03 25900
27923.39 28000
28576.72 28600
27500.42 27600
28236.28 28300
28922.33 29000
28046.31 28100
30403.41 30500
35480.95 35500
35933.52 36000
36349.48 36400
37262.41 37300
36861.47 36900
36320.93 36400
36597.55 36600
780.12 800
576.25 600
618.39 700
655.20 700
695.28 700
608.26 700
833.54 900
693.20 700
632.85 700
464.92 500
478.34 500
442.30 500
449.31 500
28465.09 28500
28740.03 28800
28054.05 28100
29171.03 29200
28889.73 28900
36904.60 37000
36691.94 36700
38406.38 38500
36554.27 36600
36783.77 36800
16004.19 16100
27396.15 27400
27125.92 27200
27630.66 27700
27966.10 28000
29460.74 29500
37107.63 37200
36391.35 36400
35200.32 35300
36570.11 36600
37007.84 37100
38090.33 38100
28327.88 28400
27663.04 27700
28828.78 28900
28768.60 28800
25082.00 25100
26976.35 27000
35937.72 36000
37449.29 37500
15317.04 15400
15957.57 16000
21015.20 21100
28654.96 28700
28553.75 28600
29189.60 29200
28044.44 28100
27878.70 27900
28074.04 28100
29212.92 29300
34145.49 34200
35951.36 36000
37221.79 37300
35415.66 35500
36040.75 36100
36012.70 36100
565.48 600
595.20 600
568.10 600
519.98 600
561.11 600
523.24 600
651.92 700
520.59 600
650.95 700
594.07 600
624.11 700
633.51 700
562.27 600
524.88 600
502.21 600
569.04 600
398.99 400
409.43 500
431.92 500
488.71 500
391.65 400
463.73 500
428.87 500
27843.23 27900
28218.45 28300
30084.48 30100
26905.99 27000
28311.47 28400
27303.41 27400
29400.88 29500
30716.80 30800
37068.14 37100
37852.68 37900
37753.18 37800
37349.19 37400
654.33 700
614.04 700
646.21 700
607.31 700
756.09 800
657.82 700
667.54 700
471.61 500
466.55 500
438.53 500
463.14 500
455.83 500
22536.94 22600
28263.68 28300
29096.01 29100
27742.03 27800
30311.86 30400
37739.42 37800
37228.42 37300
36012.18 36100
28997.17 29000
29126.56 29200
28091.18 28100
27977.50 28000
34839.39 34900
35421.38 35500
36318.63 36400
36797.97 36800
23182.22 23200
28130.02 28200
28071.46 28100
27011.68 27100
27717.66 27800
29325.49 29400
34649.42 34700
36253.81 36300
36702.78 36800
35096.76 35100
37010.04 37100
37284.44 37300
664.40 700
623.84 700
622.61 700
665.05 700
647.64 700
697.16 700
717.68 800
495.16 500
483.34 500
27574.14 27600
28880.90 28900
29380.39 29400
27643.00 27700
28554.58 28600
29103.55 29200
27615.89 27700
28009.07 28100
26832.87 26900
29230.29 29300
31107.60 31200
31872.84 31900
33323.55 33400
35245.87 35300
35852.93 35900
36899.08 36900
18629.90 18700
25266.86 25300
28992.47 29000
29871.78 29900
34347.32 34400
34873.50 34900
35969.24 36000
36558.79 36600
564.15 600
584.73 600
550.93 600
584.60 600
647.56 700
546.28 600
605.67 700
638.78 700
553.57 600
608.64 700
426.86 500
430.45 500
421.90 500
452.68 500
455.22 500
385.21 400
401.91 500
438.89 500
406.98 500
277.45 300
22988.77 23000
28122.01 28200
28310.17 28400
27245.42 27300
33880.28 33900
36731.85 36800
37122.75 37200
36009.83 36100
27181.10 27200
29118.59 29200
28147.87 28200
29107.22 29200
37599.96 37600
36921.91 37000
26375.97 26400
26286.48 26300
27346.64 27400
28025.43 28100
27631.22 27700
30056.00 30100
28876.80 28900
25641.01 25700
33970.34 34000
37283.23 37300
36164.56 36200
36848.49 36900
37332.24 37400
36783.38 36800
621.19 700
804.38 900
695.93 700
777.09 800
702.70 800
797.11 800
683.33 700
702.19 800
604.19 700
550.88 600
541.13 600
25827.72 25900
26610.35 26700
28417.04 28500
29217.58 29300
27545.01 27600
28377.45 28400
28141.51 28200
27909.20 28000
28536.56 28600
31867.48 31900
32229.61 32300
32557.85 32600
34914.82 35000
35882.07 35900
37050.85 37100
36140.83 36200
25208.66 25300
28361.05 28400
29179.96 29200
37344.86 37400
37163.22 37200
36335.36 36400
14812.81 14900
21180.82 21200
27159.51 27200
29162.61 29200
29024.81 29100
28242.30 28300
28268.84 28300
30679.68 30700
36713.33 36800
37150.08 37200
37697.82 37700
36894.71 36900
35917.15 36000
36436.65 36500
667.56 700
684.53 700
635.91 700
660.41 700
607.02 700
740.62 800
655.48 700
733.87 800
687.22 700
522.60 600
696.53 700
742.24 800
619.42 700
700.37 800
660.10 700
800.76 900
771.22 800
611.76 700
706.26 800
625.01 700
703.12 800
580.73 600
585.82 600
637.28 700
422.32 500
485.85 500
522.90 600
459.51 500
461.37 500
578.00 600
431.27 500
423.43 500
417.77 500
512.56 600
28828.99 28900
28882.70 28900
36536.97 36600
37052.70 37100
24296.98 24300
26801.81 26900
28171.33 28200
28505.01 28600
27828.35 27900
27443.38 27500
28758.91 28800
28989.06 29000
28476.11 28500
34185.30 34200
34215.36 34300
35492.26 35500
36145.58 36200
35241.29 35300
36154.24 36200
36911.37 37000
18685.75 18700
28797.12 28800
28631.88 28700
28504.32 28600
28483.94 28500
33756.63 33800
36672.29 36700
36418.18 36500
37678.65 37700
35996.73 36000
710.17 800
544.52 600
637.96 700
549.32 600
639.50 700
658.63 700
609.64 700
571.00 600
498.27 500
511.62 600
482.33 500
504.65 600
552.59 600
13529.06 13600
21811.71 21900
24302.08 24400
25504.17 25600
28806.30 28900
28284.03 28300
27930.81 28000
27934.60 28000
29141.78 29200
28460.45 28500
27366.55 27400
27014.25 27100
35910.39 36000
35584.36 35600
32172.29 32200
35454.82 35500
37238.54 37300
36889.75 36900
37852.73 37900
36307.39 36400
36222.65 36300
36775.18 36800
597.59 600
577.37 600
555.77 600
585.87 600
560.83 600
641.89 700
515.90 600
690.90 700
587.30 600
608.96 700
615.14 700
553.81 600
649.90 700
692.22 700
722.10 800
793.40 800
815.39 900
737.11 800
693.73 700
581.77 600
664.10 700
497.46 500
485.21 500
493.65 500
419.15 500
469.81 500
545.80 600
496.25 500
434.24 500
392.39 400
469.11 500
384.43 400
441.48 500
479.25 500
497.64 500
452.34 500
527.73 600
400.00 400
459.70 500
27590.59 27600
28675.31 28700
27587.57 27600
29899.09 29900
37873.95 37900
36911.10 37000
19695.58 19700
22829.91 22900
28290.17 28300
28775.68 28800
28288.55 28300
27648.32 27700
33401.73 33500
36793.71 36800
37844.38 37900
37886.54 37900
36054.90 36100
36470.42 36500
631.37 700
607.63 700
602.30 700
532.14 600
590.73 600
647.26 700
542.28 600
534.43 600
591.28 600
497.26 500
579.33 600
541.36 600
648.35 700
541.97 600
590.55 600
577.90 600
538.09 600
557.20 600
587.94 600
499.39 500
353.69 400
420.27 500
345.14 400
395.67 400
560.40 600
472.27 500
374.81 400
421.81 500
457.20 500
400.32 500
356.27 400
504.97 600
18479.54 18500
23882.34 23900
24503.91 24600
27983.33 28000
28936.65 29000
28369.39 28400
28262.67 28300
28461.01 28500
27612.54 27700
27583.13 27600
33498.96 33500
34639.70 34700
35195.67 35200
36165.96 36200
37123.63 37200
36058.21 36100
35766.01 35800
37599.68 37600
36336.84 36400
35904.76 36000
517.58 600
525.82 600
642.82 700
570.20 600
686.18 700
676.89 700
725.71 800
556.94 600
441.22 500
438.24 500
431.23 500
396.42 400
479.12 500
386.97 400
441.94 500
419.37 500
16676.68 16700
21225.36 21300
29225.23 29300
27799.48 27800
33427.02 33500
36172.68 36200
36340.69 36400
36140.62 36200
606.73 700
708.48 800
505.04 600
617.93 700
542.59 600
636.13 700
487.24 500
719.57 800
584.64 600
587.24 600
734.47 800
595.33 600
688.99 700
572.56 600
653.63 700
518.23 600
620.84 700
625.46 700
635.76 700
576.71 600
681.70 700
573.90 600
447.47 500
478.18 500
388.79 400
443.49 500
447.63 500
456.72 500
429.95 500
644.27 700
665.52 700
455.52 500
