2606.25 2700
12452.10 12500
21446.46 21500
21470.62 21500
22235.44 22300
21150.08 21200
32365.33 32400
31840.54 31900
32473.42 32500
31382.96 31400
31452.91 31500
10666.81 10700
20499.77 20500
24279.99 24300
27513.10 27600
31743.08 31800
30631.99 30700
22932.12 23000
23739.94 23800
9804.71 9900
33419.22 33500
31655.12 31700
30340.98 30400
6835.13 6900
15969.50 16000
20492.73 20500
23464.67 23500
23817.13 23900
23847.98 23900
4974.32 5000
6179.89 6200
21486.37 21500
31221.58 31300
30868.96 30900
33869.64 33900
31953.44 32000
22124.60 22200
22470.65 22500
22836.52 22900
22989.64 23000
22301.24 22400
22554.65 22600
21420.26 21500
28072.46 28100
30813.73 30900
31109.02 31200
32379.81 32400
31976.01 32000
33352.81 33400
30751.36 30800
23489.47 23500
23311.13 23400
31747.12 31800
32127.88 32200
29994.23 30000
16435.65 16500
20648.66 20700
22995.97 23000
22999.33 23000
23091.55 23100
21178.09 21200
21845.00 21900
21356.90 21400
25255.09 25300
29686.44 29700
30607.28 30700
32441.56 32500
33014.39 33100
29900.04 30000
33758.78 33800
32135.70 32200
29849.43 29900
1254.58 1300
3628.19 3700
19902.48 20000
24372.01 24400
23993.52 24000
21947.52 22000
21783.88 21800
11414.55 11500
26957.32 27000
31676.55 31700
32130.12 32200
29753.45 29800
30180.00 30200
30631.87 30700
30269.84 30300
328.80 400
276.88 300
227.33 300
248.60 300
275.68 300
251.43 300
244.91 300
199.62 200
243.43 300
221.79 300
213.79 300
249.84 300
238.11 300
214.55 300
220.92 300
294.37 300
225.07 300
290.65 300
247.18 300
231.53 300
268.65 300
166.44 200
273.18 300
218.97 300
223.23 300
233.01 300
246.52 300
261.09 300
238.98 300
193.07 200
236.22 300
262.89 300
229.33 300
175.12 200
170.25 200
159.27 200
178.46 200
181.60 200
176.73 200
188.84 200
195.26 200
164.74 200
193.23 200
166.07 200
181.46 200
178.97 200
181.84 200
187.65 200
191.14 200
163.37 200
172.15 200
193.05 200
166.45 200
187.38 200
168.97 200
149.30 200
250.02 300
409.10 500
17242.37 17300
23114.56 23200
24211.95 24300
23837.61 23900
27908.75 28000
28739.75 28800
31112.33 31200
31459.91 31500
30351.90 30400
9118.07 9200
22449.36 22500
23211.99 23300
21693.96 21700
22565.82 22600
21876.59 21900
20997.03 21000
2448.63 2500
19303.49 19400
30232.69 30300
31274.21 31300
33919.95 34000
30773.17 30800
31546.86 31600
29989.83 30000
10628.48 10700
14033.95 14100
17451.70 17500
23074.95 23100
23161.82 23200
24985.66 25000
21792.71 21800
3846.03 3900
6283.05 6300
27460.40 27500
32959.99 33000
30783.11 30800
31473.79 31500
32092.47 32100
30584.37 30600
31336.70 31400
166.81 200
153.56 200
176.30 200
146.33 200
148.94 200
176.15 200
157.04 200
132.55 200
169.54 200
140.80 200
197.46 200
135.40 200
135.58 200
124.41 200
164.97 200
136.63 200
150.34 200
134.22 200
131.47 200
153.37 200
145.69 200
140.81 200
153.38 200
129.79 200
129.40 200
135.87 200
117.38 200
127.57 200
151.66 200
207.35 300
123.65 200
115.53 200
127.45 200
131.78 200
139.45 200
133.41 200
142.06 200
129.85 200
125.92 200
113.12 200
153.90 200
132.69 200
147.01 200
148.62 200
139.92 200
155.25 200
142.23 200
22891.47 22900
21477.36 21500
23642.84 23700
22574.40 22600
31826.68 31900
35075.25 35100
32089.83 32100
30741.50 30800
1920.90 2000
3926.65 4000
9311.43 9400
17832.27 17900
19658.76 19700
20224.24 20300
22709.55 22800
23923.48 24000
21505.18 21600
23066.36 23100
20711.30 20800
1250.75 1300
5019.74 5100
8575.92 8600
29961.46 30000
31369.01 31400
31112.57 31200
32245.68 32300
32658.07 32700
32863.94 32900
31988.58 32000
32287.67 32300
14692.60 14700
16811.39 16900
19570.72 19600
20282.86 20300
23268.21 23300
24048.36 24100
24506.52 24600
23472.49 23500
21917.95 22000
27585.03 27600
31841.86 31900
33222.48 33300
32723.12 32800
32289.98 32300
31235.76 31300
31788.17 31800
29724.02 29800
2427.54 2500
3320.52 3400
12185.87 12200
18396.76 18400
20769.14 20800
23004.61 23100
23150.01 23200
23894.06 23900
23771.08 23800
4580.88 4600
20083.06 20100
23815.12 23900
27872.73 27900
30085.50 30100
33075.13 33100
31409.12 31500
30995.92 31000
30116.28 30200
276.34 300
274.10 300
231.15 300
242.82 300
276.62 300
260.13 300
225.11 300
241.43 300
218.27 300
211.26 300
233.66 300
247.36 300
275.74 300
250.97 300
242.03 300
211.59 300
267.05 300
206.65 300
22658.37 22700
24450.43 24500
21740.35 21800
21393.25 21400
21372.77 21400
3984.55 4000
3966.58 4000
26144.22 26200
29071.96 29100
30027.13 30100
30885.24 30900
34337.34 34400
8260.60 8300
19105.09 19200
24295.55 24300
23087.70 23100
21934.71 22000
21726.77 21800
21193.41 21200
14361.82 14400
28986.33 29000
33032.73 33100
33364.01 33400
31628.21 31700
31400.16 31500
2482.23 2500
10430.44 10500
2066.28 2100
14666.29 14700
19947.20 20000
22111.31 22200
22213.70 22300
20918.06 21000
32640.28 32700
33466.23 33500
33800.75 33900
30483.85 30500
31557.60 31600
31367.48 31400
30373.77 30400
30305.06 30400
348.09 400
293.02 300
290.36 300
291.98 300
317.01 400
305.36 400
304.39 400
328.98 400
271.56 300
277.11 300
268.91 300
365.59 400
274.41 300
352.61 400
326.10 400
321.87 400
269.73 300
309.93 400
335.61 400
233.40 300
322.19 400
380.34 400
234.26 300
190.67 200
214.38 300
208.32 300
222.21 300
219.07 300
197.57 200
194.67 200
218.17 300
266.95 300
179.86 200
184.25 200
213.52 300
200.22 300
210.91 300
210.38 300
122.05 200
24205.51 24300
24309.93 24400
22878.94 22900
22121.93 22200
22227.27 22300
19992.16 20000
28332.40 28400
31015.90 31100
32519.32 32600
30785.19 30800
19495.52 19500
22139.36 22200
22419.52 22500
22932.81 23000
22442.22 22500
21431.66 21500
26432.38 26500
31127.02 31200
31268.24 31300
30818.96 30900
30521.67 30600
30763.55 30800
23263.18 23300
22730.44 22800
22993.79 23000
25240.68 25300
23376.63 23400
20605.99 20700
22341.71 22400
22692.76 22700
29273.58 29300
30870.53 30900
31170.79 31200
31975.78 32000
33258.74 33300
31163.30 31200
19086.88 19100
21023.92 21100
28498.88 28500
31109.59 31200
1947.12 2000
6094.41 6100
19972.25 20000
22542.05 22600
23813.23 23900
23886.12 23900
23650.69 23700
23079.41 23100
22674.70 22700
22192.03 22200
22946.78 23000
24202.47 24300
27300.45 27400
28427.51 28500
33009.80 33100
30601.71 30700
2577.30 2600
9597.07 9600
16060.73 16100
21759.04 21800
23322.30 23400
3169.66 3200
13624.90 13700
26983.52 27000
32162.45 32200
30255.80 30300
285.18 300
212.20 300
331.48 400
238.94 300
260.70 300
267.29 300
219.37 300
237.59 300
266.14 300
270.99 300
231.00 300
244.20 300
300.32 400
223.23 300
246.72 300
210.33 300
237.75 300
277.29 300
202.77 300
235.29 300
266.58 300
245.48 300
353.90 400
272.57 300
292.54 300
223.17 300
215.88 300
275.95 300
213.45 300
363.44 400
224.98 300
354.18 400
206.81 300
321.36 400
258.57 300
275.54 300
247.87 300
174.45 200
297.81 300
204.68 300
250.65 300
236.81 300
292.64 300
258.13 300
374.72 400
269.53 300
310.42 400
263.56 300
254.76 300
301.54 400
275.64 300
230.44 300
313.51 400
249.75 300
230.32 300
223.69 300
321.64 400
11.48 100
208.33 300
196.96 200
215.21 300
160.47 200
200.16 300
182.91 200
171.55 200
191.02 200
150.07 200
184.67 200
227.66 300
197.72 200
560.06 600
216.83 300
185.74 200
166.32 200
201.16 300
180.83 200
183.99 200
216.17 300
188.56 200
201.06 300
166.14 200
199.08 200
206.01 300
225.12 300
171.66 200
167.56 200
190.97 200
230.38 300
177.38 200
221.87 300
182.96 200
190.25 200
172.54 200
228.82 300
167.21 200
159.77 200
177.47 200
196.89 200
184.43 200
185.82 200
2967.08 3000
13604.83 13700
14290.89 14300
23328.59 23400
22308.53 22400
23509.92 23600
23032.02 23100
16671.86 16700
32234.06 32300
31219.46 31300
29802.93 29900
30956.13 31000
30220.70 30300
32154.77 32200
29992.51 30000
225.31 300
248.28 300
200.54 300
241.54 300
258.03 300
355.25 400
325.47 400
317.93 400
286.98 300
224.91 300
256.17 300
226.49 300
355.81 400
212.86 300
297.42 300
319.61 400
268.98 300
236.50 300
306.68 400
242.69 300
309.67 400
225.41 300
311.24 400
294.52 300
350.60 400
234.31 300
231.34 300
256.45 300
272.29 300
254.70 300
228.14 300
289.78 300
238.94 300
208.72 300
267.76 300
240.69 300
258.44 300
353.93 400
258.49 300
278.65 300
231.07 300
207.00 300
344.39 400
228.13 300
336.36 400
233.01 300
338.08 400
257.01 300
265.79 300
269.43 300
189.12 200
326.14 400
240.81 300
272.16 300
239.35 300
348.71 400
187.22 200
186.70 200
261.73 300
285.46 300
196.30 200
169.37 200
238.91 300
215.07 300
172.75 200
265.51 300
182.20 200
262.27 300
172.11 200
171.39 200
227.25 300
215.08 300
403.52 500
274.06 300
182.43 200
212.63 300
163.31 200
199.08 200
179.57 200
247.96 300
179.34 200
172.74 200
230.81 300
225.50 300
239.17 300
213.95 300
220.54 300
212.93 300
6956.39 7000
16684.51 16700
17756.30 17800
19854.92 19900
23881.27 23900
24113.53 24200
5284.94 5300
18344.23 18400
31289.14 31300
31532.07 31600
31018.11 31100
32254.17 32300
23830.13 23900
22277.40 22300
13219.05 13300
3066.81 3100
32005.70 32100
28146.45 28200
30402.92 30500
237.08 300
183.13 200
185.96 200
129.05 200
129.46 200
184.19 200
106.51 200
131.07 200
143.38 200
168.53 200
138.30 200
130.63 200
161.30 200
143.10 200
146.50 200
168.44 200
154.25 200
147.90 200
190.82 200
153.84 200
115.86 200
103.69 200
147.58 200
120.43 200
154.17 200
129.07 200
140.46 200
145.97 200
115.04 200
145.33 200
126.12 200
139.14 200
118.99 200
125.40 200
132.82 200
134.97 200
122.50 200
154.97 200
121.95 200
104.58 200
129.77 200
134.04 200
125.85 200
127.77 200
142.86 200
121.60 200
141.14 200
125.61 200
118.68 200
133.17 200
118.25 200
139.94 200
118.64 200
137.47 200
4461.38 4500
9628.37 9700
21055.60 21100
22938.63 23000
24437.92 24500
21095.23 21100
21712.91 21800
1414.11 1500
10842.79 10900
11681.59 11700
22099.30 22100
32014.51 32100
32028.06 32100
29808.48 29900
30376.24 30400
30224.42 30300
23670.10 23700
24302.23 24400
20741.10 20800
12303.60 12400
26828.44 26900
32734.52 32800
17714.96 17800
22627.22 22700
22901.98 23000
22784.62 22800
23257.75 23300
25772.20 25800
23447.96 23500
5267.53 5300
19202.74 19300
28662.20 28700
32375.92 32400
32619.74 32700
33654.05 33700
31243.74 31300
31938.48 32000
23601.64 23700
21934.47 22000
22686.49 22700
15103.73 15200
24839.02 24900
31456.07 31500
2712.95 2800
10542.81 10600
21897.35 21900
22526.09 22600
22798.49 22800
32783.80 32800
31338.28 31400
30209.35 30300
29939.91 30000
269.17 300
353.43 400
291.15 300
273.81 300
243.09 300
258.29 300
372.20 400
252.94 300
273.51 300
335.58 400
252.37 300
308.97 400
298.48 300
340.06 400
22982.16 23000
23900.48 24000
23230.08 23300
22304.15 22400
22706.10 22800
19852.06 19900
26414.45 26500
30642.92 30700
32002.05 32100
32328.77 32400
29816.51 29900
3891.74 3900
7196.00 7200
21634.91 21700
22090.74 22100
23811.65 23900
25141.88 25200
23410.23 23500
22787.32 22800
21406.96 21500
4097.93 4100
16440.41 16500
30142.83 30200
30885.08 30900
33128.65 33200
33169.36 33200
32705.16 32800
30580.14 30600
10777.61 10800
16591.87 16600
22258.29 22300
21629.44 21700
22768.51 22800
31875.29 31900
31242.00 31300
31296.57 31300
303.60 400
292.93 300
332.31 400
248.86 300
303.68 400
232.66 300
267.21 300
2893.21 2900
3611.09 3700
11550.33 11600
20001.26 20100
21869.47 21900
23190.28 23200
23075.23 23100
22680.54 22700
23791.92 23800
21175.27 21200
2766.96 2800
16830.45 16900
19485.23 19500
25288.70 25300
31621.77 31700
32350.85 32400
30687.54 30700
30277.48 30300
30232.74 30300
3141.53 3200
18528.01 18600
20288.32 20300
20664.12 20700
20622.39 20700
1412.47 1500
9567.41 9600
31691.50 31700
29890.80 29900
31982.22 32000
30843.25 30900
3226.66 3300
15916.54 16000
16142.43 16200
19417.41 19500
24505.18 24600
21811.42 21900
23033.70 23100
5289.27 5300
29529.73 29600
32012.52 32100
31488.58 31500
30991.81 31000
32471.10 32500
30394.84 30400
30296.05 30300
23551.43 23600
23560.56 23600
22994.74 23000
24912.84 25000
20858.19 20900
17581.46 17600
24988.68 25000
25531.62 25600
26472.91 26500
32312.81 32400
14144.72 14200
22311.48 22400
22947.20 23000
24225.34 24300
3691.39 3700
27188.83 27200
32482.42 32500
29500.32 29600
30391.13 30400
31938.21 32000
1439.19 1500
2209.44 2300
1781.08 1800
5211.57 5300
7356.27 7400
9640.98 9700
14436.57 14500
22278.55 22300
22911.48 23000
23924.47 24000
21537.97 21600
23657.47 23700
21801.89 21900
1477.83 1500
4822.23 4900
10732.53 10800
20013.97 20100
29965.54 30000
31840.21 31900
30857.47 30900
30009.48 30100
30237.66 30300
30421.72 30500
155.68 200
146.23 200
160.10 200
139.72 200
132.13 200
156.57 200
148.83 200
149.77 200
156.59 200
147.73 200
139.39 200
149.26 200
140.75 200
183.56 200
141.18 200
149.07 200
136.55 200
147.26 200
142.75 200
123.66 200
125.38 200
154.18 200
165.18 200
161.85 200
138.85 200
153.93 200
148.44 200
149.72 200
128.63 200
110.73 200
133.80 200
128.69 200
134.46 200
141.24 200
151.85 200
93.48 100
140.20 200
100.16 200
142.47 200
121.49 200
145.25 200
159.67 200
125.08 200
108.59 200
142.96 200
141.17 200
154.81 200
23211.33 23300
23417.41 23500
22648.80 22700
29618.04 29700
2178.19 2200
6965.28 7000
21158.31 21200
23503.23 23600
22667.26 22700
22325.47 22400
23829.87 23900
22622.43 22700
13663.06 13700
30993.45 31000
32148.35 32200
33694.63 33700
30289.95 30300
31534.72 31600
19699.15 19700
24353.70 24400
20984.15 21000
20758.96 20800
22561.03 22600
8415.61 8500
32819.77 32900
32304.70 32400
30222.21 30300
33687.09 33700
32296.87 32300
3379.51 3400
18699.35 18700
22356.63 22400
23102.95 23200
31851.77 31900
32524.09 32600
32624.16 32700
297.73 300
337.02 400
306.10 400
302.99 400
288.71 300
205.28 300
247.60 300
225.72 300
264.29 300
214.52 300
283.30 300
336.34 400
245.34 300
321.62 400
299.22 300
320.32 400
293.93 300
332.99 400
287.65 300
343.89 400
352.51 400
263.05 300
263.45 300
285.90 300
242.56 300
219.09 300
229.50 300
188.67 200
202.49 300
214.90 300
191.34 200
204.59 300
189.24 200
177.53 200
207.67 300
195.71 200
188.59 200
215.66 300
181.16 200
213.42 300
211.28 300
221.56 300
236.10 300
21225.55 21300
23431.72 23500
22426.93 22500
19636.79 19700
32259.02 32300
30853.86 30900
19271.42 19300
22480.12 22500
24090.13 24100
23919.59 24000
22818.22 22900
20999.43 21000
23382.02 23400
15292.67 15300
24026.58 24100
31764.52 31800
33325.75 33400
34158.58 34200
32640.90 32700
33278.62 33300
4437.10 4500
9687.49 9700
23251.76 23300
22697.41 22700
24215.45 24300
22342.67 22400
23987.36 24000
21609.12 21700
21161.13 21200
8584.10 8600
9948.69 10000
27294.81 27300
30125.64 30200
30486.09 30500
29892.50 29900
31765.09 31800
32202.68 32300
33456.33 33500
8194.27 8200
22268.65 22300
20984.98 21000
22387.82 22400
3461.61 3500
26953.99 27000
32150.88 32200
30649.79 30700
20533.05 20600
22357.31 22400
23474.25 23500
22389.50 22400
21137.71 21200
22143.51 22200
30268.82 30300
32521.93 32600
32390.74 32400
33496.36 33500
32206.13 32300
32220.41 32300
22871.50 22900
23856.92 23900
21169.64 21200
21462.92 21500
22128.00 22200
32612.03 32700
30655.04 30700
29753.20 29800
30658.79 30700
21237.81 21300
20849.61 20900
21893.73 21900
26885.21 26900
33406.34 33500
33965.87 34000
29770.88 29800
21794.87 21800
23186.08 23200
22836.73 22900
22077.77 22100
21740.81 21800
25554.01 25600
27867.02 27900
31202.25 31300
31369.31 31400
31074.32 31100
3272.08 3300
19100.87 19200
21465.58 21500
20974.99 21000
24076.28 24100
32076.18 32100
31999.22 32000
3269.79 3300
17030.37 17100
23401.92 23500
24147.48 24200
22375.76 22400
21934.39 22000
22734.98 22800
26448.97 26500
29091.42 29100
31044.42 31100
30694.05 30700
30652.11 30700
30024.93 30100
30883.84 30900
3327.40 3400
5601.66 5700
14632.83 14700
18306.83 18400
24137.28 24200
23411.15 23500
24057.94 24100
21718.77 21800
6482.74 6500
29050.49 29100
29735.32 29800
33136.42 33200
33003.04 33100
31327.73 31400
31929.84 32000
18855.29 18900
18844.46 18900
21191.32 21200
31267.28 31300
32414.58 32500
32557.68 32600
7023.18 7100
21413.37 21500
21656.69 21700
23284.91 23300
22364.91 22400
23895.98 23900
22796.40 22800
23795.52 23800
21509.26 21600
1923.31 2000
4373.93 4400
19425.71 19500
28004.58 28100
30771.40 30800
33398.28 33400
33001.76 33100
33617.25 33700
33236.43 33300
33558.72 33600
1067.71 1100
2235.97 2300
11510.14 11600
14612.69 14700
19428.95 19500
24246.50 24300
21597.31 21600
21343.94 21400
3440.32 3500
6898.63 6900
26395.82 26400
33742.92 33800
32676.35 32700
31883.81 31900
31017.77 31100
32028.11 32100
218.91 300
216.49 300
267.31 300
254.93 300
224.12 300
244.56 300
269.99 300
303.44 400
222.87 300
209.92 300
193.82 200
215.80 300
248.18 300
247.13 300
266.36 300
221.77 300
234.85 300
249.77 300
261.86 300
252.44 300
209.63 300
13072.95 13100
19829.12 19900
24326.16 24400
22831.23 22900
21603.83 21700
26806.39 26900
29028.29 29100
31780.90 31800
31056.55 31100
30137.07 30200
2238.40 2300
7529.03 7600
12747.14 12800
18080.32 18100
22569.06 22600
24356.03 24400
23471.50 23500
21800.39 21900
20805.11 20900
4460.47 4500
30282.29 30300
30471.79 30500
32360.08 32400
31443.79 31500
31467.39 31500
29983.74 30000
31504.59 31600
32268.66 32300
21059.85 21100
30367.25 30400
21114.37 21200
22215.56 22300
24185.49 24200
22206.77 22300
24163.37 24200
20978.23 21000
20805.46 20900
8123.47 8200
26364.56 26400
25141.51 25200
30514.13 30600
31266.27 31300
34018.40 34100
32064.43 32100
29812.44 29900
30474.21 30500
2348.86 2400
9364.04 9400
14625.13 14700
20906.85 21000
22895.46 22900
22213.57 22300
24306.49 24400
24338.86 24400
25404.18 25500
24568.83 24600
21443.43 21500
1647.03 1700
8831.63 8900
16805.01 16900
21216.60 21300
24716.83 24800
30326.61 30400
32108.49 32200
33279.31 33300
33213.91 33300
31413.93 31500
32432.95 32500
19826.76 19900
20873.40 20900
22250.27 22300
22381.20 22400
23246.44 23300
23320.68 23400
31588.00 31600
31392.92 31400
33209.24 33300
33047.55 33100
33488.65 33500
31744.59 31800
354.68 400
277.28 300
289.20 300
330.89 400
324.92 400
314.23 400
329.74 400
348.53 400
313.01 400
314.49 400
338.58 400
285.51 300
330.42 400
286.49 300
286.51 300
337.55 400
308.16 400
216.99 300
226.62 300
212.33 300
192.62 200
210.91 300
222.72 300
222.72 300
214.11 300
220.49 300
200.62 300
225.68 300
214.62 300
200.05 300
218.01 300
217.14 300
205.75 300
178.95 200
199.98 200
190.86 200
21216.77 21300
22464.81 22500
22711.94 22800
23461.55 23500
20688.21 20700
32291.96 32300
31923.71 32000
33491.76 33500
30524.47 30600
31800.28 31900
29874.64 29900
23418.77 23500
24454.80 24500
22938.69 23000
22667.37 22700
18640.17 18700
25406.47 25500
30167.64 30200
31230.04 31300
2514.50 2600
9649.05 9700
19757.18 19800
21067.80 21100
22288.96 22300
22995.72 23000
23271.53 23300
21724.50 21800
3231.46 3300
24997.31 25000
31477.47 31500
32942.65 33000
33203.24 33300
33324.13 33400
30940.24 31000
23686.22 23700
22554.79 22600
24577.93 24600
24810.10 24900
22200.61 22300
4128.22 4200
5181.32 5200
14213.61 14300
31207.37 31300
31913.51 32000
32268.90 32300
30901.78 31000
12448.79 12500
20811.05 20900
20533.89 20600
23339.83 23400
33375.59 33400
32204.07 32300
30521.77 30600
32099.13 32100
30399.82 30400
248.49 300
289.06 300
277.33 300
229.25 300
264.75 300
223.64 300
246.32 300
196.49 200
241.42 300
265.77 300
187.26 200
243.52 300
185.77 200
244.89 300
249.20 300
242.22 300
218.75 300
221.39 300
232.00 300
321.83 400
275.77 300
233.09 300
248.92 300
243.67 300
191.05 200
237.45 300
286.21 300
193.18 200
3815.29 3900
18851.86 18900
19302.10 19400
21665.27 21700
22248.90 22300
21495.87 21500
33808.39 33900
32133.31 32200
32289.71 32300
30574.86 30600
30921.46 31000
2992.19 3000
4969.68 5000
17074.35 17100
21761.37 21800
21798.64 21800
22166.53 22200
30400.95 30500
33120.93 33200
30154.55 30200
32598.80 32600
22109.50 22200
22792.28 22800
21210.95 21300
23092.71 23100
22795.21 22800
29688.04 29700
32808.99 32900
30436.63 30500
3021.18 3100
4046.64 4100
7555.28 7600
12403.63 12500
13722.25 13800
18808.14 18900
19030.80 19100
22771.19 22800
22706.57 22800
22959.24 23000
23001.42 23100
22108.25 22200
24224.90 24300
13382.20 13400
31767.56 31800
31974.82 32000
31601.47 31700
32904.63 33000
30656.73 30700
31717.17 31800
31177.00 31200
31785.61 31800
30336.42 30400
30662.48 30700
242.88 300
200.70 300
212.67 300
190.93 200
213.54 300
220.67 300
239.08 300
242.37 300
246.33 300
344.36 400
283.86 300
216.51 300
215.21 300
254.33 300
261.23 300
278.24 300
247.73 300
276.03 300
196.80 200
227.33 300
263.17 300
268.26 300
235.70 300
208.09 300
183.91 200
201.67 300
186.04 200
179.77 200
220.92 300
353.03 400
200.12 300
173.77 200
168.63 200
170.80 200
168.16 200
171.89 200
193.06 200
219.55 300
172.61 200
191.60 200
157.94 200
153.60 200
169.58 200
170.44 200
189.25 200
4321.68 4400
4690.70 4700
21506.34 21600
21823.87 21900
22201.75 22300
23086.41 23100
24397.62 24400
22149.33 22200
6916.07 7000
23601.39 23700
31344.22 31400
33177.94 33200
32967.86 33000
32828.08 32900
33938.78 34000
19049.18 19100
22015.23 22100
23226.38 23300
22616.70 22700
29862.89 29900
31951.30 32000
31013.77 31100
30826.38 30900
7887.78 7900
18599.41 18600
21972.82 22000
22793.30 22800
23508.78 23600
22897.50 22900
17330.11 17400
32365.62 32400
31784.49 31800
30568.50 30600
32558.54 32600
20959.19 21000
20868.84 20900
24086.96 24100
23040.49 23100
21161.88 21200
20912.41 21000
15254.85 15300
22530.99 22600
29342.04 29400
32697.82 32700
32382.89 32400
33188.28 33200
4832.00 4900
22590.18 22600
22840.60 22900
22012.33 22100
21715.63 21800
21040.22 21100
21998.57 22000
22832.43 22900
6960.35 7000
24977.36 25000
25706.97 25800
31327.49 31400
32436.55 32500
34412.10 34500
33464.35 33500
30669.02 30700
29967.80 30000
30230.45 30300
235.22 300
215.86 300
219.65 300
255.28 300
233.14 300
242.45 300
202.11 300
266.98 300
215.91 300
241.90 300
235.75 300
267.43 300
281.03 300
271.62 300
276.10 300
247.30 300
175.91 200
165.35 200
196.37 200
184.53 200
175.70 200
171.01 200
183.71 200
181.84 200
191.04 200
153.93 200
174.99 200
186.80 200
153.13 200
172.03 200
156.60 200
142.17 200
189.65 200
193.23 200
178.75 200
180.49 200
179.65 200
11274.02 11300
15932.59 16000
21736.05 21800
24936.94 25000
24654.42 24700
23158.37 23200
18126.50 18200
27620.08 27700
31086.71 31100
30961.84 31000
31863.00 31900
31598.51 31600
130.25 200
151.10 200
150.27 200
139.59 200
157.93 200
174.68 200
138.66 200
166.90 200
157.57 200
165.73 200
138.63 200
110.13 200
157.90 200
153.28 200
125.25 200
164.33 200
159.32 200
171.10 200
109.16 200
177.47 200
161.27 200
151.39 200
140.47 200
167.10 200
161.55 200
142.70 200
133.50 200
130.88 200
131.89 200
158.54 200
146.66 200
121.36 200
165.91 200
158.82 200
151.70 200
177.42 200
155.49 200
110.42 200
136.25 200
126.89 200
125.49 200
120.82 200
142.08 200
149.63 200
413.01 500
114.47 200
149.10 200
122.49 200
152.50 200
133.81 200
134.35 200
116.90 200
122.42 200
135.59 200
143.56 200
135.73 200
136.24 200
114.53 200
168.12 200
106.21 200
121.51 200
146.97 200
130.97 200
89.96 100
135.90 200
120.34 200
116.70 200
130.16 200
125.37 200
142.48 200
1247.61 1300
2697.03 2700
5508.16 5600
16141.93 16200
21248.68 21300
23133.23 23200
22159.16 22200
21565.58 21600
23797.18 23800
32092.77 32100
29219.83 29300
33547.74 33600
34318.36 34400
32347.46 32400
32121.67 32200
165.62 200
161.10 200
151.62 200
137.35 200
139.02 200
142.76 200
134.34 200
120.87 200
194.98 200
146.72 200
179.44 200
115.37 200
132.95 200
191.33 200
194.51 200
162.26 200
159.04 200
164.41 200
119.05 200
108.12 200
115.96 200
144.14 200
127.41 200
121.72 200
102.13 200
110.44 200
120.54 200
118.92 200
125.44 200
121.66 200
104.73 200
122.00 200
116.03 200
118.91 200
116.91 200
127.91 200
108.23 200
132.49 200
118.94 200
102.56 200
103.29 200
147.77 200
114.60 200
118.65 200
113.95 200
123.36 200
155.98 200
136.55 200
129.59 200
130.60 200
4709.28 4800
21967.88 22000
23108.85 23200
23622.66 23700
23236.15 23300
22888.27 22900
21070.57 21100
7962.38 8000
30301.42 30400
32099.14 32100
30436.41 30500
32483.23 32500
30666.38 30700
31490.62 31500
30280.50 30300
9448.87 9500
11421.05 11500
21735.00 21800
23538.06 23600
21817.51 21900
21324.81 21400
21786.73 21800
21508.84 21600
2461.10 2500
13929.12 14000
19543.54 19600
20973.59 21000
31916.05 32000
31921.82 32000
31457.29 31500
30734.47 30800
185.87 200
129.59 200
154.48 200
140.92 200
174.83 200
133.98 200
132.61 200
171.66 200
133.95 200
165.76 200
157.67 200
165.65 200
155.56 200
129.21 200
170.19 200
177.78 200
148.19 200
160.41 200
122.96 200
169.09 200
188.94 200
153.32 200
150.95 200
134.69 200
139.85 200
153.48 200
188.80 200
116.59 200
140.13 200
146.84 200
173.64 200
159.23 200
150.47 200
151.15 200
149.37 200
150.43 200
137.80 200
150.18 200
162.24 200
161.74 200
165.84 200
126.82 200
136.53 200
164.92 200
23074.61 23100
23879.77 23900
21368.48 21400
23588.79 23600
23679.06 23700
23527.67 23600
24518.81 24600
1429.91 1500
4414.91 4500
4959.95 5000
7794.08 7800
15661.24 15700
29202.66 29300
31988.95 32000
31950.38 32000
32473.35 32500
32061.26 32100
30987.61 31000
23593.63 23600
23598.94 23600
24392.12 24400
29058.23 29100
5499.41 5500
6002.46 6100
6061.78 6100
23195.11 23200
22696.19 22700
22444.99 22500
22651.04 22700
22286.82 22300
24465.39 24500
23360.27 23400
21611.71 21700
9658.77 9700
29978.25 30000
30793.07 30800
30049.10 30100
30146.15 30200
31666.71 31700
30547.63 30600
31246.78 31300
30624.19 30700
21849.04 21900
24341.92 24400
21001.06 21100
7812.79 7900
31802.08 31900
32114.23 32200
32729.29 32800
7627.29 7700
15798.69 15800
20772.34 20800
22912.64 23000
22988.99 23000
23478.87 23500
17427.41 17500
30925.21 31000
32014.04 32100
32580.54 32600
31678.84 31700
30070.53 30100
3672.86 3700
20457.12 20500
21198.59 21200
22309.72 22400
23747.52 23800
22658.71 22700
24176.34 24200
16660.76 16700
33012.43 33100
33405.84 33500
33553.23 33600
35198.08 35200
30129.69 30200
10335.08 10400
22515.94 22600
23433.62 23500
23324.00 23400
29950.77 30000
31547.13 31600
31469.46 31500
31337.07 31400
161.76 200
129.03 200
179.75 200
157.63 200
162.58 200
188.87 200
154.59 200
177.35 200
144.67 200
153.35 200
164.55 200
151.26 200
136.36 200
133.80 200
124.14 200
157.73 200
145.86 200
167.63 200
157.23 200
161.03 200
136.26 200
161.50 200
179.41 200
194.00 200
127.85 200
123.66 200
121.13 200
128.31 200
4377.12 4400
21755.44 21800
21858.43 21900
23716.90 23800
24039.04 24100
20994.52 21000
7983.98 8000
32458.62 32500
32500.17 32600
32883.59 32900
33079.47 33100
30435.46 30500
30367.85 30400
30329.13 30400
330.12 400
287.87 300
350.15 400
303.13 400
394.90 400
308.66 400
390.19 400
325.42 400
276.36 300
288.81 300
318.03 400
265.28 300
284.47 300
271.78 300
226.09 300
283.29 300
308.89 400
248.71 300
266.84 300
300.43 400
300.67 400
300.27 400
209.25 300
4527.98 4600
18570.35 18600
21157.79 21200
22592.05 22600
22164.14 22200
23276.70 23300
32511.91 32600
33954.25 34000
32351.25 32400
34116.47 34200
32621.00 32700
172.23 200
120.63 200
165.21 200
134.76 200
139.33 200
153.75 200
130.89 200
175.18 200
151.44 200
167.06 200
146.46 200
156.94 200
174.39 200
141.45 200
148.85 200
148.39 200
170.17 200
133.77 200
158.93 200
92.37 100
147.22 200
147.06 200
124.41 200
142.60 200
135.63 200
136.22 200
137.26 200
142.73 200
138.95 200
154.84 200
143.14 200
153.07 200
168.52 200
120.45 200
122.18 200
163.27 200
135.04 200
130.04 200
125.41 200
125.93 200
3246.37 3300
5084.75 5100
9666.94 9700
18073.26 18100
20456.63 20500
23992.08 24000
23748.23 23800
21971.63 22000
21447.29 21500
2452.36 2500
4100.76 4200
15104.53 15200
17166.36 17200
26400.21 26500
26170.56 26200
32107.32 32200
31842.81 31900
5501.35 5600
7611.11 7700
22313.75 22400
22016.69 22100
24161.77 24200
24080.78 24100
21952.00 22000
22920.46 23000
6572.21 6600
19527.22 19600
28143.77 28200
30093.97 30100
32961.52 33000
33214.79 33300
34523.64 34600
29975.91 30000
30107.23 30200
287.82 300
323.43 400
312.26 400
330.84 400
341.50 400
364.27 400
322.38 400
232.49 300
278.00 300
329.06 400
296.04 300
304.39 400
259.18 300
287.61 300
316.99 400
273.24 300
22800.66 22900
23262.45 23300
22920.66 23000
20978.30 21000
27968.30 28000
33358.32 33400
34074.41 34100
30925.84 31000
22013.46 22100
22560.47 22600
23262.53 23300
25635.64 25700
21540.34 21600
23179.44 23200
24341.97 24400
30509.83 30600
32159.39 32200
29741.07 29800
34056.83 34100
30265.86 30300
13266.21 13300
18381.65 18400
22771.81 22800
23024.58 23100
26739.69 26800
33132.97 33200
31999.87 32000
31818.01 31900
254.87 300
250.96 300
249.68 300
214.09 300
280.29 300
236.07 300
237.07 300
239.72 300
315.47 400
277.57 300
282.53 300
249.57 300
225.27 300
266.11 300
227.63 300
259.24 300
274.77 300
230.24 300
212.79 300
210.28 300
246.29 300
264.33 300
260.97 300
301.56 400
197.49 200
248.46 300
264.09 300
242.46 300
195.95 200
250.53 300
229.54 300
246.66 300
172.89 200
172.12 200
176.41 200
184.03 200
139.54 200
145.11 200
198.35 200
153.99 200
534.19 600
188.85 200
183.16 200
174.98 200
175.73 200
219.68 300
167.79 200
167.15 200
178.69 200
160.08 200
190.46 200
185.53 200
197.99 200
189.61 200
17671.13 17700
21854.08 21900
22238.05 22300
22165.83 22200
21709.52 21800
22257.53 22300
21148.39 21200
17796.60 17800
29216.63 29300
32320.68 32400
31471.07 31500
33063.17 33100
31196.76 31200
30565.00 30600
19464.25 19500
22293.74 22300
23536.50 23600
23362.93 23400
23189.57 23200
27743.07 27800
30754.99 30800
33260.92 33300
32772.83 32800
30731.90 30800
19572.66 19600
22914.95 23000
23050.41 23100
22547.07 22600
31128.82 31200
31123.46 31200
32841.37 32900
32231.08 32300
30073.36 30100
23182.64 23200
22208.03 22300
21703.30 21800
23459.40 23500
9864.35 9900
31812.43 31900
31721.25 31800
32587.60 32600
29416.02 29500
31989.92 32000
4558.78 4600
19341.79 19400
19539.54 19600
21424.59 21500
23015.94 23100
23658.44 23700
21170.88 21200
21376.10 21400
4653.56 4700
23500.62 23600
31353.90 31400
32084.90 32100
32671.29 32700
31444.74 31500
32948.92 33000
33589.40 33600
1343.14 1400
3165.70 3200
3967.59 4000
17132.17 17200
18582.49 18600
19931.81 20000
21920.01 22000
21667.90 21700
28245.10 28300
29868.86 29900
33568.49 33600
29803.97 29900
32209.28 32300
30123.90 30200
32959.33 33000
232.15 300
299.76 300
236.37 300
246.99 300
244.81 300
268.74 300
224.61 300
259.18 300
237.82 300
215.87 300
208.52 300
246.83 300
203.09 300
238.38 300
271.77 300
235.93 300
298.41 300
218.52 300
334.19 400
218.90 300
343.35 400
266.68 300
251.35 300
297.82 300
348.36 400
215.17 300
332.46 400
230.14 300
309.78 400
264.64 300
232.06 300
321.59 400
227.41 300
236.27 300
221.25 300
374.28 400
252.57 300
304.32 400
249.73 300
327.70 400
221.93 300
207.55 300
224.42 300
218.31 300
316.39 400
316.86 400
202.90 300
300.70 400
179.67 200
215.51 300
215.24 300
213.08 300
221.53 300
225.96 300
192.30 200
184.23 200
174.50 200
185.53 200
196.30 200
208.55 300
8429.23 8500
20114.01 20200
21610.52 21700
22609.84 22700
22699.87 22700
21389.93 21400
14681.88 14700
32649.95 32700
33194.08 33200
33319.57 33400
30649.90 30700
29846.37 29900
2575.70 2600
13528.79 13600
19855.31 19900
21490.21 21500
23651.60 23700
23849.60 23900
22914.82 23000
21535.34 21600
7491.47 7500
13571.02 13600
17276.70 17300
31128.47 31200
32131.27 32200
32555.00 32600
33251.93 33300
31438.10 31500
23603.36 23700
22264.11 22300
22298.47 22300
31018.67 31100
31778.56 31800
30429.94 30500
29976.37 30000
18758.94 18800
22403.34 22500
23415.34 23500
23172.29 23200
21266.34 21300
21955.28 22000
21500.74 21600
21237.93 21300
30201.54 30300
31960.54 32000
30111.17 30200
31242.57 31300
2684.22 2700
12511.49 12600
13270.22 13300
20160.45 20200
22996.04 23000
23569.70 23600
21254.77 21300
23559.71 23600
25178.82 25200
31689.88 31700
31584.66 31600
31131.76 31200
31792.13 31800
21458.64 21500
23556.94 23600
22771.95 22800
22736.11 22800
21794.90 21800
29522.10 29600
30480.34 30500
33814.84 33900
29934.90 30000
31098.07 31100
23977.29 24000
24002.32 24100
24084.67 24100
23206.38 23300
21079.02 21100
5342.48 5400
22503.86 22600
26324.01 26400
31600.18 31700
32078.46 32100
30638.64 30700
1141.74 1200
2785.78 2800
3586.32 3600
16803.79 16900
21100.22 21200
21086.24 21100
21829.02 21900
31626.86 31700
32040.94 32100
30942.87 31000
32285.94 32300
139.27 200
163.19 200
140.22 200
149.17 200
164.61 200
176.80 200
150.00 200
156.79 200
142.94 200
132.77 200
146.05 200
149.53 200
128.14 200
121.01 200
141.81 200
157.14 200
125.05 200
162.46 200
136.33 200
136.49 200
115.49 200
146.30 200
147.98 200
143.77 200
135.99 200
180.77 200
165.25 200
125.08 200
138.91 200
169.26 200
159.18 200
120.98 200
161.26 200
154.11 200
157.02 200
166.35 200
164.60 200
154.30 200
146.36 200
133.65 200
177.57 200
137.71 200
150.69 200
140.03 200
135.01 200
145.87 200
170.05 200
144.33 200
152.57 200
149.71 200
139.79 200
117.80 200
142.96 200
112.80 200
152.73 200
120.47 200
149.90 200
141.52 200
125.21 200
145.36 200
132.97 200
134.83 200
140.91 200
130.87 200
130.90 200
145.62 200
153.93 200
110.00 200
157.12 200
121.78 200
133.96 200
123.76 200
136.32 200
142.65 200
148.62 200
5939.25 6000
19570.58 19600
20074.38 20100
22822.27 22900
23480.82 23500
23674.12 23700
23786.30 23800
22654.30 22700
23309.76 23400
27067.15 27100
29137.18 29200
29610.78 29700
28953.36 29000
31078.96 31100
32586.39 32600
33420.67 33500
32534.78 32600
23249.52 23300
21308.34 21400
28848.39 28900
29674.69 29700
22874.77 22900
22478.17 22500
34149.87 34200
30782.73 30800
2949.94 3000
12275.01 12300
23917.91 24000
32349.37 32400
31387.95 31400
30330.67 30400
8493.31 8500
20692.85 20700
20442.25 20500
22790.82 22800
22259.80 22300
23436.36 23500
21435.81 21500
21447.05 21500
4697.05 4700
27669.00 27700
29567.83 29600
31651.83 31700
32033.41 32100
31422.00 31500
32381.94 32400
31926.50 32000
18998.06 19000
21319.00 21400
24159.24 24200
21877.51 21900
22879.73 22900
29451.61 29500
30674.36 30700
32737.48 32800
30510.49 30600
30574.87 30600
8490.23 8500
20257.48 20300
22389.15 22400
22719.03 22800
22464.73 22500
22627.61 22700
3839.83 3900
28441.14 28500
32498.66 32500
30117.84 30200
32169.51 32200
32890.63 32900
23595.34 23600
32518.59 32600
22328.16 22400
31109.04 31200
2837.26 2900
7461.28 7500
12760.52 12800
13919.14 14000
21180.53 21200
21644.68 21700
23003.06 23100
22700.44 22800
21946.53 22000
21972.24 22000
23782.52 23800
32037.55 32100
33492.93 33500
33217.96 33300
30854.66 30900
33783.98 33800
31807.83 31900
32337.06 32400
29958.24 30000
2629.28 2700
7282.69 7300
11471.96 11500
11881.32 11900
12418.79 12500
23204.99 23300
23815.51 23900
22623.94 22700
3807.25 3900
29317.77 29400
31889.11 31900
31821.84 31900
31074.06 31100
31487.59 31500
30449.15 30500
341.36 400
247.49 300
290.17 300
273.36 300
209.18 300
271.15 300
297.56 300
224.53 300
231.78 300
323.14 400
278.87 300
309.87 400
321.19 400
321.39 400
247.90 300
246.44 300
298.81 300
278.68 300
334.25 400
335.10 400
274.21 300
261.60 300
226.29 300
268.67 300
290.56 300
277.28 300
229.07 300
298.88 300
223.78 300
291.48 300
340.11 400
256.39 300
283.61 300
243.94 300
241.19 300
291.70 300
257.44 300
227.02 300
199.22 200
207.42 300
190.41 200
204.16 300
202.44 300
208.64 300
354.31 400
387.82 400
219.40 300
214.80 300
183.03 200
174.25 200
245.45 300
207.90 300
23670.94 23700
24978.68 25000
23968.51 24000
22096.07 22100
20876.18 20900
28291.22 28300
31022.03 31100
34455.67 34500
4391.48 4400
8284.88 8300
18562.72 18600
20771.66 20800
23301.34 23400
23459.79 23500
23201.51 23300
4253.36 4300
28967.02 29000
30313.77 30400
33686.60 33700
32689.40 32700
32342.34 32400
2820.74 2900
3736.46 3800
18170.45 18200
18808.46 18900
20333.93 20400
23470.88 23500
22463.33 22500
23921.17 24000
31891.68 31900
32373.24 32400
31795.27 31800
32341.48 32400
30107.98 30200
17696.80 17700
19479.11 19500
22754.32 22800
24369.48 24400
22789.86 22800
22775.64 22800
22307.40 22400
20996.71 21000
14953.85 15000
30111.01 30200
32528.16 32600
30953.66 31000
33115.32 33200
30456.51 30500
29689.42 29700
30769.35 30800
31086.31 31100
30121.31 30200
22881.24 22900
24549.51 24600
23281.19 23300
6802.51 6900
30028.79 30100
32384.46 32400
32836.80 32900
24978.04 25000
15828.41 15900
2656.31 2700
11542.36 11600
16363.10 16400
21801.79 21900
24601.94 24700
22341.36 22400
20576.72 20600
22485.63 22500
21220.19 21300
14618.79 14700
22078.40 22100
30291.82 30300
33520.46 33600
32501.56 32600
31970.58 32000
33896.10 33900
31490.68 31500
30342.38 30400
246.33 300
312.94 400
297.36 300
301.70 400
239.59 300
317.63 400
301.30 400
263.95 300
362.23 400
388.89 400
254.59 300
268.44 300
235.58 300
295.45 300
321.46 400
332.24 400
396.06 400
325.43 400
288.00 300
261.73 300
434.46 500
254.60 300
309.72 400
324.55 400
313.99 400
318.44 400
264.92 300
281.56 300
296.81 300
259.19 300
309.37 400
316.27 400
309.02 400
355.82 400
303.73 400
300.74 400
239.57 300
266.06 300
293.40 300
277.56 300
401.58 500
273.63 300
1584.78 1600
5663.57 5700
20203.13 20300
23339.53 23400
22808.52 22900
22756.72 22800
20764.65 20800
29968.86 30000
30369.15 30400
33027.84 33100
32931.44 33000
31579.46 31600
22329.54 22400
22182.91 22200
23277.98 23300
23499.99 23500
22292.84 22300
15196.24 15200
20368.18 20400
30280.56 30300
32771.60 32800
31066.59 31100
11619.06 11700
22721.18 22800
23207.83 23300
24915.37 25000
22899.68 22900
22760.14 22800
22721.15 22800
24966.50 25000
30406.48 30500
30651.44 30700
32358.42 32400
31395.81 31400
5169.66 5200
23293.00 23300
25233.36 25300
23142.94 23200
22603.59 22700
21116.83 21200
22021.42 22100
27424.73 27500
30458.06 30500
30449.70 30500
31099.90 31100
2605.98 2700
5122.61 5200
10470.79 10500
15037.41 15100
17256.22 17300
22837.51 22900
23389.08 23400
24872.68 24900
25026.08 25100
23119.40 23200
21934.18 22000
25271.93 25300
3277.72 3300
16323.66 16400
26897.29 26900
28742.39 28800
28956.44 29000
35183.24 35200
31119.44 31200
29990.64 30000
31420.13 31500
29719.06 29800
30845.13 30900
344.24 400
261.60 300
267.51 300
266.45 300
313.47 400
318.41 400
269.67 300
256.73 300
240.95 300
323.25 400
242.87 300
262.87 300
301.79 400
270.21 300
307.12 400
263.76 300
254.52 300
287.66 300
289.12 300
278.15 300
275.39 300
287.36 300
239.59 300
267.75 300
286.06 300
297.68 300
273.22 300
323.75 400
262.65 300
297.76 300
255.64 300
302.73 400
274.67 300
380.36 400
284.41 300
250.36 300
265.41 300
342.12 400
294.56 300
348.92 400
234.91 300
259.18 300
272.51 300
296.14 300
284.18 300
230.25 300
325.08 400
292.60 300
342.99 400
270.68 300
245.63 300
197.44 200
184.02 200
188.63 200
200.47 300
192.47 200
204.82 300
195.27 200
201.19 300
184.35 200
196.74 200
216.31 300
223.24 300
212.05 300
204.29 300
231.45 300
216.68 300
195.48 200
220.60 300
224.52 300
237.09 300
225.03 300
205.97 300
572.10 600
228.40 300
203.87 300
197.48 200
209.23 300
199.87 200
206.99 300
225.44 300
173.84 200
233.68 300
219.23 300
203.91 300
199.05 200
204.16 300
240.23 300
163.87 200
205.79 300
193.44 200
943.04 1000
1993.75 2000
13377.80 13400
16709.80 16800
20908.33 21000
22358.62 22400
24559.10 24600
21914.41 22000
22353.73 22400
19895.54 19900
26501.59 26600
32510.62 32600
33601.19 33700
32269.78 32300
32005.63 32100
31729.28 31800
5973.60 6000
6892.81 6900
22172.48 22200
22229.62 22300
22892.19 22900
24969.82 25000
22325.06 22400
22831.29 22900
22527.60 22600
21386.38 21400
26051.23 26100
29648.82 29700
31037.09 31100
31197.27 31200
31883.05 31900
33356.51 33400
30685.23 30700
30554.92 30600
5192.90 5200
17576.11 17600
24534.68 24600
23998.84 24000
20757.14 20800
5232.51 5300
30255.56 30300
31611.78 31700
30409.65 30500
32501.57 32600
148.96 200
153.25 200
140.37 200
165.59 200
150.80 200
159.12 200
95.34 100
162.66 200
132.83 200
151.74 200
137.67 200
143.09 200
155.43 200
131.63 200
143.82 200
151.55 200
154.69 200
156.68 200
126.32 200
137.26 200
163.18 200
163.83 200
150.24 200
189.40 200
173.06 200
182.18 200
159.11 200
156.75 200
139.61 200
124.72 200
148.12 200
145.53 200
126.36 200
126.74 200
146.45 200
150.82 200
137.82 200
120.07 200
116.48 200
164.43 200
160.28 200
149.88 200
127.78 200
144.68 200
133.58 200
167.51 200
132.47 200
146.89 200
154.66 200
128.17 200
335.04 400
328.77 400
140.00 200
148.65 200
113.28 200
152.56 200
128.99 200
119.39 200
147.99 200
134.03 200
147.86 200
128.80 200
134.75 200
122.05 200
117.34 200
138.69 200
148.79 200
132.65 200
130.63 200
118.82 200
120.13 200
134.18 200
128.22 200
127.38 200
136.39 200
143.63 200
123.27 200
135.55 200
130.27 200
137.23 200
2333.11 2400
12900.11 13000
16193.22 16200
19775.91 19800
31584.83 31600
31612.87 31700
31513.82 31600
22003.03 22100
22344.83 22400
22771.19 22800
23007.84 23100
23303.71 23400
27621.22 27700
28803.51 28900
31963.57 32000
33394.59 33400
31949.52 32000
7845.67 7900
18596.16 18600
19868.74 19900
21858.15 21900
23109.97 23200
22721.97 22800
7754.22 7800
24755.36 24800
31919.03 32000
30774.04 30800
32444.96 32500
32039.06 32100
30086.77 30100
19687.55 19700
21476.69 21500
22646.01 22700
23761.02 23800
23414.34 23500
23193.10 23200
22007.06 22100
22206.93 22300
22866.91 22900
23218.60 23300
23513.25 23600
29812.10 29900
30539.54 30600
32347.49 32400
32485.62 32500
32630.30 32700
31143.80 31200
30068.48 30100
33101.68 33200
31808.81 31900
5524.63 5600
20914.04 21000
23852.38 23900
23343.66 23400
32409.00 32500
30283.18 30300
31693.61 31700
355.13 400
369.55 400
338.97 400
271.89 300
277.88 300
326.25 400
367.93 400
323.01 400
319.43 400
361.54 400
279.96 300
303.03 400
369.34 400
273.04 300
231.47 300
254.07 300
228.10 300
256.83 300
272.18 300
209.24 300
262.37 300
230.94 300
184.39 200
242.61 300
232.54 300
242.23 300
272.27 300
215.60 300
234.29 300
214.73 300
229.01 300
263.77 300
226.49 300
2238.67 2300
2598.98 2600
7401.65 7500
12377.02 12400
14021.37 14100
20601.08 20700
23725.04 23800
21209.95 21300
21895.55 21900
16267.74 16300
892.00 900
3374.96 3400
5951.03 6000
30101.24 30200
31855.60 31900
31744.65 31800
33512.35 33600
32420.48 32500
31457.73 31500
30456.95 30500
152.68 200
149.83 200
168.96 200
144.21 200
133.03 200
142.93 200
159.31 200
155.55 200
156.21 200
163.85 200
184.70 200
134.37 200
142.24 200
137.41 200
166.69 200
143.52 200
154.17 200
109.49 200
165.48 200
144.36 200
145.43 200
175.87 200
134.61 200
148.37 200
145.35 200
137.87 200
147.03 200
136.26 200
122.16 200
135.66 200
118.24 200
126.39 200
133.91 200
131.17 200
124.71 200
116.33 200
119.23 200
112.81 200
147.95 200
1223.70 1300
3483.98 3500
18147.32 18200
18812.85 18900
21558.91 21600
27133.38 27200
31523.47 31600
33377.07 33400
2595.48 2600
3908.80 4000
3916.98 4000
6463.26 6500
12261.82 12300
18855.82 18900
18657.10 18700
21025.36 21100
22233.71 22300
23876.79 23900
25021.95 25100
21365.66 21400
20844.06 20900
22654.93 22700
22954.52 23000
10449.84 10500
13316.12 13400
18254.83 18300
23779.87 23800
28919.00 29000
32129.23 32200
32501.97 32600
33541.81 33600
30825.62 30900
32430.44 32500
32587.39 32600
31338.36 31400
22330.73 22400
22435.91 22500
21349.36 21400
24592.80 24600
23511.42 23600
23409.84 23500
21740.05 21800
21690.65 21700
21163.72 21200
8170.69 8200
19903.02 20000
27508.96 27600
33378.79 33400
32622.35 32700
32591.09 32600
30084.60 30100
30022.76 30100
31183.99 31200
30460.38 30500
31332.14 31400
2313.59 2400
9721.21 9800
19369.02 19400
22960.12 23000
20989.92 21000
21729.17 21800
22644.43 22700
1971.95 2000
14260.13 14300
21024.98 21100
31466.18 31500
31451.54 31500
31743.09 31800
3432.35 3500
3667.12 3700
5000.12 5100
13324.32 13400
16255.11 16300
17299.90 17300
18455.53 18500
23197.37 23200
23903.27 24000
22840.21 22900
24378.05 24400
20489.42 20500
22478.01 22500
8605.35 8700
28779.47 28800
31752.05 31800
31519.66 31600
33767.62 33800
31018.76 31100
32253.37 32300
32060.63 32100
30451.61 30500
32030.61 32100
30339.42 30400
20669.60 20700
23803.07 23900
23456.58 23500
23206.94 23300
22133.78 22200
19761.27 19800
31871.47 31900
32398.56 32400
32358.67 32400
32876.10 32900
18413.56 18500
20622.92 20700
22423.73 22500
21140.94 21200
27298.21 27300
31159.20 31200
33620.34 33700
29424.92 29500
32287.57 32300
3695.60 3700
13757.03 13800
17982.53 18000
22767.06 22800
23398.96 23400
24286.95 24300
22056.98 22100
7942.98 8000
10428.78 10500
26563.06 26600
30896.36 30900
31460.84 31500
32201.85 32300
30848.66 30900
31903.31 32000
2196.54 2200
2671.17 2700
7439.11 7500
15458.95 15500
16745.38 16800
18950.14 19000
23757.48 23800
22856.27 22900
23762.77 23800
22459.27 22500
9764.49 9800
22404.01 22500
24900.43 25000
31295.94 31300
31599.88 31600
32923.06 33000
31114.15 31200
31096.67 31100
20389.77 20400
21085.69 21100
22485.27 22500
20919.49 21000
32525.56 32600
32542.18 32600
34017.83 34100
30553.32 30600
30193.56 30200
336.62 400
314.41 400
300.51 400
294.85 300
311.34 400
288.54 300
283.62 300
269.66 300
314.02 400
281.69 300
295.97 300
298.39 300
323.66 400
274.97 300
350.17 400
342.29 400
403.92 500
261.43 300
336.19 400
325.90 400
208.19 300
211.15 300
225.75 300
2606.25 2700
12452.10 12500
21446.46 21500
21470.62 21500
22235.44 22300