2935.71 3000
35227.97 35300
41235.99 41300
28695.87 28700
28134.26 28200
21166.74 21200
25035.34 25100
20293.89 20300
9223.23 9300
8035.01 8100
4090.22 4100
1781.73 1800
727.19 800
730.31 800
1138.04 1200
1328.64 1400
3020.94 3100
2922.14 3000
32661.82 32700
35586.87 35600
40892.34 40900
41935.66 42000
27777.06 27800
29226.39 29300
26458.92 26500
27974.01 28000
20469.94 20500
21912.17 22000
23514.14 23600
25090.28 25100
19677.93 19700
20786.58 20800
11284.01 11300
9887.43 9900
5693.65 5700
2990.38 3000
2187.95 2200
1946.39 2000
1931.05 2000
1886.55 1900
2827.26 2900
2906.36 3000
3433.95 3500
2791.74 2800
3036.92 3100
29155.55 29200
29726.45 29800
30397.24 30400
29968.65 30000
35273.87 35300
36516.82 36600
36260.10 36300
37645.84 37700
38990.08 39000
41376.73 41400
24036.35 24100
23884.45 23900
24147.31 24200
25328.69 25400
29214.68 29300
24411.86 24500
24560.85 24600
24930.55 25000
26219.41 26300
28483.16 28500
18157.82 18200
18706.20 18800
18610.40 18700
19634.94 19700
21659.79 21700
22441.35 22500
22883.63 22900
22921.85 23000
24045.42 24100
25158.14 25200
17104.84 17200
18311.11 18400
18907.53 19000
18781.80 18800
20751.11 20800
9344.40 9400
10733.03 10800
11260.13 11300
8604.79 8700
9535.73 9600
9247.02 9300
2420.17 2500
5176.95 5200
4874.20 4900
2685.68 2700
2728.77 2800
1979.75 2000
1960.02 2000
1638.99 1700
1564.32 1600
1612.61 1700
1601.82 1700
1900.46 2000
2251.72 2300
2832.93 2900
2678.93 2700
30115.82 30200
32931.94 33000
37090.59 37100
40413.55 40500
23608.22 23700
26744.16 26800
23824.92 23900
27723.82 27800
17597.06 17600
19668.31 19700
22110.99 22200
24271.52 24300
19720.11 19800
18170.30 18200
11843.80 11900
9668.55 9700
5312.35 5400
3172.69 3200
2128.75 2200
1845.33 1900
1852.86 1900
1989.01 2000
2197.30 2200
2567.42 2600
2743.42 2800
2818.87 2900
3236.95 3300
2431.80 2500
3443.70 3500
20950.69 21000
26250.75 26300
29747.04 29800
30116.23 30200
29487.61 29500
34443.60 34500
37617.44 37700
38258.49 38300
38445.00 38500
38011.79 38100
41488.29 41500
22628.10 22700
24474.01 24500
24761.99 24800
25612.95 25700
28638.44 28700
24865.36 24900
24068.30 24100
24625.72 24700
25241.66 25300
27685.28 27700
18766.33 18800
18595.16 18600
19088.00 19100
19262.88 19300
22418.36 22500
21795.33 21800
22767.79 22800
22886.30 22900
22697.75 22700
25379.03 25400
17701.83 17800
18371.69 18400
18295.98 18300
18764.57 18800
20659.90 20700
10955.88 11000
8991.11 9000
4780.67 4800
2794.79 2800
1897.46 1900
1559.91 1600
1556.18 1600
1586.84 1600
2837.35 2900
2715.50 2800
2607.68 2700
29598.16 29600
32705.83 32800
34645.63 34700
37022.77 37100
39770.26 39800
42276.31 42300
24694.29 24700
27253.14 27300
28975.27 29000
25832.64 25900
26546.97 26600
27816.40 27900
17645.92 17700
20286.29 20300
21896.42 21900
22204.21 22300
24287.81 24300
25201.00 25300
17827.46 17900
19968.54 20000
21427.69 21500
7432.48 7500
10325.96 10400
10932.57 11000
10424.23 10500
7077.50 7100
9260.21 9300
10077.50 10100
10131.50 10200
4753.07 4800
5315.60 5400
5249.52 5300
3966.99 4000
2036.28 2100
2866.58 2900
3010.43 3100
2973.10 3000
1896.62 1900
2045.21 2100
2234.35 2300
1321.12 1400
1151.81 1200
1751.84 1800
1611.20 1700
1784.21 1800
1602.52 1700
1807.75 1900
1116.04 1200
1914.47 2000
1332.23 1400
2181.19 2200
1838.54 1900
2181.73 2200
2176.43 2200
2831.41 2900
3250.60 3300
2516.17 2600
3648.76 3700
27097.91 27100
30088.37 30100
30118.57 30200
30990.11 31000
33639.70 33700
36818.43 36900
37559.92 37600
37687.79 37700
41041.90 41100
23078.45 23100
23852.97 23900
25110.09 25200
27680.78 27700
24748.19 24800
23993.64 24000
25548.65 25600
27484.28 27500
16996.86 17000
18074.02 18100
20757.81 20800
19460.36 19500
22360.78 22400
23762.50 23800
23520.23 23600
24703.86 24800
17500.30 17600
18698.64 18700
18318.79 18400
18760.19 18800
10683.12 10700
9223.52 9300
4867.21 4900
2830.39 2900
1781.31 1800
1706.74 1800
1569.95 1600
3371.96 3400
2874.15 2900
3034.83 3100
29408.37 29500
32412.99 32500
34354.24 34400
37389.83 37400
40178.62 40200
41671.59 41700
24717.42 24800
26754.74 26800
28020.37 28100
25152.29 25200
27010.50 27100
27599.36 27600
18192.85 18200
19703.85 19800
21257.76 21300
22647.66 22700
24425.34 24500
25407.14 25500
19127.06 19200
18207.05 18300
19628.70 19700
11884.16 11900
10035.36 10100
5617.01 5700
3534.52 3600
2356.31 2400
1864.54 1900
1883.83 1900
1842.32 1900
723.87 800
2750.63 2800
2501.98 2600
2995.21 3000
2626.60 2700
29766.30 29800
29956.18 30000
32757.38 32800
34871.92 34900
37375.58 37400
39321.23 39400
40497.98 40500
41717.66 41800
23483.84 23500
25143.81 25200
26922.19 27000
28633.19 28700
25085.79 25100
26190.39 26200
25886.55 25900
28558.82 28600
17937.07 18000
18366.39 18400
20491.98 20500
22614.81 22700
22463.19 22500
23190.87 23200
24548.51 24600
25527.14 25600
17139.77 17200
18818.57 18900
19774.15 19800
21008.50 21100
2667.10 2700
2804.23 2900
2658.13 2700
29504.63 29600
30149.40 30200
32817.67 32900
37562.43 37600
38044.48 38100
40410.76 40500
23863.99 23900
24476.45 24500
26256.90 26300
25066.22 25100
25371.62 25400
26934.90 27000
17722.11 17800
18914.28 19000
21043.87 21100
22500.29 22600
24379.24 24400
23532.99 23600
18459.91 18500
17377.52 17400
20325.96 20400
7484.36 7500
8690.71 8700
10781.40 10800
11467.74 11500
9036.90 9100
9377.91 9400
8784.06 8800
8437.33 8500
3683.69 3700
4634.53 4700
5305.67 5400
5041.44 5100
2746.49 2800
2190.44 2200
2934.63 3000
2126.19 2200
1223.28 1300
1401.10 1500
1898.91 1900
2085.75 2100
1753.38 1800
1114.61 1200
1840.51 1900
1488.47 1500
1111.67 1200
1383.32 1400
1701.29 1800
1991.25 2000
10391.35 10400
11126.54 11200
11984.03 12000
8851.97 8900
8937.84 9000
9805.51 9900
4996.39 5000
5463.72 5500
5301.80 5400
3166.15 3200
3040.97 3100
3077.09 3100
1893.81 1900
2152.38 2200
2284.44 2300
1881.86 1900
1852.67 1900
1550.01 1600
1509.05 1600
1719.66 1800
1426.41 1500
2249.26 2300
1829.88 1900
2055.33 2100
2704.57 2800
3311.25 3400
2909.98 3000
2589.56 2600
2840.54 2900
1134.01 1200
26812.92 26900
29863.62 29900
37998.27 38000
37933.23 38000
23101.30 23200
24540.73 24600
24729.94 24800
25581.60 25600
18274.65 18300
18200.71 18300
23036.67 23100
23465.00 23500
17288.09 17300
18095.41 18100
10040.91 10100
12367.29 12400
9472.50 9500
9157.19 9200
4765.01 4800
5434.82 5500
2656.97 2700
3491.24 3500
2267.16 2300
1849.31 1900
1572.02 1600
1934.47 2000
1858.38 1900
1503.17 1600
1739.12 1800
1923.92 2000
2178.99 2200
2741.90 2800
2822.10 2900
2799.65 2800
29153.61 29200
30157.58 30200
35410.57 35500
37764.65 37800
23209.98 23300
25111.88 25200
24198.74 24200
24877.22 24900
18937.85 19000
18385.12 18400
22803.53 22900
23229.09 23300
16035.14 16100
17398.75 17400
9537.33 9600
10676.33 10700
10726.61 10800
10996.70 11000
11371.60 11400
7540.12 7600
9717.95 9800
9800.44 9900
8931.18 9000
10252.73 10300
4251.92 4300
5503.74 5600
5661.47 5700
4330.57 4400
5486.13 5500
2521.34 2600
2847.62 2900
3533.16 3600
3390.10 3400
2850.60 2900
1750.16 1800
2183.66 2200
2071.84 2100
1735.95 1800
1721.23 1800
1565.95 1600
1649.33 1700
1805.44 1900
1947.02 2000
1858.49 1900
1590.32 1600
1809.46 1900
1571.20 1600
1887.69 1900
1921.44 2000
2231.83 2300
2154.51 2200
2560.03 2600
2760.78 2800
2837.68 2900
2757.64 2800
29210.69 29300
30350.30 30400
34034.21 34100
38028.88 38100
38177.13 38200
41055.14 41100
24658.68 24700
24685.77 24700
27630.20 27700
24527.90 24600
25588.47 25600
27125.47 27200
18769.67 18800
18571.61 18600
20740.94 20800
23241.92 23300
23485.44 23500
25098.15 25100
18379.44 18400
20065.46 20100
19388.59 19400
8964.43 9000
8953.92 9000
11593.65 11600
12089.72 12100
7878.01 7900
8227.28 8300
8336.97 8400
10447.28 10500
3556.30 3600
4761.97 4800
4326.27 4400
6017.93 6100
2848.56 2900
2788.99 2800
3307.76 3400
2177.27 2200
1181.36 1200
1734.41 1800
1985.38 2000
2138.49 2200
1814.28 1900
1576.40 1600
1932.78 2000
1712.38 1800
1530.27 1600
1792.41 1800
1826.53 1900
1626.96 1700
2153.95 2200
2843.86 2900
3384.48 3400
3835.87 3900
3932.95 4000
28176.49 28200
31815.69 31900
29265.41 29300
31342.19 31400
35365.11 35400
34867.81 34900
37047.54 37100
38364.97 38400
41859.41 41900
42911.55 43000
24397.78 24400
25113.26 25200
28765.96 28800
29541.04 29600
24321.04 24400
26306.15 26400
28176.12 28200
28559.03 28600
18519.58 18600
19325.46 19400
21180.79 21200
22558.22 22600
22875.95 22900
23664.48 23700
25147.72 25200
26206.15 26300
18355.64 18400
18444.99 18500
20422.98 20500
21540.69 21600
8437.35 8500
9761.19 9800
11292.30 11300
9171.00 9200
8795.70 8800
9681.37 9700
3731.30 3800
5075.11 5100
4822.90 4900
2806.73 2900
2941.72 3000
1932.55 2000
2117.68 2200
1633.77 1700
1854.43 1900
1545.53 1600
1912.57 2000
2079.75 2100
2194.11 2200
2966.97 3000
2836.98 2900
3000.30 3100
3051.89 3100
27844.14 27900
30314.17 30400
32721.02 32800
33639.87 33700
32772.90 32800
36330.74 36400
40167.59 40200
40608.39 40700
41097.36 41100
24724.54 24800
26499.38 26500
27251.58 27300
27759.35 27800
23020.65 23100
26917.33 27000
26680.06 26700
27391.58 27400
18041.95 18100
20553.30 20600
21355.55 21400
21554.94 21600
22695.06 22700
24399.19 24400
24166.76 24200
24780.24 24800
17370.17 17400
19239.42 19300
19235.22 19300
19529.85 19600
10706.54 10800
11264.27 11300
8604.84 8700
9644.99 9700
5518.60 5600
5308.70 5400
3469.54 3500
3144.33 3200
1960.48 2000
2205.86 2300
1935.91 2000
1916.75 2000
1878.95 1900
1724.03 1800
1970.12 2000
1775.20 1800
2295.69 2300
2201.17 2300
2349.05 2400
2749.78 2800
2906.15 3000
35027.64 35100
41394.37 41400
28764.70 28800
28056.10 28100
21195.04 21200
25374.08 25400
21328.38 21400
10226.40 10300
10686.58 10700
11646.66 11700
9808.42 9900
9487.75 9500
9263.73 9300
5033.06 5100
5026.64 5100
5318.58 5400
2720.30 2800
2987.24 3000
3045.84 3100
1730.99 1800
1946.66 2000
2463.77 2500
1768.80 1800
1592.17 1600
1473.32 1500
1683.58 1700
1902.60 2000
2875.98 2900
2358.32 2400
3007.53 3100
2621.24 2700
3204.23 3300
22345.42 22400
28481.89 28500
29437.93 29500
30638.63 30700
30613.21 30700
32609.49 32700
37240.63 37300
37423.79 37500
38074.21 38100
38413.56 38500
40682.55 40700
24940.00 25000
24433.81 24500
24323.67 24400
25340.16 25400
27113.02 27200
23749.81 23800
24302.13 24400
25073.53 25100
26705.48 26800
26479.69 26500
16867.97 16900
18009.76 18100
18145.96 18200
18950.57 19000
20773.06 20800
22869.34 22900
22507.04 22600
23160.22 23200
22674.73 22700
23692.18 23700
17832.46 17900
18307.51 18400
18959.93 19000
18851.08 18900
19302.14 19400
8728.38 8800
7746.57 7800
4287.96 4300
1997.79 2000
3311.92 3400
3049.06 3100
2730.96 2800
33140.19 33200
33155.65 33200
34883.23 34900
40181.55 40200
40888.32 40900
42135.57 42200
27281.19 27300
27421.31 27500
28170.24 28200
27046.92 27100
27413.77 27500
27265.77 27300
20655.50 20700
21053.51 21100
21084.69 21100
24345.06 24400
24800.14 24900
25078.83 25100
19673.61 19700
20537.18 20600
20151.16 20200
7952.64 8000
11348.31 11400
9966.88 10000
9990.34 10000
10301.65 10400
9137.93 9200
8954.39 9000
8361.92 8400
10177.94 10200
10613.66 10700
4705.70 4800
5077.74 5100
4554.17 4600
5111.12 5200
5352.51 5400
2616.61 2700
2313.50 2400
2816.61 2900
3071.37 3100
2885.90 2900
1285.44 1300
2180.29 2200
2329.40 2400
1877.07 1900
1955.63 2000
1586.94 1600
1626.24 1700
1174.13 1200
1857.52 1900
1964.63 2000
1825.64 1900
1178.20 1200
1843.96 1900
1626.44 1700
1583.00 1600
1264.18 1300
2417.00 2500
2702.02 2800
3353.41 3400
3472.50 3500
11441.15 11500
11033.47 11100
11271.29 11300
10758.79 10800
7272.13 7300
9574.09 9600
9850.68 9900
9901.06 10000
5478.81 5500
4983.66 5000
3903.13 4000
5714.55 5800
3038.03 3100
2872.59 2900
2957.94 3000
2912.76 3000
1876.32 1900
2124.21 2200
2054.97 2100
1992.20 2000
1627.45 1700
1964.30 2000
1790.81 1800
1696.23 1700
1577.27 1600
1755.63 1800
1620.38 1700
1965.00 2000
1774.60 1800
1833.28 1900
1861.28 1900
1869.75 1900
2118.49 2200
1546.99 1600
2686.62 2700
2623.70 2700
2445.46 2500
2982.21 3000
2927.77 3000
2688.25 2700
28652.28 28700
30443.04 30500
33598.48 33600
32917.43 33000
37135.64 37200
36829.67 36900
40316.83 40400
40275.58 40300
23982.28 24000
24470.86 24500
27450.26 27500
28002.74 28100
24360.98 24400
24820.57 24900
26705.50 26800
27088.60 27100
18096.60 18100
18444.65 18500
20212.17 20300
20949.92 21000
22354.10 22400
24000.41 24100
23457.49 23500
25140.48 25200
19737.31 19800
18494.03 18500
18680.34 18700
19383.48 19400
8714.16 8800
11349.90 11400
8507.68 8600
10304.43 10400
4204.32 4300
5789.59 5800
2255.67 2300
3032.60 3100
1477.18 1500
2106.75 2200
1256.32 1300
1815.70 1900
1260.95 1300
1691.53 1700
1411.28 1500
1827.01 1900
1571.25 1600
2306.58 2400
2584.78 2600
3511.11 3600
28572.81 28600
38270.20 38300
25594.87 25600
25395.37 25400
19318.14 19400
23311.47 23400
18953.73 19000
7788.62 7800
10607.72 10700
11277.44 11300
10719.85 10800
9549.36 9600
8591.59 8600
9732.72 9800
10101.18 10200
4355.50 4400
5539.37 5600
5399.11 5400
5409.56 5500
3048.20 3100
2616.00 2700
2341.07 2400
3315.84 3400
1828.32 1900
2286.35 2300
1866.63 1900
1979.33 2000
1703.85 1800
1803.21 1900
1602.04 1700
1967.75 2000
1817.88 1900
1585.61 1600
1737.05 1800
1690.22 1700
1631.70 1700
1765.08 1800
1873.55 1900
1860.33 1900
2186.02 2200
1959.91 2000
2241.99 2300
1978.01 2000
2722.82 2800
3840.31 3900
2920.95 3000
3261.65 3300
32275.19 32300
29636.07 29700
29772.92 29800
33350.40 33400
34960.01 35000
36980.62 37000
38757.18 38800
40394.59 40400
41278.33 41300
25431.80 25500
24595.11 24600
27023.35 27100
28548.56 28600
24098.06 24100
26328.92 26400
27486.70 27500
28199.49 28200
17882.34 17900
17037.27 17100
20491.24 20500
21222.72 21300
23085.51 23100
23375.63 23400
24225.55 24300
25054.41 25100
16538.13 16600
19365.22 19400
20216.15 20300
20940.66 21000
11102.31 11200
11840.36 11900
9312.14 9400
9446.48 9500
5026.13 5100
9444.94 9500
2600.12 2700
3069.69 3100
1941.47 2000
1877.53 1900
1707.37 1800
1889.69 1900
2524.72 2600
35496.29 35500
41509.73 41600
28940.34 29000
28227.78 28300
21867.29 21900
25357.29 25400
20196.57 20200
10791.39 10800
11013.03 11100
9188.97 9200
9713.59 9800
4947.67 5000
4809.60 4900
2676.29 2700
3305.28 3400
2001.84 2100
2111.60 2200
1755.79 1800
1949.93 2000
1699.47 1700
1605.55 1700
1652.95 1700
1976.01 2000
2734.42 2800
29321.05 29400
37334.66 37400
24880.29 24900
24750.24 24800
17841.54 17900
21943.59 22000
17062.01 17100
10645.72 10700
11838.19 11900
9139.17 9200
9422.42 9500
4684.28 4700
5176.25 5200
3141.15 3200
2872.56 2900
1705.59 1800
2102.07 2200
2001.96 2100
1611.43 1700
1648.10 1700
1809.87 1900
1854.77 1900
1754.12 1800
1903.42 2000
2104.59 2200
2467.62 2500
2536.24 2600
2812.95 2900
3173.70 3200
30594.91 30600
33138.12 33200
34545.20 34600
37329.29 37400
40671.89 40700
41756.39 41800
24829.62 24900
27188.11 27200
28430.07 28500
24462.04 24500
26481.57 26500
28726.02 28800
18619.33 18700
20557.84 20600
21697.04 21700
21989.95 22000
24874.18 24900
25040.66 25100
18293.78 18300
17960.59 18000
20900.13 21000
9409.56 9500
10002.39 10100
8624.05 8700
9169.86 9200
4098.87 4100
4858.97 4900
2196.31 2200
2972.93 3000
1249.21 1300
2006.69 2100
1647.72 1700
1539.17 1600
1752.67 1800
1980.59 2000
2845.65 2900
3243.27 3300
29505.92 29600
30763.85 30800
36330.98 36400
38563.77 38600
23866.89 23900
24619.37 24700
23764.36 23800
26242.57 26300
18291.17 18300
17313.19 17400
22684.92 22700
22974.56 23000
17378.55 17400
18758.78 18800
9108.34 9200
8632.65 8700
8351.15 8400
8491.60 8500
3893.25 3900
4841.99 4900
2763.43 2800
2505.26 2600
1129.37 1200
1890.72 1900
1422.82 1500
1615.14 1700
1729.74 1800
2554.06 2600
3746.86 3800
29639.33 29700
35547.34 35600
38594.11 38600
42533.14 42600
24965.23 25000
29250.80 29300
25018.91 25100
29189.20 29200
19236.95 19300
22592.60 22600
22956.82 23000
26315.24 26400
18312.74 18400
20814.79 20900
8934.64 9000
9111.59 9200
10950.02 11000
11290.83 11300
11351.09 11400
8623.29 8700
7565.03 7600
8818.80 8900
10026.65 10100
9396.46 9400
4558.18 4600
5173.62 5200
3890.04 3900
4769.72 4800
6029.39 6100
2496.37 2500
2207.86 2300
2988.69 3000
2582.67 2600
2972.23 3000
1921.94 2000
1786.07 1800
1363.41 1400
1733.68 1800
2125.78 2200
1541.57 1600
1943.50 2000
1259.83 1300
1522.93 1600
1622.09 1700
1617.22 1700
1635.83 1700
1167.06 1200
1781.92 1800
1380.53 1400
1862.44 1900
1837.50 1900
2214.10 2300
2896.01 2900
2794.17 2800
29909.48 30000
30188.03 30200
37141.48 37200
37102.97 37200
24325.04 24400
24293.03 24300
24075.14 24100
24746.35 24800
17930.30 18000
19167.12 19200
22145.58 22200
23298.61 23300
17515.30 17600
18068.39 18100
10910.86 11000
10781.59 10800
8944.83 9000
10198.94 10200
4689.46 4700
4899.02 4900
2882.88 2900
3362.83 3400
2055.56 2100
1913.84 2000
1697.47 1700
1996.07 2000
1792.32 1800
1620.52 1700
1686.72 1700
1940.26 2000
2394.03 2400
2611.68 2700
2974.11 3000
3709.87 3800
30528.01 30600
29439.28 29500
34737.41 34800
37131.11 37200
39037.07 39100
42134.33 42200
24386.44 24400
24287.93 24300
29108.92 29200
25181.61 25200
25660.25 25700
27927.19 28000
16872.55 16900
19897.99 19900
21961.26 22000
23129.94 23200
23932.11 24000
25471.73 25500
18247.73 18300
19306.65 19400
20689.91 20700
10976.75 11000
10858.60 10900
11638.39 11700
9798.06 9800
9658.57 9700
9594.37 9600
4674.38 4700
5037.77 5100
5190.14 5200
2524.67 2600
2546.17 2600
2706.94 2800
1768.29 1800
1820.00 1900
1684.71 1700
1641.76 1700
1569.48 1600
1701.84 1800
1517.35 1600
1603.68 1700
1589.55 1600
1686.16 1700
1806.76 1900
1800.68 1900
2852.74 2900
3743.87 3800
21772.27 21800
29683.97 29700
29158.89 29200
38126.80 38200
38094.05 38100
23984.29 24000
25723.32 25800
24724.11 24800
25546.21 25600
18436.27 18500
17743.37 17800
21188.04 21200
23386.53 23400
17988.15 18000
18917.70 19000
8652.13 8700
12428.13 12500
7968.16 8000
8364.86 8400
4072.18 4100
5069.41 5100
3168.87 3200
2035.51 2100
1190.65 1200
2296.28 2300
1870.55 1900
1055.19 1100
1065.76 1100
62.51 100
2478.66 2500
2818.37 2900
28069.74 28100
29109.94 29200
37974.40 38000
38141.58 38200
23337.28 23400
23159.11 23200
23270.98 23300
25013.98 25100
18090.86 18100
18209.09 18300
21381.14 21400
22807.47 22900
17745.48 17800
18494.99 18500
2593.15 2600
3179.82 3200
2977.76 3000
2694.70 2700
29359.81 29400
30109.30 30200
33825.24 33900
37602.85 37700
37597.18 37600
40021.87 40100
39217.73 39300
23778.05 23800
25083.29 25100
25011.88 25100
27141.53 27200
24502.58 24600
24867.85 24900
25272.72 25300
25912.43 26000
18473.53 18500
18980.80 19000
19671.74 19700
20549.12 20600
23013.28 23100
23264.43 23300
23646.82 23700
24614.72 24700
17897.75 17900
18331.81 18400
19025.92 19100
19637.87 19700
11925.68 12000
9626.31 9700
5130.00 5200
2777.79 2800
1783.86 1800
1618.01 1700
1692.50 1700
1791.83 1800
1956.99 2000
2973.94 3000
30655.72 30700
37559.79 37600
23620.15 23700
24369.24 24400
17933.28 18000
23575.08 23600
18406.00 18500
10019.85 10100
10698.12 10700
11277.10 11300
12266.98 12300
8744.41 8800
8746.17 8800
9417.34 9500
9465.50 9500
4282.62 4300
4916.13 5000
4855.95 4900
5121.13 5200
3064.11 3100
3228.96 3300
2023.72 2100
2645.04 2700
1820.83 1900
2054.40 2100
2167.36 2200
2246.73 2300
1994.19 2000
1899.64 1900
1529.94 1600
1496.09 1500
1534.18 1600
1431.84 1500
1938.14 2000
1995.23 2000
2020.27 2100
1778.13 1800
2145.55 2200
1754.53 1800
1920.20 2000
1917.35 2000
2174.37 2200
2633.42 2700
2586.43 2600
2609.19 2700
2441.13 2500
3034.35 3100
32833.80 32900
40447.86 40500
27510.75 27600
27158.54 27200
19868.80 19900
24387.01 24400
19964.41 20000
3154.90 3200
3626.23 3700
3332.19 3400
30518.73 30600
31609.64 31700
34917.81 35000
37601.12 37700
38100.84 38200
41049.32 41100
24857.89 24900
25145.75 25200
28718.97 28800
23925.99 24000
25645.79 25700
27545.59 27600
17805.43 17900
18953.01 19000
21947.68 22000
23707.57 23800
23504.62 23600
25576.06 25600
18119.22 18200
18871.22 18900
21088.13 21100
10920.15 11000
11295.34 11300
11106.59 11200
12249.73 12300
9873.06 9900
9738.64 9800
9914.94 10000
9697.28 9700
5419.64 5500
5066.81 5100
5044.40 5100
5826.13 5900
2761.46 2800
3150.16 3200
3670.11 3700
3250.68 3300
2103.74 2200
2521.72 2600
1950.87 2000
2399.66 2400
1887.95 1900
1513.36 1600
2009.73 2100
1931.79 2000
1890.64 1900
1865.72 1900
1543.32 1600
1832.47 1900
1780.55 1800
2009.46 2100
1825.88 1900
2131.74 2200
2184.71 2200
2443.78 2500
2731.99 2800
2588.97 2600
2945.71 3000
2903.77 3000
3040.67 3100
30083.58 30100
33136.81 33200
35097.10 35100
37732.39 37800
41741.46 41800
41108.06 41200
24942.04 25000
26346.63 26400
28442.15 28500
24951.01 25000
26899.18 26900
27552.09 27600
18969.95 19000
20563.12 20600
21119.93 21200
21786.51 21800
24484.83 24500
25701.83 25800
17267.27 17300
19630.86 19700
20479.56 20500
6774.61 6800
9073.85 9100
10934.33 11000
5320.41 5400
8013.92 8100
9659.35 9700
3943.21 4000
5023.06 5100
2462.85 2500
3029.86 3100
1503.19 1600
2329.53 2400
1785.14 1800
1270.21 1300
1131.80 1200
1817.44 1900
1302.52 1400
2176.33 2200
1614.39 1700
2091.44 2100
2493.48 2500
3747.85 3800
3702.57 3800
29364.96 29400
30368.39 30400
38046.41 38100
38366.72 38400
25112.38 25200
25468.72 25500
25361.00 25400
26466.47 26500
19346.14 19400
19210.36 19300
22565.62 22600
23836.87 23900
18192.07 18200
18660.44 18700
8289.06 8300
8908.81 9000
10103.05 10200
10707.47 10800
10049.55 10100
12169.33 12200
9796.88 9800
8145.15 8200
8488.03 8500
9329.41 9400
9262.33 9300
9802.43 9900
4660.01 4700
4582.88 4600
4938.83 5000
4546.46 4600
5137.95 5200
5143.50 5200
1535.57 1600
1925.63 2000
2616.31 2700
3059.20 3100
2904.20 3000
2892.11 2900
2167.83 2200
1895.04 1900
1357.09 1400
2072.00 2100
2242.41 2300
1469.67 1500
1796.47 1800
1135.51 1200
1649.32 1700
1802.80 1900
1527.46 1600
2177.09 2200
1211.05 1300
1839.46 1900
1386.69 1400
1765.13 1800
1708.07 1800
1710.67 1800
2002.65 2100
1893.76 1900
2317.05 2400
3111.15 3200
3906.58 4000
22877.85 22900
27039.62 27100
35185.40 35200
38048.96 38100
42808.85 42900
24515.93 24600
28458.60 28500
25607.22 25700
28770.56 28800
17517.09 17600
21814.65 21900
22305.29 22400
25334.72 25400
20034.94 20100
18918.06 19000
11643.96 11700
11105.82 11200
9634.42 9700
10633.25 10700
4597.80 4600
4711.06 4800
2732.78 2800
3146.48 3200
1777.44 1800
2344.17 2400
1487.30 1500
1983.40 2000
1420.92 1500
1750.01 1800
2158.41 2200
2494.48 2500
3000.94 3100
32409.93 32500
39904.69 40000
27451.95 27500
27619.64 27700
20917.91 21000
24509.57 24600
19643.41 19700
9026.39 9100
10228.63 10300
11034.69 11100
8435.02 8500
8249.17 8300
9370.58 9400
4795.63 4800
3989.49 4000
4473.00 4500
2195.38 2200
2927.71 3000
2704.63 2800
1748.23 1800
1295.25 1300
1740.82 1800
1473.65 1500
1109.01 1200
1673.55 1700
1579.98 1600
1199.50 1200
1549.87 1600
1603.04 1700
1308.94 1400
