30080.45 30100
30250.19 30300
38468.49 38500
38594.55 38600
29629.35 29700
29648.64 29700
37791.37 37800
39165.57 39200
26229.25 26300
29601.51 29700
38084.76 38100
37217.15 37300
30170.66 30200
30436.69 30500
39515.61 39600
39354.55 39400
37931.42 38000
38456.00 38500
29191.29 29200
30440.68 30500
31000.17 31100
39826.29 39900
30771.43 30800
39528.09 39600
29945.86 30000
38952.71 39000
30717.05 30800
40103.81 40200
38216.66 38300
31751.00 31800
2180.30 2200
2236.40 2300
29443.16 29500
32337.79 32400
30519.77 30600
30516.47 30600
39807.83 39900
40609.00 40700
38779.05 38800
39963.26 40000
28403.11 28500
31130.94 31200
30736.00 30800
31421.44 31500
37045.83 37100
38861.05 38900
39274.92 39300
38062.70 38100
27171.79 27200
29685.93 29700
31260.75 31300
31153.77 31200
36589.73 36600
37206.43 37300
39877.44 39900
37474.15 37500
29694.20 29700
30199.57 30200
32453.08 32500
30978.16 31000
38482.47 38500
39123.93 39200
40022.81 40100
39904.55 40000
35184.32 35200
37931.08 38000
38380.69 38400
38229.80 38300
31625.59 31700
32805.86 32900
33033.02 33100
30209.72 30300
1489.93 1500
1769.10 1800
2169.59 2200
1333.43 1400
1683.06 1700
1623.72 1700
29921.83 30000
31282.05 31300
39713.18 39800
40016.48 40100
29541.89 29600
31239.90 31300
37951.46 38000
39378.22 39400
30295.41 30300
29501.55 29600
37465.64 37500
38923.76 39000
31776.14 31800
30333.13 30400
38198.28 38200
41016.58 41100
37843.51 37900
37941.15 38000
30098.67 30100
31575.30 31600
2385.97 2400
1863.38 1900
23370.10 23400
31195.42 31200
37060.32 37100
38291.20 38300
27192.99 27200
30693.54 30700
36673.31 36700
37740.01 37800
28120.08 28200
30294.77 30300
38272.64 38300
37880.33 37900
28063.96 28100
31252.23 31300
37824.24 37900
38872.57 38900
38238.33 38300
38539.94 38600
32322.40 32400
30653.29 30700
1637.85 1700
31162.49 31200
30923.41 31000
39757.78 39800
40077.17 40100
28559.75 28600
31514.75 31600
37434.52 37500
39517.35 39600
28784.93 28800
31509.49 31600
38075.46 38100
39888.98 39900
30655.72 30700
30257.92 30300
39317.90 39400
40337.76 40400
38754.53 38800
37871.89 37900
30184.15 30200
32379.55 32400
1786.75 1800
1811.29 1900
1867.49 1900
28973.93 29000
29960.97 30000
32338.84 32400
30835.10 30900
31795.26 31800
38244.73 38300
38886.93 38900
41078.33 41100
38531.09 38600
41140.71 41200
27870.34 27900
29887.91 29900
29435.43 29500
32108.19 32200
30860.43 30900
37924.95 38000
39510.80 39600
37626.61 37700
37919.34 38000
38785.58 38800
24758.30 24800
30618.84 30700
29390.26 29400
30395.32 30400
31130.04 31200
37754.18 37800
38405.99 38500
39090.60 39100
37668.87 37700
38620.64 38700
26518.00 26600
29292.63 29300
30661.12 30700
31645.46 31700
32195.21 32200
35518.52 35600
39042.57 39100
38528.93 38600
39482.26 39500
39789.68 39800
37158.71 37200
38170.99 38200
39002.70 39100
36817.44 36900
38730.86 38800
31546.58 31600
30017.98 30100
30627.19 30700
32483.80 32500
32208.48 32300
1703.79 1800
1601.60 1700
1878.19 1900
1771.16 1800
1770.17 1800
1872.21 1900
29900.68 30000
31558.79 31600
30833.75 30900
31630.28 31700
30276.04 30300
30197.79 30200
31035.75 31100
30765.13 30800
36681.78 36700
37333.23 37400
38706.53 38800
38604.47 38700
39419.56 39500
39078.30 39100
40505.73 40600
40179.08 40200
29910.00 30000
28969.38 29000
29376.52 29400
28809.52 28900
31646.66 31700
29830.36 29900
30529.18 30600
30949.50 31000
33179.98 33200
37194.75 37200
36502.66 36600
37650.50 37700
38251.22 38300
38057.00 38100
39787.89 39800
38681.74 38700
29836.26 29900
29163.20 29200
29490.53 29500
29496.20 29500
30658.99 30700
29394.55 29400
29848.02 29900
29563.07 29600
38004.07 38100
38125.92 38200
37955.54 38000
38360.85 38400
38430.70 38500
39415.53 39500
38417.04 38500
38945.39 39000
29438.22 29500
30517.63 30600
30834.03 30900
32129.08 32200
31086.14 31100
30905.62 31000
30927.08 31000
30881.21 30900
38752.74 38800
38878.04 38900
40485.96 40500
40782.06 40800
40578.13 40600
39790.40 39800
41714.72 41800
39965.93 40000
32822.63 32900
37302.27 37400
37667.10 37700
37712.87 37800
37634.65 37700
39093.01 39100
39040.09 39100
38927.82 39000
27768.69 27800
30530.78 30600
30409.20 30500
32127.90 32200
30651.28 30700
30073.12 30100
31556.62 31600
32157.64 32200
1693.41 1700
2221.66 2300
1882.85 1900
2150.27 2200
1897.96 1900
1886.02 1900
30884.81 30900
29932.05 30000
38249.98 38300
39239.83 39300
29833.24 29900
29433.76 29500
37990.20 38000
38175.51 38200
29401.60 29500
29485.51 29500
37252.69 37300
38121.74 38200
30014.76 30100
30778.34 30800
37981.01 38000
40023.43 40100
37568.45 37600
37802.06 37900
29430.41 29500
31677.20 31700
1377.48 1400
1392.44 1400
1421.34 1500
30352.28 30400
39623.78 39700
30014.72 30100
39439.96 39500
27831.79 27900
38628.39 38700
28256.53 28300
39827.99 39900
36656.15 36700
31969.65 32000
2225.85 2300
2423.22 2500
28134.17 28200
38347.15 38400
28607.96 28700
37785.90 37800
28285.90 28300
38497.60 38500
25739.67 25800
37007.24 37100
37608.02 37700
30866.13 30900
30995.58 31000
31014.43 31100
38234.37 38300
39893.47 39900
30332.61 30400
30142.50 30200
38314.02 38400
39024.18 39100
30240.55 30300
29772.09 29800
36160.14 36200
39710.03 39800
31316.24 31400
30071.11 30100
37888.07 37900
40333.68 40400
38840.08 38900
37805.68 37900
32003.66 32100
32801.24 32900
1756.25 1800
2369.28 2400
1653.81 1700
1988.41 2000
30407.10 30500
39642.99 39700
29358.80 29400
38115.42 38200
29844.06 29900
38895.84 38900
32305.08 32400
40696.64 40700
38893.68 38900
32055.11 32100
1703.34 1800
1795.57 1800
1591.95 1600
26521.83 26600
29639.37 29700
38120.94 38200
38515.97 38600
28226.71 28300
29403.71 29500
37689.28 37700
37264.25 37300
29579.18 29600
30050.99 30100
36879.82 36900
38063.95 38100
29778.58 29800
29463.27 29500
39260.93 39300
38774.37 38800
37302.25 37400
37937.90 38000
30529.73 30600
31247.63 31300
1567.79 1600
29856.90 29900
31263.95 31300
30787.06 30800
34129.85 34200
39952.59 40000
40122.99 40200
29475.81 29500
30809.22 30900
30254.07 30300
34940.76 35000
36908.23 37000
38740.07 38800
28742.08 28800
29488.36 29500
30831.53 30900
38078.22 38100
37623.53 37700
38271.06 38300
28688.60 28700
31014.83 31100
31321.20 31400
37384.12 37400
39561.19 39600
38515.30 38600
37868.80 37900
38511.02 38600
39181.08 39200
28347.08 28400
30214.96 30300
30921.94 31000
1415.98 1500
1471.52 1500
31024.69 31100
36680.38 36700
30164.53 30200
33951.89 34000
29731.34 29800
35971.24 36000
30348.99 30400
39363.31 39400
38363.36 38400
32349.17 32400
28741.51 28800
29373.20 29400
29624.32 29700
31458.06 31500
39748.25 39800
38899.40 38900
38822.09 38900
39324.65 39400
30421.71 30500
29997.80 30000
30245.25 30300
31283.42 31300
35563.78 35600
37819.23 37900
38455.36 38500
38797.44 38800
28742.96 28800
30423.72 30500
30023.08 30100
30235.91 30300
34223.20 34300
37464.18 37500
39132.26 39200
38373.50 38400
29944.80 30000
31050.20 31100
30470.29 30500
30133.29 30200
37696.89 37700
39502.84 39600
40529.99 40600
39803.05 39900
35107.18 35200
35294.26 35300
37610.55 37700
38993.08 39000
30452.02 30500
30432.88 30500
30893.34 30900
31319.08 31400
1655.85 1700
2113.55 2200
1657.92 1700
1740.19 1800
30872.21 30900
40400.34 40500
30959.01 31000
39591.85 39600
31671.88 31700
36732.37 36800
30934.52 31000
40236.25 40300
38954.59 39000
31416.61 31500
31172.56 31200
40306.64 40400
30600.98 30700
39201.41 39300
31824.07 31900
39636.38 39700
32677.89 32700
41216.42 41300
39639.99 39700
32677.96 32700
2226.51 2300
2252.53 2300
31570.25 31600
41239.26 41300
30548.29 30600
39547.63 39600
29499.77 29500
38791.03 38800
30175.33 30200
39943.02 40000
37417.80 37500
31924.83 32000
2315.58 2400
2012.23 2100
26143.39 26200
29739.25 29800
30875.57 30900
38734.36 38800
38241.32 38300
38473.75 38500
26461.01 26500
29124.40 29200
30219.62 30300
38709.03 38800
37242.68 37300
37832.64 37900
26979.09 27000
28848.18 28900
30010.79 30100
39217.78 39300
37618.87 37700
39261.42 39300
27735.32 27800
28693.58 28700
30835.50 30900
40701.47 40800
38788.16 38800
38765.35 38800
38243.81 38300
38838.61 38900
39069.60 39100
30755.90 30800
30628.03 30700
32556.43 32600
1751.90 1800
1595.54 1600
30983.76 31000
31242.47 31300
36799.14 36800
38372.58 38400
30361.76 30400
30597.76 30600
35439.66 35500
36313.67 36400
30299.14 30300
30620.38 30700
35256.80 35300
38990.54 39000
31454.88 31500
30864.31 30900
36727.40 36800
38300.55 38400
38114.88 38200
38612.20 38700
29440.32 29500
33039.45 33100
2002.24 2100
2003.79 2100
32190.14 32200
40097.46 40100
31063.75 31100
39826.58 39900
30218.01 30300
39707.65 39800
30452.38 30500
40003.36 40100
37098.08 37100
31630.37 31700
1752.14 1800
1789.10 1800
1631.83 1700
31464.46 31500
40043.60 40100
30714.40 30800
39163.48 39200
29109.56 29200
38935.43 39000
27471.18 27500
39721.26 39800
34891.40 34900
31266.75 31300
2100.67 2200
1947.24 2000
30879.19 30900
39729.99 39800
29608.68 29700
38001.87 38100
30068.44 30100
38687.74 38700
30064.16 30100
39385.83 39400
38120.36 38200
29788.31 29800
29396.78 29400
31189.95 31200
37322.88 37400
39398.02 39400
27589.58 27600
29293.12 29300
39574.53 39600
38327.69 38400
28002.43 28100
30134.66 30200
38903.91 39000
38200.25 38300
30587.74 30600
31494.11 31500
39841.03 39900
40057.88 40100
39152.63 39200
38904.52 39000
31097.83 31100
31637.46 31700
1682.49 1700
1494.10 1500
1717.63 1800
30317.69 30400
38162.53 38200
29288.89 29300
37019.66 37100
29404.59 29500
38478.17 38500
29862.62 29900
39457.67 39500
38791.23 38800
27246.60 27300
31376.43 31400
29465.02 29500
38789.49 38800
40246.72 40300
28875.27 28900
31587.29 31600
37991.46 38000
39634.68 39700
29160.81 29200
31294.74 31300
37729.71 37800
39741.16 39800
30159.90 30200
29576.28 29600
39937.61 40000
39412.65 39500
38091.09 38100
39537.04 39600
30737.18 30800
32613.58 32700
1900.55 2000
1353.01 1400
1773.94 1800
1266.04 1300
28721.04 28800
30398.24 30400
30453.36 30500
38401.05 38500
38617.37 38700
39787.35 39800
29441.29 29500
29181.68 29200
29013.07 29100
38402.19 38500
38132.79 38200
38497.35 38500
28731.38 28800
28694.23 28700
29435.57 29500
37911.73 38000
39125.53 39200
37741.39 37800
29871.38 29900
29710.04 29800
32076.71 32100
38695.96 38700
41113.34 41200
39693.70 39700
36757.10 36800
38550.21 38600
40133.74 40200
31187.77 31200
30664.07 30700
32974.83 33000
1654.03 1700
2218.27 2300
1606.24 1700
2149.61 2200
30460.77 30500
31038.65 31100
30264.44 30300
39496.58 39500
39472.95 39500
40253.97 40300
25118.79 25200
29821.16 29900
30227.63 30300
38332.74 38400
38643.13 38700
37696.65 37700
26805.11 26900
29558.58 29600
29802.48 29900
37707.22 37800
38260.09 38300
37287.62 37300
28665.35 28700
30217.71 30300
30252.25 30300
38277.95 38300
39983.59 40000
39382.46 39400
33035.30 33100
37188.87 37200
37694.26 37700
30722.21 30800
30657.94 30700
30467.54 30500
1336.43 1400
1646.89 1700
1365.02 1400
1490.89 1500
27736.56 27800
32481.57 32500
40910.56 41000
38771.60 38800
25551.15 25600
31585.58 31600
40061.52 40100
37611.70 37700
28303.93 28400
32452.12 32500
38159.71 38200
37587.75 37600
30567.08 30600
31294.38 31300
38098.59 38100
39242.59 39300
36149.93 36200
38940.24 39000
29850.31 29900
29685.80 29700
29990.82 30000
30649.65 30700
38774.00 38800
39829.94 39900
29428.23 29500
31240.35 31300
38870.45 38900
37644.93 37700
29420.51 29500
30436.92 30500
35828.00 35900
37898.29 37900
30526.71 30600
30240.33 30300
38620.91 38700
40048.33 40100
38047.64 38100
37756.02 37800
30532.53 30600
31319.33 31400
26892.76 26900
29471.68 29500
30514.83 30600
29923.11 30000
30511.84 30600
38722.99 38800
38526.47 38600
38923.28 39000
39669.94 39700
39100.88 39200
28097.56 28100
28965.72 29000
29627.63 29700
29594.72 29600
29870.05 29900
37774.93 37800
38275.80 38300
38023.13 38100
38885.49 38900
38058.62 38100
28527.05 28600
28895.15 28900
29017.66 29100
29412.44 29500
28699.74 28700
37615.38 37700
38322.92 38400
37771.09 37800
38029.33 38100
38355.28 38400
30084.20 30100
29252.88 29300
30047.60 30100
30503.76 30600
30053.54 30100
39521.49 39600
39624.41 39700
39349.73 39400
39776.36 39800
39724.95 39800
37116.72 37200
38174.52 38200
38013.58 38100
37624.64 37700
39324.93 39400
30837.87 30900
30628.98 30700
30838.96 30900
30992.89 31000
32434.79 32500
1450.08 1500
1493.79 1500
1738.81 1800
1414.57 1500
1435.33 1500
1435.28 1500
1488.07 1500
1657.34 1700
1405.84 1500
31240.14 31300
30322.77 30400
31028.52 31100
38019.43 38100
38681.65 38700
40249.96 40300
31434.54 31500
29653.33 29700
30473.00 30500
36926.56 37000
38735.92 38800
39264.16 39300
30245.58 30300
28771.45 28800
29717.44 29800
39869.54 39900
38178.52 38200
38983.32 39000
31058.82 31100
29900.43 30000
31025.06 31100
39539.93 39600
41269.33 41300
40074.05 40100
37448.69 37500
38812.35 38900
39879.85 39900
30547.06 30600
32198.15 32200
31891.46 31900
1796.89 1800
2222.49 2300
1380.85 1400
1654.90 1700
2119.23 2200
1880.65 1900
31087.39 31100
30009.21 30100
30652.53 30700
31587.89 31600
37526.74 37600
38253.85 38300
39054.22 39100
40433.81 40500
29018.43 29100
29336.88 29400
30022.19 30100
30026.47 30100
35599.41 35600
35248.66 35300
37853.23 37900
39036.30 39100
31319.07 31400
29826.11 29900
29140.55 29200
29948.82 30000
36084.72 36100
38385.54 38400
39888.33 39900
39534.69 39600
30607.51 30700
30396.98 30400
29719.28 29800
30965.19 31000
38004.60 38100
39451.45 39500
39339.32 39400
40148.89 40200
39303.85 39400
38406.35 38500
39019.21 39100
37443.07 37500
30455.73 30500
31044.38 31100
31637.21 31700
32351.48 32400
2422.77 2500
2110.22 2200
29507.96 29600
30533.87 30600
38558.01 38600
38947.48 39000
28935.58 29000
29784.13 29800
36770.70 36800
38135.10 38200
29902.38 30000
29165.64 29200
38272.49 38300
38647.86 38700
29856.20 29900
29917.58 30000
40213.60 40300
39636.49 39700
37957.86 38000
38225.47 38300
31521.65 31600
31626.16 31700
1880.65 1900
1883.33 1900
1874.97 1900
2209.98 2300
30205.94 30300
30016.01 30100
30407.79 30500
38617.04 38700
38419.57 38500
39472.37 39500
29982.02 30000
29203.28 29300
29447.10 29500
38179.87 38200
37850.78 37900
38598.40 38600
28905.64 29000
28525.05 28600
29062.06 29100
38285.37 38300
37781.03 37800
38306.94 38400
31103.10 31200
30040.93 30100
30536.79 30600
39749.72 39800
39462.32 39500
40021.79 40100
37459.29 37500
38081.57 38100
39327.30 39400
31060.25 31100
31431.91 31500
32050.97 32100
1677.03 1700
2047.36 2100
1710.82 1800
2057.00 2100
26343.72 26400
29895.99 29900
31849.34 31900
30963.10 31000
30976.11 31000
31273.05 31300
35336.62 35400
35598.77 35600
38173.71 38200
40426.13 40500
38911.04 39000
38097.77 38100
28809.46 28900
30169.48 30200
31130.91 31200
30046.50 30100
30569.96 30600
30838.23 30900
34880.04 34900
35937.94 36000
38187.94 38200
38448.91 38500
37660.91 37700
37878.58 37900
28329.61 28400
29414.38 29500
29253.26 29300
30022.12 30100
30924.59 31000
30595.50 30600
36924.16 37000
36959.75 37000
38385.34 38400
37273.23 37300
39110.49 39200
40196.67 40200
30482.56 30500
30812.58 30900
30300.71 30400
30719.76 30800
31232.20 31300
33365.62 33400
37631.66 37700
37381.05 37400
38045.93 38100
39281.63 39300
40677.47 40700
40319.58 40400
35408.96 35500
37251.19 37300
38162.95 38200
39588.22 39600
38528.30 38600
38667.48 38700
31105.80 31200
31293.58 31300
31714.52 31800
33087.98 33100
29872.97 29900
31479.63 31500
2056.93 2100
2115.81 2200
22296.50 22300
31124.17 31200
31856.33 31900
35992.04 36000
39910.65 40000
40331.10 40400
28032.31 28100
29309.27 29400
31799.85 31800
38456.28 38500
37760.40 37800
38522.09 38600
29585.34 29600
29106.04 29200
30866.67 30900
37594.27 37600
38087.26 38100
38706.00 38800
28502.98 28600
30096.10 30100
30790.51 30800
39125.43 39200
39163.16 39200
39597.95 39600
34541.99 34600
37646.61 37700
38806.78 38900
30129.43 30200
32203.78 32300
31295.46 31300
2116.91 2200
2294.26 2300
31820.14 31900
39134.45 39200
31482.70 31500
36389.56 36400
29893.99 29900
40277.10 40300
32237.98 32300
39940.65 40000
38481.90 38500
32125.81 32200
30536.23 30600
30851.76 30900
31041.61 31100
32763.34 32800
40565.77 40600
40163.96 40200
39213.18 39300
40175.23 40200
29188.84 29200
31843.49 31900
31454.85 31500
31449.21 31500
36660.92 36700
40039.70 40100
39853.35 39900
38429.83 38500
27775.24 27800
30544.26 30600
31996.11 32000
30396.07 30400
36443.81 36500
39544.81 39600
38951.58 39000
38756.69 38800
27831.87 27900
32411.86 32500
32413.92 32500
31235.68 31300
36770.43 36800
38154.20 38200
39292.56 39300
41293.54 41300
35530.12 35600
38160.37 38200
38099.81 38100
38492.65 38500
33019.29 33100
32295.29 32300
31739.88 31800
31484.23 31500
1685.50 1700
2183.80 2200
1744.52 1800
2196.62 2200
1826.16 1900
30558.22 30600
38543.04 38600
28731.80 28800
38802.51 38900
29086.56 29100
38584.42 38600
28811.26 28900
38329.86 38400
38779.80 38800
30628.34 30700
28406.65 28500
29043.44 29100
31048.03 31100
31529.40 31600
30523.02 30600
38738.93 38800
37478.13 37500
39008.59 39100
39901.84 40000
40500.41 40600
27960.06 28000
30781.16 30800
31685.76 31700
30026.12 30100
30314.97 30400
36973.00 37000
37932.48 38000
39479.12 39500
38736.83 38800
38392.46 38400
27934.52 28000
29551.39 29600
30626.38 30700
29325.83 29400
29909.78 30000
37666.12 37700
39845.62 39900
38849.45 38900
39527.35 39600
38582.93 38600
27878.31 27900
29996.09 30000
31446.66 31500
31528.98 31600
30212.04 30300
39336.37 39400
40266.00 40300
40185.22 40200
39600.26 39700
39633.20 39700
35199.17 35200
37596.87 37600
37777.01 37800
37999.02 38000
38674.28 38700
29166.58 29200
32060.70 32100
31273.83 31300
31201.03 31300
31788.61 31800
1700.70 1800
1578.58 1600
2088.17 2100
1619.66 1700
1596.95 1600
2120.46 2200
2120.85 2200
1681.22 1700
1550.45 1600
1728.45 1800
25028.62 25100
29974.99 30000
30503.85 30600
30901.20 31000
35865.54 35900
39171.67 39200
38398.20 38400
39592.89 39600
24805.23 24900
28121.26 28200
30071.48 30100
29935.43 30000
37656.89 37700
38363.90 38400
37127.06 37200
37519.49 37600
28145.82 28200
29215.30 29300
29864.35 29900
30466.58 30500
36651.67 36700
37873.32 37900
37435.20 37500
37974.30 38000
26606.15 26700
30036.93 30100
30845.45 30900
31160.29 31200
37238.13 37300
39870.55 39900
40077.10 40100
38938.58 39000
33196.26 33200
37093.51 37100
38612.51 38700
38487.43 38500
30185.69 30200
29914.45 30000
29844.84 29900
30808.22 30900
1863.25 1900
1474.39 1500
1389.21 1400
2206.16 2300
26450.38 26500
30091.69 30100
31656.33 31700
30095.46 30100
37907.94 38000
39390.12 39400
38506.98 38600
40355.41 40400
28060.18 28100
29852.98 29900
29732.65 29800
29172.65 29200
36950.63 37000
37035.63 37100
38672.27 38700
38629.45 38700
25307.54 25400
30516.64 30600
29376.42 29400
28265.00 28300
35585.37 35600
37918.32 38000
38199.34 38200
38618.98 38700
29835.18 29900
31544.11 31600
29558.55 29600
30744.22 30800
37860.89 37900
39235.45 39300
40256.57 40300
41134.20 41200
33282.29 33300
37863.61 37900
38166.75 38200
37448.35 37500
30363.75 30400
30495.71 30500
30837.70 30900
30823.01 30900
1627.22 1700
1463.71 1500
1490.12 1500
1371.31 1400
28119.03 28200
29058.76 29100
39800.46 39900
38652.71 38700
26809.11 26900
30657.78 30700
39599.30 39600
37761.32 37800
27088.62 27100
30414.00 30500
39003.58 39100
37833.80 37900
28892.31 28900
30602.22 30700
38237.75 38300
40357.87 40400
37805.73 37900
37770.91 37800
31137.61 31200
31222.04 31300
1770.88 1800
1297.34 1300
1212.63 1300
1618.99 1700
1456.21 1500
30986.68 31000
31645.53 31700
36000.47 36100
41115.30 41200
28824.58 28900
30092.63 30100
35657.02 35700
38042.90 38100
31057.00 31100
30007.56 30100
35209.97 35300
38987.92 39000
32108.31 32200
30288.80 30300
38554.16 38600
40434.98 40500
38624.69 38700
38523.08 38600
29601.68 29700
31704.09 31800
1572.87 1600
1756.94 1800
29681.00 29700
30560.95 30600
35758.28 35800
39441.07 39500
28833.06 28900
30015.26 30100
37730.24 37800
38155.39 38200
30050.59 30100
30003.52 30100
39042.06 39100
38725.62 38800
28746.10 28800
30989.41 31000
41289.27 41300
39199.11 39200
39314.97 39400
39840.06 39900
31557.71 31600
31809.74 31900
1697.81 1700
2250.54 2300
30185.20 30200
30647.44 30700
33043.44 33100
38386.87 38400
39117.90 39200
39979.39 40000
30744.01 30800
30007.29 30100
30318.17 30400
38047.69 38100
39227.56 39300
40288.51 40300
31439.24 31500
30407.62 30500
31603.35 31700
36760.17 36800
36240.45 36300
38967.14 39000
30970.06 31000
30079.18 30100
31312.30 31400
38673.94 38700
39024.96 39100
40408.79 40500
38328.47 38400
39745.12 39800
39134.08 39200
29320.40 29400
29382.26 29400
31893.42 31900
30132.11 30200
30665.24 30700
30506.21 30600
30872.11 30900
31026.02 31100
35618.51 35700
36572.34 36600
37400.19 37500
37994.76 38000
37500.06 37600
29411.96 29500
30090.60 30100
30079.03 30100
30291.19 30300
30341.13 30400
34145.80 34200
35452.57 35500
36318.32 36400
37621.03 37700
38237.96 38300
29553.50 29600
30341.69 30400
30066.48 30100
30157.42 30200
30502.04 30600
34422.23 34500
35105.68 35200
36116.40 36200
37374.84 37400
39026.78 39100
29372.77 29400
31297.49 31300
30775.52 30800
30795.85 30800
30971.26 31000
35996.72 36000
37164.53 37200
39242.76 39300
39066.88 39100
39520.91 39600
38174.11 38200
38120.95 38200
38324.80 38400
38247.13 38300
38703.75 38800
27697.43 27700
29107.98 29200
30728.56 30800
31394.72 31400
30736.09 30800
30246.62 30300
38462.95 38500
29946.89 30000
37948.51 38000
28975.34 29000
38083.00 38100
30022.15 30100
39123.14 39200
38406.73 38500
29743.28 29800
25754.65 25800
26802.02 26900
30718.68 30800
38094.95 38100
38513.80 38600
38942.93 39000
28183.65 28200
28984.45 29000
29238.63 29300
37534.18 37600
37791.82 37800
38438.42 38500
26887.99 26900
29831.20 29900
29599.44 29600
37780.43 37800
39038.32 39100
38326.59 38400
29789.86 29800
29365.69 29400
29412.79 29500
40101.17 40200
38900.24 39000
39541.70 39600
36997.05 37000
38833.18 38900
38556.75 38600
30496.31 30500
30977.14 31000
31823.01 31900
1659.50 1700
1743.14 1800
2165.52 2200
1982.36 2000
30093.96 30100
39336.83 39400
29001.29 29100
38264.87 38300
27188.32 27200
37809.59 37900
28411.57 28500
39217.90 39300
35638.81 35700
30639.04 30700
1775.18 1800
1841.21 1900
30093.23 30100
31865.16 31900
38335.08 38400
39507.57 39600
30035.40 30100
30554.38 30600
37947.78 38000
39221.66 39300
29712.98 29800
30772.56 30800
36246.69 36300
39032.11 39100
31666.18 31700
31433.19 31500
36045.68 36100
40886.45 40900
38876.61 38900
38606.34 38700
30800.74 30900
32013.39 32100
2324.64 2400
2047.51 2100
28660.74 28700
30027.15 30100
30495.87 30500
29955.26 30000
39313.57 39400
39039.51 39100
41018.04 41100
39018.12 39100
28314.38 28400
28954.52 29000
29867.43 29900
31314.64 31400
37489.69 37500
37944.31 38000
40244.73 40300
38299.91 38300
27794.47 27800
27625.19 27700
29086.08 29100
29202.72 29300
37812.10 37900
38884.79 38900
38291.76 38300
38529.96 38600
27626.21 27700
29142.61 29200
30239.34 30300
30411.52 30500
38318.16 38400
40447.75 40500
39496.71 39500
39432.01 39500
35511.53 35600
35974.78 36000
36647.79 36700
37489.64 37500
30791.01 30800
30283.21 30300
31328.88 31400
31360.91 31400
1799.73 1800
2099.81 2100
1575.33 1600
2119.17 2200
1563.47 1600
1712.94 1800
31066.79 31100
40019.00 40100
28956.24 29000
37171.49 37200
29825.04 29900
39038.38 39100
30452.14 30500
40410.19 40500
36177.58 36200
29808.41 29900
31712.55 31800
30642.43 30700
30791.99 30800
36257.61 36300
38635.30 38700
39665.35 39700
30318.01 30400
30738.22 30800
30046.62 30100
35634.94 35700
36659.75 36700
37079.29 37100
29562.22 29600
30133.82 30200
29986.71 30000
35841.55 35900
38648.74 38700
38446.14 38500
30983.44 31000
31151.65 31200
30395.74 30400
36324.23 36400
36708.32 36800
39274.43 39300
38461.44 38500
37976.78 38000
38340.07 38400
28605.94 28700
29307.75 29400
31630.97 31700
29750.44 29800
30727.36 30800
39174.87 39200
39777.28 39800
25557.57 25600
30503.48 30600
37157.05 37200
38964.29 39000
28503.15 28600
29691.13 29700
38396.36 38400
38356.28 38400
29368.87 29400
29846.81 29900
39265.82 39300
39285.88 39300
36603.00 36700
38553.08 38600
30452.91 30500
31243.58 31300
1637.14 1700
1541.68 1600
1597.77 1600
1459.10 1500
30315.29 30400
39687.43 39700
30270.46 30300
40174.41 40200
30668.53 30700
38982.05 39000
31010.92 31100
40655.66 40700
38532.07 38600
31515.80 31600
1758.78 1800
1762.34 1800
31727.96 31800
40223.51 40300
31420.91 31500
39526.22 39600
29836.04 29900
38927.25 39000
31649.90 31700
40388.03 40400
37924.11 38000
32339.20 32400
2309.38 2400
2405.57 2500
30301.76 30400
31355.00 31400
37141.68 37200
39048.21 39100
29066.62 29100
29760.42 29800
38631.58 38700
38674.56 38700
29060.40 29100
30280.70 30300
39355.20 39400
38035.02 38100
30612.14 30700
31400.19 31500
38479.46 38500
39859.09 39900
37844.96 37900
38302.08 38400
30658.31 30700
29841.48 29900
30566.75 30600
32381.81 32400
39591.89 39600
40997.33 41000
29678.73 29700
30587.86 30600
38623.92 38700
39394.15 39400
28956.72 29000
29732.30 29800
38532.37 38600
38896.92 38900
29778.93 29800
30380.22 30400
39970.16 40000
40048.60 40100
36986.19 37000
37856.22 37900
31215.42 31300
32206.62 32300
2474.37 2500
2165.86 2200
2312.92 2400
2268.93 2300
32020.40 32100
40477.86 40500
31511.51 31600
39533.82 39600
31884.54 31900
40148.73 40200
33362.81 33400
40345.41 40400
39656.22 39700
32558.83 32600
30564.53 30600
30641.45 30700
39978.86 40000
39727.43 39800
28853.47 28900
31029.22 31100
39528.62 39600
37578.30 37600
30357.61 30400
30468.83 30500
37772.36 37800
38959.76 39000
31255.75 31300
30945.49 31000
40557.65 40600
41059.16 41100
38829.15 38900
39241.85 39300
28749.41 28800
30821.19 30900
29441.00 29500
38836.38 38900
28347.84 28400
37882.16 37900
28141.19 28200
37333.56 37400
29692.12 29700
38644.85 38700
38488.65 38500
29656.55 29700
29328.84 29400
28152.95 28200
30683.33 30700
39517.74 39600
38591.16 38600
38592.07 38600
28206.54 28300
31411.28 31500
31600.52 31700
39287.11 39300
37806.25 37900
39751.09 39800
29942.28 30000
30418.17 30500
31106.06 31200
38181.60 38200
38294.71 38300
39297.99 39300
28806.24 28900
31319.88 31400
31355.54 31400
35372.08 35400
39041.99 39100
40178.07 40200
37005.33 37100
38223.58 38300
37571.70 37600
32183.45 32200
30817.25 30900
32025.44 32100
1860.45 1900
1249.06 1300
2028.08 2100
1298.60 1300
2096.48 2100
30864.34 30900
39403.51 39500
30168.54 30200
38152.11 38200
30918.50 31000
39587.33 39600
31238.17 31300
39985.90 40000
39397.32 39400
32130.72 32200
2237.58 2300
1768.80 1800
29840.14 29900
32166.16 32200
39146.44 39200
39939.30 40000
28979.90 29000
31073.73 31100
38499.01 38500
38922.79 39000
28604.69 28700
31350.61 31400
33747.36 33800
37367.92 37400
30038.99 30100
29788.77 29800
40697.69 40700
39093.24 39100
37593.60 37600
39118.76 39200
30024.35 30100
32340.29 32400
24163.45 24200
29951.17 30000
30753.08 30800
34772.59 34800
39263.36 39300
37746.15 37800
28290.17 28300
29302.20 29400
29761.23 29800
35728.28 35800
38469.41 38500
37277.97 37300
27875.89 27900
29070.78 29100
30438.36 30500
38210.43 38300
39231.98 39300
37911.99 38000
29300.62 29400
29672.63 29700
31200.06 31300
35480.13 35500
39079.55 39100
39495.68 39500
37607.47 37700
37810.10 37900
38179.64 38200
28754.16 28800
30237.19 30300
30737.45 30800
1448.22 1500
1504.96 1600
30772.41 30800
33979.63 34000
28610.31 28700
39217.58 39300
30385.02 30400
39671.88 39700
30695.38 30700
39955.38 40000
39444.54 39500
32046.36 32100
1978.03 2000
2066.65 2100
30221.85 30300
39838.31 39900
24608.45 24700
35779.29 35800
29242.76 29300
37893.69 37900
30333.38 30400
39794.24 39800
38011.17 38100
29929.19 30000
26082.78 26100
31955.20 32000
38599.26 38600
40047.55 40100
25324.43 25400
30496.25 30500
37685.25 37700
39287.10 39300
26029.18 26100
30329.25 30400
37694.56 37700
39335.11 39400
26006.31 26100
28601.10 28700
38703.98 38800
40005.13 40100
35006.12 35100
34570.75 34600
30564.85 30600
31794.66 31800
1961.12 2000
1501.45 1600
2146.79 2200
1357.30 1400
31805.62 31900
30361.39 30400
39605.95 39700
39829.14 39900
28296.86 28300
31963.77 32000
37756.66 37800
39967.33 40000
29351.77 29400
31504.40 31600
38942.12 39000
40731.74 40800
28261.41 28300
32089.73 32100
39222.02 39300
40909.81 41000
33655.18 33700
38687.10 38700
30312.11 30400
32801.02 32900
2142.54 2200
1395.44 1400
1384.34 1400
2243.75 2300
1439.07 1500
28924.15 29000
39129.80 39200
27002.50 27100
37466.37 37500
29426.68 29500
38601.85 38700
28134.03 28200
38873.85 38900
37205.47 37300
30483.66 30500
1379.84 1400
1545.24 1600
31007.84 31100
30161.49 30200
31006.74 31100
39405.58 39500
39331.16 39400
40587.14 40600
29321.08 29400
31409.26 31500
30520.40 30600
38182.73 38200
38538.76 38600
38593.00 38600
29724.42 29800
30191.49 30200
30835.91 30900
36875.91 36900
40122.20 40200
38949.97 39000
29440.24 29500
32140.49 32200
31013.66 31100
39206.03 39300
41339.90 41400
40171.35 40200
32137.15 32200
39559.01 39600
38568.03 38600
28658.32 28700
32539.03 32600
32121.63 32200
26295.41 26300
28771.52 28800
38585.51 38600
38997.49 39000
29726.71 29800
30445.17 30500
38669.65 38700
38594.26 38600
29233.68 29300
31398.86 31400
39490.44 39500
38778.43 38800
27974.36 28000
31226.73 31300
40007.41 40100
39866.23 39900
34062.86 34100
39470.70 39500
30369.60 30400
31213.05 31300
2197.22 2200
1869.71 1900
28828.32 28900
29816.73 29900
38927.94 39000
38404.35 38500
29080.01 29100
29291.41 29300
38513.61 38600
38539.02 38600
28925.03 29000
29762.70 29800
37459.59 37500
38261.21 38300
29924.94 30000
29412.11 29500
39534.36 39600
39196.17 39200
36440.57 36500
37724.51 37800
30402.25 30500
31105.43 31200
1307.32 1400
2144.39 2200
1248.06 1300
1737.79 1800
30120.41 30200
30286.98 30300
32314.32 32400
39451.84 39500
40460.37 40500
39158.69 39200
30445.55 30500
30828.43 30900
30605.05 30700
36466.21 36500
37450.71 37500
37937.99 38000
29310.13 29400
30538.92 30600
30148.34 30200
37076.76 37100
39269.01 39300
38957.09 39000
31425.18 31500
30691.38 30700
31310.74 31400
38645.20 38700
39337.44 39400
40260.06 40300
37204.14 37300
38499.71 38500
38385.15 38400
31448.77 31500
31742.36 31800
30244.53 30300
30675.01 30700
38612.59 38700
29119.16 29200
38082.17 38100
29720.50 29800
37484.62 37500
30192.97 30200
39517.51 39600
38042.90 38100
30541.98 30600
30574.59 30600
31090.55 31100
36268.71 36300
38277.19 38300
30274.54 30300
30038.98 30100
35944.03 36000
37800.91 37900
30119.68 30200
30780.23 30800
35786.00 35800
36406.96 36500
30321.91 30400
30668.27 30700
37089.38 37100
39149.53 39200
38161.41 38200
38150.54 38200
29902.78 30000
31827.66 31900
30147.63 30200
39365.83 39400
29339.00 29400
38396.34 38400
29699.18 29700
38171.87 38200
30907.43 31000
39230.55 39300
37402.68 37500
31350.25 31400
1389.53 1400
1561.87 1600
27085.56 27100
30266.02 30300
31003.22 31100
37761.51 37800
38515.65 38600
38433.27 38500
28331.39 28400
29341.74 29400
29905.41 30000
38065.09 38100
39415.26 39500
37384.41 37400
29292.53 29300
29772.50 29800
31795.12 31800
35847.53 35900
37168.04 37200
37494.85 37500
30547.43 30600
30271.01 30300
31037.50 31100
36993.86 37000
38262.59 38300
39962.04 40000
37791.13 37800
38275.25 38300
38444.95 38500
30211.53 30300
29827.80 29900
30551.23 30600
28968.92 29000
32068.30 32100
40140.52 40200
39357.89 39400
28616.24 28700
30607.41 30700
38630.46 38700
38379.53 38400
28166.36 28200
29874.32 29900
39720.20 39800
38566.74 38600
28899.71 28900
31210.71 31300
40319.78 40400
39657.68 39700
35262.41 35300
38478.56 38500
32093.55 32100
31406.34 31500
2020.98 2100
1771.11 1800
1895.36 1900
1795.38 1800
31292.60 31300
39667.97 39700
30836.40 30900
35829.09 35900
30093.62 30100
38238.24 38300
31253.21 31300
37447.85 37500
38144.14 38200
29011.76 29100
30776.02 30800
31230.25 31300
37095.52 37100
40516.32 40600
30500.11 30600
30407.42 30500
36937.06 37000
39107.94 39200
30354.90 30400
30264.89 30300
36560.01 36600
39157.98 39200
31894.26 31900
31392.28 31400
37578.64 37600
40097.28 40100
38973.67 39000
38652.17 38700
31275.74 31300
31371.53 31400
31492.13 31500
30662.54 30700
31592.65 31600
30689.14 30700
38002.76 38100
39333.47 39400
40446.81 40500
39475.06 39500
29798.08 29800
31236.52 31300
30970.58 31000
30201.92 30300
39650.66 39700
38975.13 39000
38931.34 39000
38470.82 38500
29917.15 30000
30616.41 30700
31140.30 31200
30974.05 31000
37604.65 37700
38719.52 38800
37816.87 37900
40083.94 40100
29967.61 30000
32494.88 32500
30943.05 31000
31875.77 31900
39243.30 39300
40110.27 40200
40154.81 40200
39873.19 39900
38633.56 38700
38552.75 38600
38926.32 39000
38709.40 38800
29620.44 29700
29227.27 29300
31309.39 31400
32228.68 32300
1690.66 1700
1733.14 1800
28895.79 28900
30827.07 30900
30626.71 30700
39414.03 39500
39661.57 39700
38752.22 38800
29012.87 29100
28743.52 28800
29048.13 29100
38113.35 38200
38172.15 38200
38132.46 38200
26850.69 26900
28990.97 29000
29689.26 29700
38871.78 38900
37617.35 37700
38108.41 38200
29084.68 29100
29295.44 29300
31760.29 31800
40218.94 40300
38987.83 39000
39374.56 39400
36647.36 36700
37511.09 37600
39270.22 39300
30446.94 30500
31904.99 32000
30406.46 30500
1417.45 1500
1624.67 1700
1348.00 1400
1598.88 1600
