28992.19 29000
40380.31 40400
29108.32 29200
40861.73 40900
29848.71 29900
41554.05 41600
30651.17 30700
41161.30 41200
39951.41 40000
31911.18 32000
6438.14 6500
35459.53 35500
47003.44 47100
37566.60 37600
46226.24 46300
37001.93 37100
46622.85 46700
37432.73 37500
47387.02 47400
46147.78 46200
37430.33 37500
7679.33 7700
28771.40 28800
33482.91 33500
33616.96 33700
42054.37 42100
44250.00 44300
45286.52 45300
29852.33 29900
33494.16 33500
34992.74 35000
40336.13 40400
44220.03 44300
44526.53 44600
29305.70 29400
35090.17 35100
34814.33 34900
40611.33 40700
44221.18 44300
44488.12 44500
30348.48 30400
34627.63 34700
35322.14 35400
42076.65 42100
45481.46 45500
45825.78 45900
40419.00 40500
43636.43 43700
44401.67 44500
31055.37 31100
35603.14 35700
35831.01 35900
6592.22 6600
5973.29 6000
7253.55 7300
34978.09 35000
46779.10 46800
36821.82 36900
46621.17 46700
36588.11 36600
46729.15 46800
37442.19 37500
47485.25 47500
46812.43 46900
37757.17 37800
7940.57 8000
33454.83 33500
45549.48 45600
34393.07 34400
44313.30 44400
34335.47 34400
44762.27 44800
35493.79 35500
44751.50 44800
44792.46 44800
35074.97 35100
6879.83 6900
29179.16 29200
33882.31 33900
34964.03 35000
35554.27 35600
39828.13 39900
45618.10 45700
46354.04 46400
46702.20 46800
30064.81 30100
33759.16 33800
36760.40 36800
36890.68 36900
39949.04 40000
45875.07 45900
44455.89 44500
46066.84 46100
30201.22 30300
33727.08 33800
36600.61 36700
36690.36 36700
40869.91 40900
44164.02 44200
46114.59 46200
46684.05 46700
30553.76 30600
34707.85 34800
37216.86 37300
37111.30 37200
41002.77 41100
46144.01 46200
47150.11 47200
47788.95 47800
40715.17 40800
43836.03 43900
46278.74 46300
46166.03 46200
31116.49 31200
36281.87 36300
37714.62 37800
38058.54 38100
5793.83 5800
6996.76 7000
6757.65 6800
6299.70 6300
33130.85 33200
44775.17 44800
34671.56 34700
44337.85 44400
34026.37 34100
45723.74 45800
35013.72 35100
45162.87 45200
45022.57 45100
35633.27 35700
7131.87 7200
34792.24 34800
46986.83 47000
36280.12 36300
46719.84 46800
37827.71 37900
46256.74 46300
37039.51 37100
47419.64 47500
46524.77 46600
38026.57 38100
7881.74 7900
28548.37 28600
30142.31 30200
33498.22 33500
34240.23 34300
41518.94 41600
41360.83 41400
44719.91 44800
46385.88 46400
30261.81 30300
30248.36 30300
35234.02 35300
35563.46 35600
40033.79 40100
40663.94 40700
43770.60 43800
45256.80 45300
30255.69 30300
30656.74 30700
35220.40 35300
34466.63 34500
40327.29 40400
42022.95 42100
43622.66 43700
44796.81 44800
30154.69 30200
31046.08 31100
34988.62 35000
35911.05 36000
40796.16 40800
41637.18 41700
45442.61 45500
46698.28 46700
39059.79 39100
39484.97 39500
43046.83 43100
44823.98 44900
31403.81 31500
32051.47 32100
36309.34 36400
35654.17 35700
5452.38 5500
5897.54 5900
6825.59 6900
7219.54 7300
33567.16 33600
34425.94 34500
35430.13 35500
44799.91 44800
46910.08 47000
46446.58 46500
34314.83 34400
35453.86 35500
37362.47 37400
44211.40 44300
45525.13 45600
46717.93 46800
34056.57 34100
35532.12 35600
37314.26 37400
44457.49 44500
46409.34 46500
45878.59 45900
35185.92 35200
37469.20 37500
37866.69 37900
43406.62 43500
46341.22 46400
47565.19 47600
44143.02 44200
45535.03 45600
46689.25 46700
35773.41 35800
36677.06 36700
39151.41 39200
8125.00 8200
6706.95 6800
7116.65 7200
33265.80 33300
34754.04 34800
45203.86 45300
47153.89 47200
34541.85 34600
36354.85 36400
45096.26 45100
46931.71 47000
34119.88 34200
36453.39 36500
44996.69 45000
47305.16 47400
35780.28 35800
37277.45 37300
44273.13 44300
47769.85 47800
43686.98 43700
45753.38 45800
36164.57 36200
38419.33 38500
6349.75 6400
7119.38 7200
33138.67 33200
32951.83 33000
33219.89 33300
34528.07 34600
35052.71 35100
42573.11 42600
44886.11 44900
44815.47 44900
46239.79 46300
47517.78 47600
34236.21 34300
34490.88 34500
34222.58 34300
36271.09 36300
36967.38 37000
43846.92 43900
44133.08 44200
44288.37 44300
45581.16 45600
46245.34 46300
33968.12 34000
34437.57 34500
34517.31 34600
36121.28 36200
36658.03 36700
44584.27 44600
44842.21 44900
46302.12 46400
46009.70 46100
46543.35 46600
34135.37 34200
36573.79 36600
35531.07 35600
36320.26 36400
36997.86 37000
45098.81 45100
46034.82 46100
45240.41 45300
46941.02 47000
47766.32 47800
43951.81 44000
44171.34 44200
44507.46 44600
46957.49 47000
46263.38 46300
36068.75 36100
35736.91 35800
35583.90 35600
37445.55 37500
37862.52 37900
7481.31 7500
7366.58 7400
7075.42 7100
7043.97 7100
7593.23 7600
27402.33 27500
30587.25 30600
35018.86 35100
35007.84 35100
38481.10 38500
40599.66 40600
45864.87 45900
46214.32 46300
28224.89 28300
30701.66 30800
36351.75 36400
36729.75 36800
38475.11 38500
41811.36 41900
45313.88 45400
46351.88 46400
28661.54 28700
30663.50 30700
35672.47 35700
36964.21 37000
39474.82 39500
41746.23 41800
45829.80 45900
46285.81 46300
29281.60 29300
31696.74 31700
37103.11 37200
36848.41 36900
39949.15 40000
43076.52 43100
46769.26 46800
46659.21 46700
39954.03 40000
41443.21 41500
45759.01 45800
46035.12 46100
30179.26 30200
31786.41 31800
37357.01 37400
37592.36 37600
7147.20 7200
6123.75 6200
7857.97 7900
7170.73 7200
29180.48 29200
33962.48 34000
35210.36 35300
41756.58 41800
44844.74 44900
46514.24 46600
31182.72 31200
33869.83 33900
36101.86 36200
42195.02 42200
44771.73 44800
46567.72 46600
31651.44 31700
34356.16 34400
36323.63 36400
42143.21 42200
45142.85 45200
46492.22 46500
31694.03 31700
35594.52 35600
37706.53 37800
41132.29 41200
45959.56 46000
46954.58 47000
41434.28 41500
44143.89 44200
46400.00 46400
31745.39 31800
35825.70 35900
37349.96 37400
7157.78 7200
7556.15 7600
6625.30 6700
34945.27 35000
35214.62 35300
46405.43 46500
46221.13 46300
36626.01 36700
36421.73 36500
45430.76 45500
45862.16 45900
36423.21 36500
36828.00 36900
45910.40 46000
46876.83 46900
37442.40 37500
37009.91 37100
47247.59 47300
47879.21 47900
46005.23 46100
45549.94 45600
37339.32 37400
37906.77 38000
6650.01 6700
7353.98 7400
31209.95 31300
33805.78 33900
35689.58 35700
43965.28 44000
43854.30 43900
47071.61 47100
34134.16 34200
34845.90 34900
36973.12 37000
43281.53 43300
43693.75 43700
46438.85 46500
34402.95 34500
34620.71 34700
38207.77 38300
44156.02 44200
45232.12 45300
47238.32 47300
34781.00 34800
35461.60 35500
39162.69 39200
45037.74 45100
44869.78 44900
47903.13 48000
43869.80 43900
44414.90 44500
47299.59 47300
35785.50 35800
36574.37 36600
38655.28 38700
6775.74 6800
6694.97 6700
7112.02 7200
28437.86 28500
41129.28 41200
29382.12 29400
41313.93 41400
30173.99 30200
40498.21 40500
31170.31 31200
41065.72 41100
41515.42 41600
32308.41 32400
6239.52 6300
28132.24 28200
32708.16 32800
33290.89 33300
33553.10 33600
35708.91 35800
41095.09 41100
43797.09 43800
44762.62 44800
46866.66 46900
46192.23 46200
30208.10 30300
33974.35 34000
33356.49 33400
34176.65 34200
37154.50 37200
39294.02 39300
43007.16 43100
43475.71 43500
44558.72 44600
46776.78 46800
29837.27 29900
34677.26 34700
33770.31 33800
34087.83 34100
36484.33 36500
40338.17 40400
44531.46 44600
44829.46 44900
45175.36 45200
47014.40 47100
32135.04 32200
34913.25 35000
35054.68 35100
35858.58 35900
37246.05 37300
42794.50 42800
44583.22 44600
46526.24 46600
46875.01 46900
48348.49 48400
41125.79 41200
43331.16 43400
44142.30 44200
44942.51 45000
46359.97 46400
31766.32 31800
34964.77 35000
35461.13 35500
36047.15 36100
39058.76 39100
6448.88 6500
7133.02 7200
6466.22 6500
6418.71 6500
7081.20 7100
33770.06 33800
33640.05 33700
34409.59 34500
34840.99 34900
46160.86 46200
46249.97 46300
46754.94 46800
46208.81 46300
33822.02 33900
35752.30 35800
35832.22 35900
36482.17 36500
44748.24 44800
46266.98 46300
45541.42 45600
45459.96 45500
35089.64 35100
35972.57 36000
35266.50 35300
36846.30 36900
45574.76 45600
46379.22 46400
47142.44 47200
46801.21 46900
35828.73 35900
36640.53 36700
36318.16 36400
37225.59 37300
46075.96 46100
46750.94 46800
47092.87 47100
48285.32 48300
45539.97 45600
45497.21 45500
45504.35 45600
45733.86 45800
36484.30 36500
36911.55 37000
37225.80 37300
38053.24 38100
6160.03 6200
6873.58 6900
7194.30 7200
7632.37 7700
29805.11 29900
35055.01 35100
40888.44 40900
45729.57 45800
29585.47 29600
36405.92 36500
40422.14 40500
45314.05 45400
29472.77 29500
36421.08 36500
42705.41 42800
46368.58 46400
30652.72 30700
36958.87 37000
42818.31 42900
47936.36 48000
40836.07 40900
46456.12 46500
31157.24 31200
37397.39 37400
7545.39 7600
6465.31 6500
28993.87 29000
33222.70 33300
33606.53 33700
35086.06 35100
41423.72 41500
43841.69 43900
44843.44 44900
46586.55 46600
29758.75 29800
34276.56 34300
34202.14 34300
36380.58 36400
41595.70 41600
43364.37 43400
44286.49 44300
45623.76 45700
31154.43 31200
35112.17 35200
35596.44 35600
36800.95 36900
41350.64 41400
44268.34 44300
44845.24 44900
46426.26 46500
30365.26 30400
34849.89 34900
36044.39 36100
37101.06 37200
42539.30 42600
44600.35 44700
45495.12 45500
47671.53 47700
39611.49 39700
44472.60 44500
44616.26 44700
46466.17 46500
32825.52 32900
35322.95 35400
35265.90 35300
37297.76 37300
7195.64 7200
6926.99 7000
7346.49 7400
7234.29 7300
34568.61 34600
36500.47 36600
46451.11 46500
47328.98 47400
35375.81 35400
36089.69 36100
45566.93 45600
45816.83 45900
35165.77 35200
37071.70 37100
46603.33 46700
46127.70 46200
36404.77 36500
37168.10 37200
46280.40 46300
47177.41 47200
45382.97 45400
46257.20 46300
37379.02 37400
37989.45 38000
6751.00 6800
7115.55 7200
32308.02 32400
34985.94 35000
45778.31 45800
47203.88 47300
34011.82 34100
36264.04 36300
44158.67 44200
46302.74 46400
35182.64 35200
36817.40 36900
44341.02 44400
46354.38 46400
35832.82 35900
37867.95 37900
45125.04 45200
48389.39 48400
44103.84 44200
46042.51 46100
35549.11 35600
37779.19 37800
6574.49 6600
7005.72 7100
32393.88 32400
34940.84 35000
44891.10 44900
46803.42 46900
34256.00 34300
36922.29 37000
45809.10 45900
44541.02 44600
34140.33 34200
37092.04 37100
44896.07 44900
47660.07 47700
35524.79 35600
36987.31 37000
46303.09 46400
48027.27 48100
45699.19 45700
44971.91 45000
35580.05 35600
38296.37 38300
6415.03 6500
7210.31 7300
29189.82 29200
33416.31 33500
40246.85 40300
44782.32 44800
30378.18 30400
34979.88 35000
40076.54 40100
45306.23 45400
30030.74 30100
34328.61 34400
39796.36 39800
44992.73 45000
30855.25 30900
34590.55 34600
41325.28 41400
46363.74 46400
40093.22 40100
44749.64 44800
31305.21 31400
34942.47 35000
6607.33 6700
6283.96 6300
29561.18 29600
29468.52 29500
39942.82 40000
41194.38 41200
28958.52 29000
30972.17 31000
40739.82 40800
41247.40 41300
29156.44 29200
30746.29 30800
40988.68 41000
42002.55 42100
30026.68 30100
32424.75 32500
42275.15 42300
43398.07 43400
39536.66 39600
42441.43 42500
30970.83 31000
30619.06 30700
6217.07 6300
7310.72 7400
29847.29 29900
29255.04 29300
33403.70 33500
33290.01 33300
34727.18 34800
41021.56 41100
42116.29 42200
44818.43 44900
45902.04 46000
47108.38 47200
28650.32 28700
30440.38 30500
34808.74 34900
36562.73 36600
36678.33 36700
40155.22 40200
40959.05 41000
44229.38 44300
45803.68 45900
45853.95 45900
29747.22 29800
30887.70 30900
34453.12 34500
35474.18 35500
37458.75 37500
40907.67 41000
41019.85 41100
46415.58 46500
45566.98 45600
46799.02 46800
29509.67 29600
32056.06 32100
35054.90 35100
36942.77 37000
38178.96 38200
41604.57 41700
41662.61 41700
46886.20 46900
45869.25 45900
47604.49 47700
38502.64 38600
40255.90 40300
44418.60 44500
45759.21 45800
45492.71 45500
29631.11 29700
31637.41 31700
35906.64 36000
37360.89 37400
38121.33 38200
6928.81 7000
6710.15 6800
6103.48 6200
7305.06 7400
6833.24 6900
33064.93 33100
35015.17 35100
46528.22 46600
45526.84 45600
33892.14 33900
36152.81 36200
44194.02 44200
46650.51 46700
33899.62 33900
36428.56 36500
44776.75 44800
46998.05 47000
35167.34 35200
36963.72 37000
46039.27 46100
47272.55 47300
43620.91 43700
45615.03 45700
35385.01 35400
37964.46 38000
6294.91 6300
6660.28 6700
32849.63 32900
32909.95 33000
33396.46 33400
44261.65 44300
44731.77 44800
45172.92 45200
33242.61 33300
34578.30 34600
34247.66 34300
44445.22 44500
44695.34 44700
44862.24 44900
34163.79 34200
34793.53 34800
34778.66 34800
44529.07 44600
45543.84 45600
45435.95 45500
35488.73 35500
34766.97 34800
35615.79 35700
45109.20 45200
45900.60 46000
46317.79 46400
42305.97 42400
44436.18 44500
44309.36 44400
35465.76 35500
36105.99 36200
35862.49 35900
6485.93 6500
7117.86 7200
7412.43 7500
29345.89 29400
34793.83 34800
41170.90 41200
46561.71 46600
30015.69 30100
36244.72 36300
39523.47 39600
45606.23 45700
31395.73 31400
36805.22 36900
42058.33 42100
46381.29 46400
31107.48 31200
37596.46 37600
41906.39 42000
46735.91 46800
40262.96 40300
45739.24 45800
30797.04 30800
37194.68 37200
6026.57 6100
7315.11 7400
34193.06 34200
45525.92 45600
35313.56 35400
45746.55 45800
35172.72 35200
46102.35 46200
35403.29 35500
46724.31 46800
44401.94 44500
36588.82 36600
6223.25 6300
33162.86 33200
33122.99 33200
35087.28 35100
35539.94 35600
44214.03 44300
45315.24 45400
46322.62 46400
48229.02 48300
33998.08 34000
33771.72 33800
36784.98 36800
37092.60 37100
45571.52 45600
44001.98 44100
44615.61 44700
47167.03 47200
34538.89 34600
35061.59 35100
36892.26 36900
37102.27 37200
45025.05 45100
46482.26 46500
45747.10 45800
47263.15 47300
33800.19 33900
34953.70 35000
37919.63 38000
37506.44 37600
47043.11 47100
45811.31 45900
47228.56 47300
46275.42 46300
42549.51 42600
44734.40 44800
46159.03 46200
47048.74 47100
35690.99 35700
35201.74 35300
37144.70 37200
37610.38 37700
6989.65 7000
6931.30 7000
7344.96 7400
8003.87 8100
33299.46 33300
34132.91 34200
34849.15 34900
35713.97 35800
46942.77 47000
46724.02 46800
46200.69 46300
47048.60 47100
33805.76 33900
36359.00 36400
37453.04 37500
37513.05 37600
44454.89 44500
45873.16 45900
47136.22 47200
47807.84 47900
35067.76 35100
36431.63 36500
37273.04 37300
37336.09 37400
45187.47 45200
46969.41 47000
47676.86 47700
48097.72 48100
34715.68 34800
36751.85 36800
37648.37 37700
39088.76 39100
45490.31 45500
47303.42 47400
47108.89 47200
47445.59 47500
45434.40 45500
46460.28 46500
45765.34 45800
46402.99 46500
35566.21 35600
38064.22 38100
37441.99 37500
38354.97 38400
7192.48 7200
7147.37 7200
7499.19 7500
6841.75 6900
28393.56 28400
27698.50 27700
35425.47 35500
39858.46 39900
40868.55 40900
47054.11 47100
29030.90 29100
30493.28 30500
36320.79 36400
39354.84 39400
39885.38 39900
46099.95 46100
29997.10 30000
30168.79 30200
36678.94 36700
40758.04 40800
40851.96 40900
46975.32 47000
30549.86 30600
30766.54 30800
36907.63 37000
41165.23 41200
41478.09 41500
47226.21 47300
39806.75 39900
41057.73 41100
45525.18 45600
29933.47 30000
31557.90 31600
37554.47 37600
7475.37 7500
5894.44 5900
5749.35 5800
29197.98 29200
30464.66 30500
32176.42 32200
32529.72 32600
32678.92 32700
34451.87 34500
39837.48 39900
40456.69 40500
44015.34 44100
44420.77 44500
45559.32 45600
46683.91 46700
29471.52 29500
29672.72 29700
32851.73 32900
35020.16 35100
34124.77 34200
36889.91 36900
39559.81 39600
40234.62 40300
42679.50 42700
44692.88 44700
45478.46 45500
46899.86 46900
29447.54 29500
30181.50 30200
34098.84 34100
34510.30 34600
33954.77 34000
36652.65 36700
40445.87 40500
41336.72 41400
43955.61 44000
44665.48 44700
45905.53 46000
47641.32 47700
30566.11 30600
31136.33 31200
33975.49 34000
35516.08 35600
35241.37 35300
37180.10 37200
40930.56 41000
42298.00 42300
45288.07 45300
45492.03 45500
45993.36 46000
47442.97 47500
39822.34 39900
40149.41 40200
43361.02 43400
43907.32 44000
43620.07 43700
45928.86 46000
30747.21 30800
31271.81 31300
34467.47 34500
35552.60 35600
36444.83 36500
38124.12 38200
6522.89 6600
6576.37 6600
6730.00 6800
5986.59 6000
6819.35 6900
6393.72 6400
34351.91 34400
35806.08 35900
44755.26 44800
46952.06 47000
34721.09 34800
37092.18 37100
44679.14 44700
46982.62 47000
34933.95 35000
37653.74 37700
44776.00 44800
48043.14 48100
35131.21 35200
37796.20 37800
45967.24 46000
48060.04 48100
44372.01 44400
46707.82 46800
34640.46 34700
38155.99 38200
7255.86 7300
6545.72 6600
29593.16 29600
33696.12 33700
33695.72 33700
39890.88 39900
45429.45 45500
46113.21 46200
31341.44 31400
35002.33 35100
34888.02 34900
41817.30 41900
44834.47 44900
45888.05 45900
30132.09 30200
34210.90 34300
33632.29 33700
42221.36 42300
45160.06 45200
45784.34 45800
32108.91 32200
35490.28 35500
36365.59 36400
42966.72 43000
46655.42 46700
45966.00 46000
40275.20 40300
44528.61 44600
44807.55 44900
32170.50 32200
36374.82 36400
36561.19 36600
6875.52 6900
7056.81 7100
6663.36 6700
