7021.15 7100
529.50 600
5060.20 5100
7479.87 7500
7023.46 7100
5484.01 5500
6042.50 6100
5515.67 5600
6336.64 6400
5426.78 5500
5794.34 5800
5022.50 5100
4712.62 4800
4513.34 4600
3920.77 4000
4351.52 4400
3189.94 3200
2130.37 2200
912.61 1000
133.50 200
7021.15 7100
529.50 600
5060.20 5100
7479.87 7500
7023.46 7100
5484.01 5500
6042.50 6100
5515.67 5600
6336.64 6400
5426.78 5500
5794.34 5800
5022.50 5100
4712.62 4800
4513.34 4600
3920.77 4000
4351.52 4400
3189.94 3200
2130.37 2200
912.61 1000
133.50 200
