19143.18 19200
23222.60 23300
26499.19 26500
26504.95 26600
27095.32 27100
26835.35 26900
25799.66 25800
26397.38 26400
27456.64 27500
26422.02 26500
23812.11 23900
25003.14 25100
33874.44 33900
34410.57 34500
34150.51 34200
35670.76 35700
33426.13 33500
34518.17 34600
34481.29 34500
33603.76 33700
35243.57 35300
297.53 300
259.40 300
204.29 300
201.61 300
267.16 300
337.33 400
281.01 300
297.92 300
256.23 300
333.89 400
212.08 300
226.16 300
368.47 400
246.65 300
371.09 400
233.47 300
300.50 400
262.49 300
248.50 300
260.62 300
244.43 300
164.32 200
192.26 200
182.62 200
179.27 200
191.83 200
197.44 200
209.01 300
201.37 300
201.05 300
183.04 200
171.29 200
185.66 200
176.61 200
112.65 200
20781.95 20800
22660.05 22700
24558.59 24600
25206.25 25300
25583.68 25600
26195.39 26200
26428.52 26500
26864.30 26900
26878.22 26900
27175.64 27200
26077.17 26100
27084.85 27100
27647.90 27700
31474.99 31500
33662.48 33700
33732.60 33800
35467.66 35500
33231.58 33300
35738.22 35800
34777.54 34800
35249.58 35300
34121.43 34200
34524.05 34600
35292.82 35300
35323.96 35400
35405.17 35500
19244.93 19300
22194.87 22200
24868.17 24900
26328.40 26400
25499.78 25500
26755.62 26800
27149.50 27200
27803.21 27900
25908.37 26000
26328.17 26400
27246.98 27300
27489.26 27500
27013.01 27100
25508.97 25600
25905.20 26000
25946.15 26000
25606.06 25700
25582.51 25600
25732.19 25800
21621.96 21700
27559.19 27600
32020.19 32100
32672.18 32700
34748.69 34800
35264.82 35300
35321.65 35400
35087.01 35100
35129.50 35200
35023.76 35100
35119.00 35200
34431.49 34500
34976.92 35000
35808.02 35900
35294.97 35300
34924.74 35000
34588.41 34600
34054.86 34100
34054.57 34100
488.50 500
488.53 500
407.80 500
407.68 500
455.47 500
473.13 500
385.17 400
420.75 500
392.79 400
376.47 400
423.98 500
458.72 500
507.88 600
481.31 500
444.93 500
509.14 600
364.09 400
314.77 400
413.24 500
334.90 400
324.76 400
351.63 400
349.17 400
320.29 400
7675.57 7700
25318.88 25400
25394.85 25400
25753.62 25800
25651.99 25700
27238.09 27300
26764.50 26800
26510.63 26600
27787.67 27800
27222.12 27300
25864.56 25900
26763.60 26800
26316.77 26400
12748.90 12800
13685.77 13700
25234.28 25300
26856.70 26900
30658.55 30700
35587.38 35600
34669.89 34700
33787.69 33800
34750.39 34800
35760.38 35800
36145.04 36200
35085.49 35100
12519.52 12600
21530.74 21600
24023.57 24100
25553.88 25600
25415.13 25500
26414.79 26500
26848.44 26900
26819.46 26900
26784.71 26800
23200.71 23300
25324.02 25400
33624.46 33700
35218.69 35300
35411.67 35500
35538.93 35600
34441.16 34500
35148.54 35200
33981.14 34000
12409.78 12500
12815.80 12900
19258.17 19300
23212.77 23300
24179.63 24200
25500.89 25600
26305.54 26400
26559.69 26600
25225.28 25300
26408.64 26500
27871.17 27900
26389.08 26400
27653.52 27700
26625.02 26700
26793.55 26800
30669.12 30700
32923.14 33000
33174.06 33200
34471.47 34500
35610.91 35700
35350.26 35400
36748.85 36800
35795.76 35800
33571.50 33600
35469.36 35500
35102.60 35200
34129.17 34200
36021.72 36100
35478.94 35500
34222.93 34300
356.77 400
404.77 500
317.16 400
421.54 500
363.05 400
392.82 400
390.93 400
402.39 500
360.57 400
347.47 400
328.42 400
332.01 400
378.18 400
427.78 500
415.70 500
373.21 400
307.30 400
354.15 400
397.43 400
311.73 400
320.19 400
475.34 500
344.19 400
341.76 400
341.60 400
423.29 500
359.47 400
364.60 400
349.51 400
351.76 400
372.46 400
339.42 400
380.79 400
347.01 400
345.96 400
401.32 500
390.63 400
287.15 300
313.36 400
453.76 500
415.13 500
397.91 400
289.37 300
288.98 300
468.46 500
282.57 300
268.25 300
293.20 300
267.56 300
269.18 300
298.18 300
264.06 300
310.30 400
271.74 300
270.98 300
249.45 300
239.77 300
276.19 300
311.99 400
264.75 300
273.05 300
274.43 300
253.47 300
268.55 300
288.19 300
315.93 400
302.34 400
7573.85 7600
19105.09 19200
25390.37 25400
25637.58 25700
26858.62 26900
26759.12 26800
27500.60 27600
26757.73 26800
25019.56 25100
27056.78 27100
26841.85 26900
26896.59 26900
25670.75 25700
25793.23 25800
26381.44 26400
10837.26 10900
23038.48 23100
33566.87 33600
34030.92 34100
33619.06 33700
34315.30 34400
35019.64 35100
36095.95 36100
36707.03 36800
36461.61 36500
33892.51 33900
35501.36 35600
35518.96 35600
33906.96 34000
11157.27 11200
17838.82 17900
19769.53 19800
21230.12 21300
25838.60 25900
26608.89 26700
27374.14 27400
25482.54 25500
28719.89 28800
26411.18 26500
34738.91 34800
36354.08 36400
35218.25 35300
34394.88 34400
33899.99 33900
34011.60 34100
34443.57 34500
34690.24 34700
419.22 500
440.45 500
356.74 400
494.58 500
382.22 400
402.37 500
503.73 600
420.75 500
384.77 400
444.54 500
515.34 600
401.39 500
459.12 500
504.39 600
409.02 500
427.89 500
417.81 500
404.39 500
453.02 500
375.56 400
401.01 500
359.06 400
397.01 400
474.45 500
407.93 500
497.63 500
425.89 500
333.87 400
458.44 500
497.13 500
347.19 400
312.93 400
365.42 400
410.50 500
484.80 500
311.33 400
349.30 400
296.00 300
277.32 300
306.91 400
327.42 400
316.03 400
242.36 300
308.33 400
340.73 400
300.85 400
309.01 400
325.53 400
283.90 300
327.57 400
3755.87 3800
4354.61 4400
8197.59 8200
14593.52 14600
15806.55 15900
16259.33 16300
21851.54 21900
23835.24 23900
20403.90 20500
27071.98 27100
27996.01 28000
26511.77 26600
27086.84 27100
26432.73 26500
27408.62 27500
25075.97 25100
25241.13 25300
27830.10 27900
26389.33 26400
25693.14 25700
25805.91 25900
25924.93 26000
22716.77 22800
26346.34 26400
26723.74 26800
29036.13 29100
33317.11 33400
34043.35 34100
33403.28 33500
34727.32 34800
35179.79 35200
35889.64 35900
34023.32 34100
35424.96 35500
33327.67 33400
34763.40 34800
34140.23 34200
33532.41 33600
33837.74 33900
34631.93 34700
35310.30 35400
34395.84 34400
397.36 400
407.28 500
346.49 400
308.19 400
426.38 500
329.46 400
311.25 400
357.31 400
335.02 400
383.53 400
321.44 400
357.46 400
346.56 400
395.30 400
346.92 400
356.75 400
366.67 400
404.41 500
383.33 400
402.13 500
291.97 300
322.81 400
446.23 500
355.75 400
273.12 300
386.27 400
345.23 400
337.27 400
421.34 500
377.62 400
377.92 400
358.62 400
367.51 400
400.72 500
343.10 400
435.64 500
273.83 300
423.63 500
279.70 300
263.64 300
285.33 300
295.52 300
501.22 600
275.32 300
264.00 300
256.49 300
270.14 300
270.42 300
252.40 300
288.23 300
270.18 300
242.60 300
326.36 400
254.92 300
267.64 300
300.06 400
10166.67 10200
12749.72 12800
21498.88 21500
22622.19 22700
25895.37 25900
26907.23 27000
27091.41 27100
27325.60 27400
26780.66 26800
34816.36 34900
34900.53 35000
35744.21 35800
35905.44 36000
35780.52 35800
34122.85 34200
33865.42 33900
34744.51 34800
33479.95 33500
34150.02 34200
475.44 500
422.64 500
455.17 500
462.22 500
353.95 400
430.86 500
418.08 500
432.41 500
436.00 500
355.10 400
431.51 500
440.62 500
460.44 500
493.53 500
457.10 500
497.30 500
385.30 400
442.25 500
345.56 400
261.30 300
363.44 400
331.16 400
554.10 600
306.12 400
323.30 400
315.38 400
321.34 400
18126.62 18200
21540.07 21600
24094.47 24100
25188.67 25200
25412.16 25500
25762.33 25800
25693.12 25700
27751.76 27800
27293.38 27300
25822.05 25900
27682.59 27700
26437.65 26500
26815.77 26900
27258.71 27300
26984.70 27000
25560.54 25600
26358.97 26400
15480.72 15500
26545.97 26600
26916.83 27000
27624.74 27700
30333.99 30400
33665.83 33700
34180.91 34200
34156.11 34200
35880.68 35900
35146.52 35200
35120.88 35200
36679.26 36700
35029.01 35100
34441.22 34500
34097.04 34100
35702.94 35800
35180.91 35200
2023.18 2100
14895.91 14900
17734.54 17800
19412.87 19500
20916.65 21000
26345.54 26400
29041.23 29100
26937.33 27000
26301.31 26400
27021.89 27100
17613.51 17700
18258.41 18300
21236.95 21300
35206.81 35300
34398.57 34400
34275.07 34300
34079.62 34100
34239.34 34300
34715.16 34800
33780.72 33800
33861.39 33900
404.88 500
382.37 400
353.93 400
367.05 400
386.21 400
361.47 400
390.55 400
338.37 400
341.88 400
324.14 400
378.07 400
403.32 500
337.35 400
425.99 500
389.43 400
369.51 400
624.58 700
329.73 400
451.95 500
386.69 400
567.84 600
389.45 400
579.82 600
332.68 400
347.70 400
531.50 600
346.86 400
567.83 600
321.62 400
480.02 500
579.60 600
315.43 400
631.62 700
381.77 400
530.37 600
288.53 300
289.37 300
520.63 600
535.11 600
628.71 700
23792.91 23800
24583.46 24600
25694.78 25700
27043.08 27100
27275.70 27300
27235.48 27300
25288.39 25300
28290.73 28300
26815.35 26900
25535.35 25600
26792.68 26800
26165.95 26200
26801.70 26900
25941.29 26000
12357.79 12400
17590.85 17600
25106.23 25200
28024.33 28100
28683.95 28700
30241.17 30300
31218.02 31300
34284.10 34300
34268.25 34300
35357.28 35400
34590.34 34600
35875.27 35900
35311.85 35400
33469.82 33500
34747.00 34800
6349.39 6400
6253.22 6300
19072.94 19100
20928.77 21000
22405.39 22500
26812.13 26900
26717.04 26800
26795.26 26800
25528.25 25600
26243.12 26300
26984.99 27000
27249.21 27300
28441.54 28500
27251.33 27300
26040.26 26100
26090.95 26100
25646.05 25700
25603.60 25700
26632.16 26700
29579.20 29600
30099.93 30100
33371.82 33400
34630.79 34700
34195.67 34200
36363.89 36400
35354.61 35400
36452.28 36500
36621.52 36700
36273.65 36300
34253.59 34300
34543.53 34600
35107.30 35200
258.29 300
241.52 300
219.44 300
203.35 300
225.04 300
242.68 300
220.83 300
252.87 300
238.04 300
224.18 300
217.02 300
221.24 300
224.29 300
196.86 200
216.65 300
279.22 300
211.34 300
4931.87 5000
13745.94 13800
18303.55 18400
19616.60 19700
22633.04 22700
23753.57 23800
24477.97 24500
25939.73 26000
26935.44 27000
28073.57 28100
27045.03 27100
27199.92 27200
28186.77 28200
25405.68 25500
27253.54 27300
26654.15 26700
27112.35 27200
25916.06 26000
27578.34 27600
26736.59 26800
12027.46 12100
12727.11 12800
25290.46 25300
31657.50 31700
33176.11 33200
34042.47 34100
34258.70 34300
35192.18 35200
36413.69 36500
36365.51 36400
35055.28 35100
36003.24 36100
34568.89 34600
33686.87 33700
36079.64 36100
34951.62 35000
34570.59 34600
34275.81 34300
34004.88 34100
19493.39 19500
19493.46 19500
21705.56 21800
24873.82 24900
26034.45 26100
27178.94 27200
26760.15 26800
25231.15 25300
27806.63 27900
25461.57 25500
26468.12 26500
25931.36 26000
26680.15 26700
25636.93 25700
27094.76 27100
26035.76 26100
11558.98 11600
21647.26 21700
26548.35 26600
26753.99 26800
31143.06 31200
30093.41 30100
35637.08 35700
35147.46 35200
34708.64 34800
33824.44 33900
36098.62 36100
35390.14 35400
34315.98 34400
34751.75 34800
34592.11 34600
34050.86 34100
33701.96 33800
436.62 500
407.32 500
344.52 400
326.19 400
293.82 300
330.40 400
305.47 400
292.75 300
321.47 400
331.97 400
368.48 400
18560.29 18600
20392.86 20400
21027.88 21100
25170.05 25200
26382.62 26400
25844.70 25900
26056.37 26100
26131.47 26200
26162.63 26200
27680.10 27700
27321.80 27400
28090.84 28100
27380.39 27400
26600.51 26700
14107.39 14200
18061.92 18100
32574.11 32600
33343.52 33400
33002.70 33100
36254.78 36300
35592.16 35600
35207.82 35300
35386.52 35400
35623.70 35700
35714.06 35800
34334.08 34400
34572.53 34600
34463.42 34500
33901.00 34000
12546.97 12600
16674.87 16700
18077.21 18100
18719.84 18800
23291.51 23300
26552.99 26600
25759.86 25800
25994.23 26000
26884.69 26900
25908.52 26000
25822.35 25900
26363.76 26400
26073.24 26100
30081.86 30100
33465.76 33500
35727.26 35800
36223.35 36300
37049.10 37100
35726.04 35800
35518.60 35600
36730.72 36800
33664.22 33700
34793.49 34800
33900.78 34000
34418.74 34500
33633.94 33700
34547.39 34600
34005.96 34100
468.99 500
431.79 500
474.86 500
470.93 500
419.53 500
558.80 600
494.22 500
430.41 500
540.57 600
523.02 600
476.09 500
477.94 500
490.51 500
421.72 500
440.26 500
458.28 500
351.80 400
533.70 600
470.03 500
555.24 600
479.56 500
516.22 600
394.41 400
414.90 500
516.16 600
369.69 400
477.22 500
406.12 500
481.75 500
352.26 400
312.32 400
351.88 400
333.62 400
334.51 400
339.74 400
317.38 400
326.78 400
314.21 400
317.60 400
298.37 300
320.50 400
297.16 300
335.79 400
24983.61 25000
26252.38 26300
26623.35 26700
26903.76 27000
26934.67 27000
27085.35 27100
27875.02 27900
25618.23 25700
28452.53 28500
27557.10 27600
26415.08 26500
26254.78 26300
17210.89 17300
17885.43 17900
21661.59 21700
35625.98 35700
35386.38 35400
35760.92 35800
34829.80 34900
34950.11 35000
36769.09 36800
35899.24 35900
36370.28 36400
34964.29 35000
454.13 500
450.77 500
451.67 500
472.66 500
441.97 500
481.64 500
507.45 600
549.83 600
529.52 600
296.07 300
291.24 300
289.55 300
314.93 400
312.70 400
316.66 400
318.24 400
5755.20 5800
10564.34 10600
23032.82 23100
26842.59 26900
26787.72 26800
28100.59 28200
27853.47 27900
25660.82 25700
27175.98 27200
28258.69 28300
26308.49 26400
27579.63 27600
26229.82 26300
25893.62 25900
25847.23 25900
27186.53 27200
30159.67 30200
31522.53 31600
33307.22 33400
34387.81 34400
34589.40 34600
34653.62 34700
36481.56 36500
35745.16 35800
33833.08 33900
35831.45 35900
33820.07 33900
36392.98 36400
36493.79 36500
248.84 300
254.22 300
212.39 300
279.75 300
232.75 300
240.89 300
229.66 300
215.45 300
255.63 300
238.75 300
215.57 300
263.43 300
211.13 300
218.50 300
197.67 200
178.88 200
8548.96 8600
25375.07 25400
26516.95 26600
27326.98 27400
27276.71 27300
27722.55 27800
27358.08 27400
25794.45 25800
27931.34 28000
27138.50 27200
27747.40 27800
26969.58 27000
20705.63 20800
24369.40 24400
27967.55 28000
30385.05 30400
32467.67 32500
33957.01 34000
34373.08 34400
35693.98 35700
36667.66 36700
36296.29 36300
35144.35 35200
33416.67 33500
9472.54 9500
18261.72 18300
18284.32 18300
21747.77 21800
24796.92 24800
26246.30 26300
27190.49 27200
26450.24 26500
27268.81 27300
25925.59 26000
25867.41 25900
26307.55 26400
26466.96 26500
26326.18 26400
19522.22 19600
21957.61 22000
29840.54 29900
30302.91 30400
30356.25 30400
35318.79 35400
34879.03 34900
34588.69 34600
33285.49 33300
35204.04 35300
35675.23 35700
34340.86 34400
36379.10 36400
33853.21 33900
34140.77 34200
33742.00 33800
514.29 600
406.97 500
410.67 500
425.28 500
386.61 400
459.58 500
423.48 500
425.30 500
449.63 500
423.83 500
427.11 500
419.50 500
503.26 600
7255.53 7300
10960.39 11000
17985.05 18000
20388.36 20400
23253.42 23300
25476.65 25500
26839.12 26900
26772.58 26800
26890.31 26900
26581.66 26600
25613.40 25700
27136.60 27200
26434.83 26500
26674.75 26700
26947.13 27000
26517.59 26600
26344.67 26400
25740.59 25800
18439.96 18500
24145.98 24200
30903.57 31000
33374.57 33400
34834.96 34900
34828.64 34900
34678.06 34700
35541.38 35600
36977.25 37000
36312.74 36400
35649.35 35700
36725.53 36800
35639.50 35700
33486.44 33500
34299.04 34300
34042.96 34100
34693.21 34700
35234.13 35300
436.61 500
377.43 400
373.10 400
341.36 400
376.40 400
394.43 400
390.65 400
456.58 500
391.50 400
400.66 500
343.27 400
411.00 500
398.96 400
423.31 500
432.86 500
548.72 600
369.26 400
384.49 400
480.26 500
355.77 400
447.08 500
394.88 400
439.57 500
467.12 500
424.51 500
476.04 500
314.47 400
400.92 500
433.29 500
356.18 400
527.83 600
364.98 400
298.67 300
325.98 400
329.74 400
292.77 300
295.22 300
295.69 300
348.29 400
305.51 400
292.71 300
339.13 400
280.58 300
327.41 400
293.24 300
308.74 400
266.33 300
250.65 300
328.84 400
310.55 400
258.31 300
276.04 300
318.85 400
19878.63 19900
24556.56 24600
25022.92 25100
25773.64 25800
26297.01 26300
26791.91 26800
28083.25 28100
26280.37 26300
27174.33 27200
28059.89 28100
27677.51 27700
27045.83 27100
27176.75 27200
26857.54 26900
25575.14 25600
25341.20 25400
27235.12 27300
13197.93 13200
32956.44 33000
35662.22 35700
35119.24 35200
35644.27 35700
35064.74 35100
36243.93 36300
36413.48 36500
36534.98 36600
36799.19 36800
35409.65 35500
36145.54 36200
35187.89 35200
34366.66 34400
35225.76 35300
34675.93 34700
34340.55 34400
249.26 300
251.08 300
264.69 300
260.60 300
222.94 300
198.00 200
238.51 300
229.17 300
204.23 300
268.98 300
205.37 300
218.75 300
222.28 300
211.74 300
239.85 300
202.83 300
212.63 300
269.16 300
224.51 300
336.52 400
188.86 200
182.81 200
214.14 300
10010.64 10100
21578.57 21600
22238.74 22300
26454.47 26500
27677.27 27700
26479.83 26500
27111.59 27200
26864.33 26900
26119.03 26200
27183.72 27200
32851.81 32900
32800.15 32900
34431.95 34500
35195.86 35200
35061.39 35100
36528.26 36600
35599.81 35600
34930.62 35000
34152.77 34200
34096.27 34100
505.24 600
465.56 500
463.01 500
500.94 600
467.74 500
476.02 500
406.65 500
488.41 500
493.03 500
483.60 500
473.17 500
574.50 600
578.66 600
425.34 500
515.18 600
497.53 500
566.35 600
475.82 500
496.73 500
541.30 600
446.62 500
410.36 500
446.60 500
306.43 400
350.26 400
317.02 400
298.08 300
301.70 400
348.93 400
333.48 400
371.83 400
299.14 300
317.61 400
345.57 400
316.04 400
371.13 400
297.24 300
322.96 400
294.03 300
333.95 400
325.22 400
346.47 400
16533.82 16600
20523.25 20600
25205.26 25300
26915.83 27000
26570.14 26600
24711.28 24800
26297.56 26300
26762.54 26800
26001.69 26100
26393.13 26400
20742.03 20800
25494.92 25500
31990.54 32000
32446.13 32500
34109.75 34200
36594.87 36600
35507.05 35600
34393.02 34400
34131.26 34200
34008.53 34100
35051.99 35100
315.32 400
429.85 500
485.63 500
377.08 400
385.52 400
441.77 500
389.04 400
378.45 400
437.72 500
318.09 400
379.48 400
502.74 600
374.19 400
366.55 400
360.89 400
518.62 600
427.63 500
348.18 400
434.47 500
414.39 500
419.29 500
526.88 600
414.63 500
527.34 600
488.61 500
372.17 400
451.96 500
348.66 400
450.81 500
418.14 500
321.05 400
458.28 500
535.15 600
419.81 500
417.38 500
373.99 400
529.61 600
430.74 500
411.09 500
401.53 500
430.51 500
504.64 600
466.54 500
495.97 500
249.53 300
479.55 500
546.69 600
523.56 600
246.94 300
442.07 500
221.14 300
500.71 600
499.88 500
397.12 400
256.04 300
499.33 500
236.34 300
394.47 400
629.92 700
204.00 300
334.93 400
268.41 300
306.62 400
214.21 300
278.06 300
298.25 300
345.81 400
194.85 200
432.64 500
299.14 300
217.36 300
319.25 400
315.89 400
195.02 200
315.88 400
434.91 500
281.89 300
319.69 400
348.28 400
294.30 300
265.31 300
221.78 300
270.60 300
208.00 300
316.43 400
297.49 300
362.04 400
322.79 400
271.40 300
386.90 400
243.07 300
313.42 400
322.23 400
324.55 400
294.69 300
309.39 400
22408.03 22500
24074.47 24100
26783.84 26800
26731.22 26800
27255.24 27300
27978.35 28000
27114.12 27200
27441.51 27500
26204.15 26300
26456.12 26500
10546.34 10600
26768.53 26800
33478.31 33500
34062.28 34100
34664.83 34700
33895.03 33900
33433.63 33500
36030.90 36100
36287.18 36300
35172.48 35200
420.77 500
414.42 500
387.25 400
354.76 400
384.87 400
399.31 400
351.12 400
367.53 400
348.50 400
344.45 400
445.65 500
377.04 400
391.58 400
332.65 400
362.40 400
371.72 400
350.58 400
319.75 400
315.82 400
408.02 500
413.59 500
325.32 400
481.90 500
270.06 300
274.22 300
7255.17 7300
12754.90 12800
15810.87 15900
18417.64 18500
26067.83 26100
26446.81 26500
26672.62 26700
27662.47 27700
27153.82 27200
27057.97 27100
27002.18 27100
26349.59 26400
26135.15 26200
25347.24 25400
26110.08 26200
26875.27 26900
27864.41 27900
34058.54 34100
35395.60 35400
35254.22 35300
35755.24 35800
33834.56 33900
35594.90 35600
33816.70 33900
34215.34 34300
17383.61 17400
20869.09 20900
24606.57 24700
24814.79 24900
27118.49 27200
28294.29 28300
27500.02 27600
26644.70 26700
27436.14 27500
25734.61 25800
26046.53 26100
26241.43 26300
32178.10 32200
33069.40 33100
33709.38 33800
34579.36 34600
35351.21 35400
35721.20 35800
37095.47 37100
34598.77 34600
34400.19 34500
34267.44 34300
34020.54 34100
36265.03 36300
34020.47 34100
456.72 500
474.79 500
480.59 500
585.32 600
502.04 600
461.29 500
338.76 400
301.55 400
318.95 400
341.22 400
336.97 400
300.59 400
287.74 300
12862.88 12900
17772.63 17800
25439.25 25500
27220.76 27300
27956.87 28000
26276.12 26300
26669.09 26700
32511.64 32600
32175.41 32200
34892.00 34900
35862.17 35900
34143.36 34200
33976.90 34000
33851.24 33900
33906.98 34000
274.87 300
325.90 400
285.85 300
3895.52 3900
11871.53 11900
13860.09 13900
21278.20 21300
23081.85 23100
27058.47 27100
26421.27 26500
27885.08 27900
26169.36 26200
27250.09 27300
26216.89 26300
25574.26 25600
26184.42 26200
25912.57 26000
26526.49 26600
18191.60 18200
25158.24 25200
31270.25 31300
33342.57 33400
28114.60 28200
35472.29 35500
35255.62 35300
35747.80 35800
35281.89 35300
33992.83 34000
34846.20 34900
33938.29 34000
34106.17 34200
34902.40 35000
36409.81 36500
222.96 300
404.81 500
223.03 300
435.64 500
397.66 400
375.95 400
221.89 300
217.65 300
375.79 400
232.18 300
385.80 400
345.10 400
205.12 300
221.63 300
374.56 400
367.24 400
256.71 300
219.25 300
404.52 500
221.22 300
424.89 500
274.84 300
263.19 300
445.01 500
277.78 300
246.01 300
297.01 300
299.40 300
204.34 300
250.79 300
220.79 300
204.99 300
183.51 200
286.25 300
205.79 300
180.76 200
290.68 300
287.62 300
196.06 200
191.98 200
286.74 300
7290.78 7300
12275.35 12300
19527.94 19600
22292.45 22300
25296.62 25300
24961.96 25000
26199.69 26200
26286.90 26300
28586.78 28600
26390.45 26400
27608.27 27700
26179.55 26200
26642.70 26700
27047.04 27100
18785.51 18800
19823.52 19900
22223.03 22300
25729.47 25800
28677.15 28700
35181.33 35200
34968.11 35000
35761.21 35800
34345.02 34400
35577.58 35600
34058.09 34100
34851.46 34900
33968.91 34000
476.97 500
406.58 500
476.00 500
327.49 400
338.25 400
283.84 300
329.31 400
310.40 400
285.42 300
328.59 400
322.98 400
270.25 300
282.73 300
4162.71 4200
4755.41 4800
8869.88 8900
23755.59 23800
24324.94 24400
25998.04 26000
26424.00 26500
27363.53 27400
27433.43 27500
26358.93 26400
26313.93 26400
27732.23 27800
25089.15 25100
25948.90 26000
25766.95 25800
30237.90 30300
35755.95 35800
35695.71 35700
34018.65 34100
34978.74 35000
35916.51 36000
35908.70 36000
35408.92 35500
35169.15 35200
33816.29 33900
35104.94 35200
36721.19 36800
33642.20 33700
34139.56 34200
421.41 500
394.16 400
400.07 500
351.43 400
373.31 400
398.12 400
367.96 400
217.40 300
252.14 300
393.05 400
392.56 400
220.40 300
279.14 300
381.47 400
234.96 300
221.85 300
412.88 500
273.76 300
373.17 400
209.90 300
210.61 300
390.02 400
223.15 300
449.78 500
277.58 300
328.53 400
251.91 300
232.37 300
386.29 400
231.22 300
197.98 200
417.29 500
248.22 300
363.47 400
249.61 300
348.08 400
173.80 200
331.47 400
215.38 300
190.44 200
280.43 300
202.08 300
280.17 300
180.10 200
260.08 300
208.22 300
195.24 200
283.67 300
197.01 200
176.64 200
514.83 600
208.15 300
296.17 300
204.63 300
207.11 300
191.10 200
247.65 300
195.05 200
250.95 300
214.58 300
3127.39 3200
10060.42 10100
12231.35 12300
22908.07 23000
25246.48 25300
24842.63 24900
26514.59 26600
26481.40 26500
27821.50 27900
26991.67 27000
26619.35 26700
26771.42 26800
26238.15 26300
26479.28 26500
25392.44 25400
26315.07 26400
25949.40 26000
26263.22 26300
21954.21 22000
31696.24 31700
34251.19 34300
34401.36 34500
34625.22 34700
35635.91 35700
37178.18 37200
34507.94 34600
36825.51 36900
35012.01 35100
35317.13 35400
36172.90 36200
36726.76 36800
34889.55 34900
34134.93 34200
33926.58 34000
34098.14 34100
418.84 500
496.66 500
572.18 600
515.80 600
512.48 600
379.97 400
392.49 400
611.71 700
517.78 600
428.92 500
437.91 500
439.53 500
465.64 500
390.71 400
477.79 500
486.52 500
474.04 500
394.56 400
415.82 500
464.66 500
390.87 400
424.37 500
431.54 500
334.70 400
387.78 400
415.82 500
430.37 500
327.85 400
320.76 400
322.78 400
304.81 400
281.12 300
329.95 400
294.16 300
494.57 500
298.47 300
308.33 400
304.02 400
324.59 400
321.03 400
5635.07 5700
13797.94 13800
20373.99 20400
25329.73 25400
25137.47 25200
27320.78 27400
26346.97 26400
26679.85 26700
27109.98 27200
27622.70 27700
27231.82 27300
25718.63 25800
26721.39 26800
26325.03 26400
22702.17 22800
24380.91 24400
37168.23 37200
35196.55 35200
36525.41 36600
36013.28 36100
36601.58 36700
34032.68 34100
35079.72 35100
35159.30 35200
34416.23 34500
34032.63 34100
36930.47 37000
33869.67 33900
273.56 300
239.05 300
253.37 300
245.46 300
238.06 300
256.53 300
223.62 300
208.35 300
208.74 300
233.83 300
262.53 300
261.18 300
167.64 200
190.30 200
201.59 300
214.60 300
240.13 300
211.88 300
193.14 200
218.66 300
195.97 200
251.70 300
222.18 300
215.39 300
171.82 200
211.46 300
195.44 200
194.00 200
3879.76 3900
24710.66 24800
24456.97 24500
25807.33 25900
25934.16 26000
25563.05 25600
25280.40 25300
26180.47 26200
27846.50 27900
26977.81 27000
28124.98 28200
25436.87 25500
26450.60 26500
26112.44 26200
25822.17 25900
25815.51 25900
15443.14 15500
27771.76 27800
35120.57 35200
35939.90 36000
34739.69 34800
36056.12 36100
34667.53 34700
35563.36 35600
34782.24 34800
36267.95 36300
35699.12 35700
36183.98 36200
35678.24 35700
35146.33 35200
37231.19 37300
7334.29 7400
8930.00 9000
9271.23 9300
18807.10 18900
25218.85 25300
25502.74 25600
24929.57 25000
27306.63 27400
26616.57 26700
27001.40 27100
26894.09 26900
26223.45 26300
26992.83 27000
26752.11 26800
26399.49 26400
25975.49 26000
26331.00 26400
19375.05 19400
21320.20 21400
23032.88 23100
24864.06 24900
29979.12 30000
32632.13 32700
34966.59 35000
35529.12 35600
36114.38 36200
34470.81 34500
35194.53 35200
34066.33 34100
35741.13 35800
33947.37 34000
33918.08 34000
33921.84 34000
467.77 500
407.53 500
445.91 500
305.28 400
306.63 400
323.81 400
312.74 400
308.15 400
280.57 300
299.03 300
316.57 400
320.13 400
26053.39 26100
26476.19 26500
27037.13 27100
26778.82 26800
26251.64 26300
26813.46 26900
26751.87 26800
26153.22 26200
26922.12 27000
26696.59 26700
13071.42 13100
15414.76 15500
24680.81 24700
29333.07 29400
32131.44 32200
31870.25 31900
32288.52 32300
33404.96 33500
35629.62 35700
35922.06 36000
8996.69 9000
19736.92 19800
24971.80 25000
27133.32 27200
27046.51 27100
27250.52 27300
27297.37 27300
26377.23 26400
26117.97 26200
25746.60 25800
29476.86 29500
31155.72 31200
31829.29 31900
32063.78 32100
33494.61 33500
35043.74 35100
35320.67 35400
35207.87 35300
33470.51 33500
34010.26 34100
33873.97 33900
33881.72 33900
426.39 500
541.47 600
418.32 500
438.83 500
375.32 400
248.46 300
240.38 300
472.55 500
245.80 300
463.88 500
242.56 300
229.90 300
474.52 500
260.70 300
235.77 300
454.89 500
210.16 300
216.65 300
243.60 300
333.64 400
223.62 300
208.26 300
178.05 200
162.12 200
200.65 300
335.20 400
218.95 300
305.60 400
318.85 400
235.60 300
199.49 200
189.07 200
221.76 300
200.49 300
24173.69 24200
24808.77 24900
26023.65 26100
26850.06 26900
27051.84 27100
27483.79 27500
27507.02 27600
26720.33 26800
27505.72 27600
27592.65 27600
27019.31 27100
28207.96 28300
27355.57 27400
25831.73 25900
25768.32 25800
30789.36 30800
31811.10 31900
32254.18 32300
32357.96 32400
34382.58 34400
34434.95 34500
34231.99 34300
34979.09 35000
36035.23 36100
34864.58 34900
34584.68 34600
34405.87 34500
35825.41 35900
34857.26 34900
35501.03 35600
2596.97 2600
7549.41 7600
15045.61 15100
17657.42 17700
25885.62 25900
26158.03 26200
25793.42 25800
27576.58 27600
26182.60 26200
26845.98 26900
27246.42 27300
25795.39 25800
27159.49 27200
27348.38 27400
25903.10 26000
26206.74 26300
25935.13 26000
11419.88 11500
26586.75 26600
29866.67 29900
29598.00 29600
35602.60 35700
35316.25 35400
34767.33 34800
35254.21 35300
34712.61 34800
37380.65 37400
36068.14 36100
34153.10 34200
36711.54 36800
34933.12 35000
34435.67 34500
386.75 400
359.40 400
504.05 600
358.37 400
420.00 500
485.16 500
481.60 500
387.77 400
467.88 500
409.63 500
442.35 500
374.70 400
508.77 600
412.87 500
526.36 600
27944.22 28000
25925.11 26000
26631.43 26700
27711.72 27800
26211.41 26300
26523.09 26600
27557.86 27600
28488.63 28500
25905.18 26000
27810.83 27900
29166.32 29200
30605.60 30700
32941.59 33000
33620.39 33700
35669.67 35700
34990.37 35000
35857.01 35900
35816.10 35900
7200.88 7300
12085.83 12100
22731.45 22800
25441.59 25500
26043.70 26100
26751.44 26800
26255.49 26300
27428.40 27500
28120.84 28200
27464.13 27500
26840.29 26900
27219.19 27300
27179.18 27200
12128.40 12200
19193.02 19200
20080.78 20100
31066.50 31100
35298.75 35300
35312.11 35400
35190.61 35200
35324.58 35400
35562.76 35600
36015.45 36100
33868.70 33900
35294.95 35300
33777.17 33800
445.41 500
352.48 400
294.52 300
389.65 400
375.59 400
325.23 400
357.59 400
345.26 400
389.40 400
307.99 400
465.96 500
320.22 400
371.55 400
387.29 400
325.82 400
340.19 400
327.61 400
16164.17 16200
18496.38 18500
20234.17 20300
21263.10 21300
23678.91 23700
25334.36 25400
26723.15 26800
26860.25 26900
26771.94 26800
25383.00 25400
27234.36 27300
26928.04 27000
20300.55 20400
21147.73 21200
26420.63 26500
33934.30 34000
35456.34 35500
34880.53 34900
34843.75 34900
34577.74 34600
34361.50 34400
35128.53 35200
33777.87 33800
33896.28 33900
34817.13 34900
467.91 500
543.79 600
393.38 400
468.46 500
465.58 500
416.87 500
491.06 500
349.98 400
442.26 500
480.08 500
487.18 500
448.53 500
505.57 600
381.12 400
482.43 500
462.92 500
527.00 600
467.19 500
306.83 400
299.32 300
322.65 400
316.62 400
366.16 400
330.00 400
284.28 300
310.46 400
304.27 400
