6627.77 6700
2999.60 3000
4589.71 4600
7068.79 7100
6807.10 6900
7176.31 7200
5694.20 5700
5536.55 5600
5804.39 5900
5571.47 5600
5821.08 5900
4525.08 4600
4970.31 5000
4649.34 4700
4347.61 4400
4602.20 4700
4611.90 4700
4255.80 4300
4100.12 4200
969.86 1000
6627.77 6700
2999.60 3000
4589.71 4600
7068.79 7100
6807.10 6900
7176.31 7200
5694.20 5700
5536.55 5600
5804.39 5900
5571.47 5600
5821.08 5900
4525.08 4600
4970.31 5000
4649.34 4700
4347.61 4400
4602.20 4700
4611.90 4700
4255.80 4300
4100.12 4200
969.86 1000
