1362.24 1400
26103.33 26200
29031.96 29100
30058.11 30100
31134.59 31200
35631.20 35700
39474.85 39500
37937.22 38000
37888.13 37900
20807.72 20900
22347.28 22400
21285.49 21300
24426.03 24500
23093.78 23100
23519.88 23600
24524.86 24600
26263.40 26300
16539.09 16600
17912.75 18000
17717.98 17800
16620.25 16700
21748.07 21800
22489.50 22500
21627.07 21700
22967.56 23000
15600.90 15700
17323.53 17400
16435.84 16500
17480.17 17500
9062.24 9100
8746.16 8800
8827.94 8900
8940.74 9000
6318.04 6400
6418.36 6500
6548.25 6600
7170.16 7200
2872.97 2900
3821.01 3900
3689.11 3700
3444.66 3500
879.91 900
1852.23 1900
1030.08 1100
1298.33 1300
969.65 1000
544.76 600
988.89 1000
696.95 700
626.29 700
1135.04 1200
823.26 900
622.02 700
568.25 600
956.04 1000
559.64 600
830.61 900
569.52 600
562.70 600
1005.39 1100
625.75 700
535.51 600
859.14 900
670.03 700
947.60 1000
753.41 800
1026.00 1100
967.47 1000
1311.10 1400
1486.96 1500
1474.29 1500
1566.86 1600
1372.24 1400
1385.82 1400
26153.73 26200
31346.83 31400
31278.15 31300
36594.06 36600
38874.41 38900
37460.83 37500
23075.39 23100
24226.01 24300
23951.93 24000
25346.06 25400
24390.48 24400
24575.50 24600
15920.77 16000
17541.07 17600
18102.36 18200
18249.06 18300
20131.98 20200
21693.52 21700
18241.89 18300
16354.75 16400
17401.35 17500
9610.43 9700
8803.32 8900
10321.05 10400
6795.79 6800
7194.92 7200
8051.58 8100
2007.80 2100
3819.80 3900
3381.02 3400
3659.69 3700
1550.34 1600
1867.98 1900
1150.07 1200
1561.82 1600
929.15 1000
953.21 1000
880.05 900
1101.57 1200
935.43 1000
1016.65 1100
719.15 800
930.37 1000
825.81 900
872.04 900
776.11 800
944.39 1000
910.31 1000
785.56 800
863.43 900
884.28 900
904.76 1000
837.60 900
1081.85 1100
769.78 800
998.30 1000
1159.96 1200
1443.38 1500
1409.61 1500
1385.23 1400
1446.87 1500
1520.08 1600
1378.88 1400
28885.92 28900
30633.29 30700
30762.47 30800
38551.72 38600
38717.95 38800
38651.68 38700
17625.80 17700
24412.36 24500
24158.08 24200
23712.61 23800
23710.32 23800
25325.01 25400
15664.05 15700
16847.62 16900
17404.46 17500
19615.14 19700
21043.10 21100
22480.86 22500
14196.67 14200
17160.16 17200
16461.10 16500
8233.39 8300
9126.54 9200
8722.82 8800
5047.39 5100
7191.02 7200
7743.75 7800
3099.34 3100
4150.83 4200
2439.09 2500
29231.63 29300
37223.28 37300
22471.21 22500
24731.87 24800
16995.97 17000
21731.81 21800
17777.69 17800
7761.16 7800
6962.22 7000
2553.09 2600
1758.05 1800
1943.96 2000
29916.45 30000
38503.97 38600
22056.91 22100
24636.71 24700
13450.08 13500
21676.61 21700
15404.15 15500
8361.45 8400
6629.26 6700
3290.00 3300
1025.08 1100
1043.05 1100
824.00 900
823.69 900
817.81 900
698.50 700
840.00 900
724.79 800
723.44 800
775.40 800
906.87 1000
868.27 900
1052.80 1100
29525.96 29600
37980.70 38000
21644.38 21700
23729.51 23800
17213.75 17300
21953.68 22000
16961.53 17000
9278.13 9300
7461.25 7500
3375.32 3400
1343.32 1400
1380.95 1400
1388.14 1400
28338.81 28400
38059.28 38100
20362.90 20400
24096.37 24100
15983.67 16000
21766.90 21800
17084.60 17100
8536.27 8600
7823.79 7900
3811.02 3900
1501.00 1600
1424.66 1500
11230.14 11300
25775.91 25800
38140.01 38200
16389.52 16400
24227.85 24300
14569.01 14600
21557.25 21600
16123.05 16200
8177.39 8200
7223.10 7300
4010.88 4100
1171.36 1200
1410.51 1500
1435.38 1500
1385.03 1400
12699.35 12700
26301.69 26400
29672.52 29700
32222.64 32300
35191.11 35200
38214.02 38300
37602.39 37700
20694.27 20700
23235.54 23300
22903.15 23000
25156.38 25200
23947.64 24000
25322.12 25400
15457.80 15500
16403.62 16500
18050.30 18100
21132.50 21200
21457.56 21500
21485.58 21500
15511.90 15600
16894.44 16900
18225.30 18300
7683.23 7700
8670.25 8700
8853.76 8900
6979.40 7000
8002.25 8100
7344.90 7400
2292.84 2300
3476.98 3500
3313.57 3400
890.24 900
817.48 900
32009.08 32100
38723.15 38800
23870.33 23900
24845.31 24900
17997.07 18000
20630.42 20700
17343.96 17400
7363.32 7400
6698.44 6700
3966.69 4000
1450.55 1500
1475.61 1500
1508.11 1600
30523.14 30600
29732.46 29800
30375.39 30400
37019.12 37100
39013.39 39100
38844.89 38900
22131.23 22200
21652.65 21700
24075.71 24100
23445.94 23500
25489.24 25500
25245.30 25300
14428.57 14500
15665.29 15700
16999.37 17000
21600.42 21700
21160.71 21200
21792.07 21800
16545.51 16600
17114.84 17200
17455.47 17500
7907.80 8000
8994.30 9000
8513.31 8600
6498.99 6500
7810.46 7900
6764.06 6800
2811.20 2900
3342.22 3400
3996.94 4000
822.83 900
1361.90 1400
946.75 1000
1127.71 1200
930.40 1000
886.69 900
833.44 900
830.92 900
793.19 800
963.90 1000
933.00 1000
838.20 900
1021.14 1100
958.27 1000
1146.93 1200
29852.66 29900
38316.10 38400
37299.83 37300
22483.26 22500
25068.03 25100
24130.31 24200
23364.20 23400
16549.80 16600
17257.78 17300
21803.92 21900
23467.24 23500
15056.02 15100
17425.56 17500
9306.76 9400
8545.67 8600
3513.93 3600
7504.96 7600
3054.94 3100
1587.00 1600
1751.56 1800
28368.66 28400
37623.08 37700
22981.61 23000
25126.21 25200
14838.05 14900
21456.19 21500
17523.83 17600
8703.99 8800
7564.30 7600
3715.13 3800
31428.63 31500
36167.96 36200
23396.55 23400
24092.00 24100
17954.60 18000
20795.31 20800
16163.28 16200
9864.28 9900
7331.02 7400
3750.50 3800
1465.48 1500
1449.99 1500
1235.60 1300
1016.75 1100
900.99 1000
1167.51 1200
1016.79 1100
1117.69 1200
1224.45 1300
1102.97 1200
1270.41 1300
1381.48 1400
1499.10 1500
29498.54 29500
28861.15 28900
30085.71 30100
31288.45 31300
39026.96 39100
37885.44 37900
39712.32 39800
38026.44 38100
23411.12 23500
23046.66 23100
24707.31 24800
24416.57 24500
24732.55 24800
23662.62 23700
24498.52 24500
26194.49 26200
17778.54 17800
17501.23 17600
16981.91 17000
17034.44 17100
22605.48 22700
22882.57 22900
22845.63 22900
22790.90 22800
15292.19 15300
15956.35 16000
16947.14 17000
16598.04 16600
8403.46 8500
9117.69 9200
8930.21 9000
8480.86 8500
5541.97 5600
6489.62 6500
7278.94 7300
7293.47 7300
3267.61 3300
3939.65 4000
3204.06 3300
3600.24 3700
1158.76 1200
1567.58 1600
1592.52 1600
1257.33 1300
1404.19 1500
1088.14 1100
1180.61 1200
986.56 1000
788.97 800
590.65 600
1141.70 1200
960.60 1000
1003.71 1100
836.72 900
901.66 1000
784.73 800
881.51 900
1133.22 1200
821.67 900
1043.66 1100
1389.31 1400
1715.26 1800
1797.77 1800
31832.28 31900
38147.20 38200
23778.47 23800
24788.28 24800
16966.73 17000
22860.55 22900
17841.42 17900
10089.95 10100
7788.53 7800
4303.21 4400
1519.09 1600
1763.94 1800
1158.64 1200
1074.31 1100
1210.84 1300
892.45 900
1092.42 1100
996.80 1000
908.42 1000
1002.21 1100
1064.04 1100
1086.73 1100
29109.41 29200
38070.77 38100
21070.03 21100
24784.24 24800
10704.67 10800
20367.37 20400
16961.16 17000
9025.88 9100
7974.65 8000
2283.17 2300
29534.45 29600
38306.22 38400
22382.34 22400
24644.01 24700
17424.02 17500
22325.33 22400
17836.37 17900
8164.97 8200
6878.13 6900
4309.75 4400
1473.59 1500
1546.22 1600
32270.71 32300
38451.09 38500
24261.27 24300
24560.47 24600
16624.50 16700
23597.21 23600
16075.96 16100
9360.79 9400
6415.13 6500
3402.91 3500
1526.07 1600
1387.59 1400
1268.89 1300
986.63 1000
979.80 1000
1062.68 1100
876.00 900
852.76 900
1031.22 1100
902.46 1000
1191.61 1200
29756.30 29800
37757.46 37800
22981.40 23000
25226.71 25300
16375.65 16400
21738.33 21800
17487.30 17500
7803.92 7900
7447.13 7500
1215.18 1300
2688.39 2700
1301.00 1400
1396.38 1400
1463.28 1500
12793.33 12800
26952.56 27000
31890.83 31900
38354.72 38400
37638.85 37700
21946.05 22000
23364.87 23400
23439.85 23500
24536.17 24600
13041.63 13100
17284.25 17300
18685.22 18700
21184.21 21200
17164.89 17200
17067.97 17100
6142.75 6200
8387.42 8400
7799.43 7800
6809.48 6900
2651.33 2700
3752.94 3800
30192.31 30200
31777.53 31800
37862.13 37900
38952.07 39000
22448.11 22500
23920.68 24000
24907.31 25000
26902.79 27000
16381.86 16400
18103.43 18200
22453.35 22500
22565.99 22600
15409.98 15500
18516.95 18600
8311.38 8400
10082.77 10100
6937.27 7000
6409.73 6500
3377.15 3400
3789.59 3800
960.50 1000
1740.19 1800
1463.94 1500
1040.56 1100
1268.32 1300
889.43 900
1010.76 1100
480.24 500
1008.84 1100
1088.71 1100
1153.05 1200
1407.02 1500
1582.96 1600
29511.89 29600
37678.42 37700
22642.06 22700
24943.12 25000
16112.40 16200
22138.15 22200
12909.78 13000
7982.80 8000
6990.64 7000
3622.00 3700
1170.84 1200
898.50 900
805.69 900
917.39 1000
1416.20 1500
1679.51 1700
1765.86 1800
27234.79 27300
31358.72 31400
36361.59 36400
36823.25 36900
23036.08 23100
22606.66 22700
24942.24 25000
25554.67 25600
17211.46 17300
17928.13 18000
23098.09 23100
22577.89 22600
17265.36 17300
17465.81 17500
8544.42 8600
9705.47 9800
6761.21 6800
6936.84 7000
3565.37 3600
3464.97 3500
1371.54 1400
1033.07 1100
1187.94 1200
942.19 1000
561.13 600
598.56 600
943.78 1000
680.54 700
946.82 1000
573.23 600
540.20 600
772.23 800
551.51 600
622.51 700
772.29 800
193.87 200
540.89 600
762.34 800
566.56 600
633.31 700
829.12 900
668.85 700
851.30 900
609.74 700
855.49 900
974.25 1000
809.70 900
29945.36 30000
39344.54 39400
24734.79 24800
25317.20 25400
18146.33 18200
23512.53 23600
15878.67 15900
8769.77 8800
4665.80 4700
31177.57 31200
39345.67 39400
23658.75 23700
26080.29 26100
17423.06 17500
21844.26 21900
17836.22 17900
8523.93 8600
6547.13 6600
3889.49 3900
1327.42 1400
1053.28 1100
940.55 1000
935.28 1000
973.69 1000
715.39 800
751.10 800
833.29 900
741.23 800
928.44 1000
899.33 900
1000.63 1100
29429.79 29500
36691.44 36700
22410.36 22500
23791.59 23800
16192.06 16200
22433.77 22500
16954.41 17000
8796.06 8800
7659.32 7700
3595.81 3600
1593.20 1600
1501.18 1600
30345.41 30400
31805.16 31900
32652.69 32700
36758.66 36800
37175.35 37200
36703.20 36800
23045.83 23100
23759.11 23800
23920.13 24000
23840.16 23900
24140.07 24200
25213.21 25300
17868.67 17900
17651.83 17700
17656.18 17700
19603.91 19700
20541.32 20600
21771.99 21800
16682.75 16700
17378.04 17400
17325.72 17400
7402.46 7500
8610.70 8700
9121.17 9200
7259.22 7300
7510.49 7600
7076.68 7100
2519.21 2600
3350.52 3400
4536.38 4600
3133.41 3200
1282.38 1300
1123.23 1200
871.90 900
924.19 1000
2096.60 2100
15983.10 16000
24559.16 24600
37967.33 38000
21102.33 21200
23856.60 23900
17721.96 17800
21931.44 22000
16552.59 16600
9333.92 9400
6844.68 6900
3540.04 3600
899.27 900
855.00 900
879.11 900
679.68 700
610.32 700
687.96 700
564.15 600
584.73 600
582.75 600
570.81 600
619.61 700
592.00 600
551.74 600
571.15 600
526.64 600
625.54 700
605.56 700
609.92 700
781.92 800
812.23 900
963.33 1000
1427.41 1500
1460.98 1500
1366.56 1400
1550.20 1600
1342.56 1400
1336.80 1400
1298.70 1300
28207.88 28300
28564.02 28600
31650.76 31700
37559.13 37600
37686.27 37700
39358.37 39400
22193.32 22200
23410.05 23500
24549.70 24600
24553.05 24600
25277.52 25300
25846.87 25900
15446.42 15500
16211.25 16300
17568.34 17600
22136.79 22200
21445.91 21500
22296.90 22300
17734.93 17800
16342.91 16400
18228.33 18300
8918.49 9000
8536.73 8600
9450.84 9500
6455.56 6500
7150.45 7200
6948.59 7000
3659.39 3700
3490.18 3500
3663.41 3700
1713.57 1800
1084.14 1100
950.31 1000
601.56 700
609.31 700
553.35 600
709.24 800
571.70 600
564.30 600
587.64 600
591.53 600
677.16 700
621.46 700
648.23 700
763.14 800
1621.17 1700
1499.55 1500
1535.15 1600
1298.13 1300
12637.26 12700
24243.79 24300
31906.69 32000
39238.45 39300
38114.74 38200
18569.96 18600
24277.16 24300
23096.99 23100
26536.41 26600
16862.01 16900
17351.77 17400
21405.61 21500
21995.93 22000
16578.91 16600
17249.40 17300
8365.71 8400
8965.89 9000
6374.97 6400
6783.78 6800
3601.70 3700
4232.87 4300
1667.01 1700
1456.50 1500
1039.94 1100
1002.48 1100
912.82 1000
996.18 1000
876.65 900
993.94 1000
990.20 1000
1085.57 1100
1400.97 1500
1589.10 1600
1551.61 1600
1427.38 1500
1299.03 1300
1414.41 1500
29257.04 29300
32256.27 32300
37885.05 37900
40200.67 40300
22463.16 22500
24371.38 24400
24069.87 24100
25502.38 25600
17328.49 17400
18422.28 18500
22406.42 22500
23283.95 23300
17387.54 17400
17716.34 17800
8011.01 8100
9679.26 9700
6004.96 6100
6711.59 6800
3292.16 3300
3399.32 3400
1428.96 1500
1760.03 1800
1092.23 1100
1132.76 1200
1002.60 1100
1013.74 1100
1018.81 1100
924.84 1000
1000.37 1100
1034.89 1100
1264.70 1300
31247.98 31300
35431.44 35500
22706.76 22800
23283.47 23300
17569.25 17600
18203.93 18300
17227.28 17300
7283.03 7300
6104.22 6200
4313.86 4400
1580.43 1600
1346.97 1400
922.75 1000
848.89 900
873.41 900
906.95 1000
850.34 900
786.58 800
758.15 800
792.41 800
935.65 1000
1181.22 1200
1482.54 1500
1489.68 1500
31737.61 31800
39697.97 39700
24560.97 24600
25172.06 25200
17970.15 18000
22280.36 22300
17814.17 17900
9029.68 9100
7330.01 7400
2689.87 2700
29403.96 29500
37366.36 37400
22654.54 22700
25563.66 25600
16460.68 16500
22038.83 22100
15648.67 15700
8448.49 8500
7165.34 7200
3965.68 4000
696.66 700
981.16 1000
828.38 900
801.87 900
926.19 1000
1497.80 1500
1567.91 1600
1250.82 1300
30348.62 30400
38384.04 38400
21637.98 21700
24447.87 24500
13123.10 13200
21468.99 21500
15218.29 15300
7975.10 8000
7515.83 7600
3747.19 3800
846.16 900
896.15 900
646.79 700
504.83 600
718.08 800
547.63 600
557.34 600
509.90 600
569.63 600
582.15 600
567.46 600
621.01 700
583.78 600
938.75 1000
1438.63 1500
1449.14 1500
1241.59 1300
30784.71 30800
31714.69 31800
39038.17 39100
39197.29 39200
24067.40 24100
24147.60 24200
24949.66 25000
25423.67 25500
17705.37 17800
18081.12 18100
20484.73 20500
22303.76 22400
16929.61 17000
16554.64 16600
8902.51 9000
9811.25 9900
6171.76 6200
7600.77 7700
4424.76 4500
3588.57 3600
1244.60 1300
1331.34 1400
825.91 900
848.66 900
795.50 800
889.42 900
799.25 800
844.34 900
840.67 900
807.37 900
1021.15 1100
1556.36 1600
1412.95 1500
30270.72 30300
38442.78 38500
21023.12 21100
23844.00 23900
17268.47 17300
22692.95 22700
14528.06 14600
7897.31 7900
7163.44 7200
3419.06 3500
30067.95 30100
37651.69 37700
23254.96 23300
24486.84 24500
16825.44 16900
20229.40 20300
16314.15 16400
9299.03 9300
6819.23 6900
3500.68 3600
930.11 1000
944.64 1000
612.10 700
585.17 600
549.98 600
652.00 700
526.75 600
561.39 600
583.13 600
623.60 700
574.30 600
570.95 600
620.43 700
674.66 700
589.46 600
713.90 800
37912.25 38000
19015.17 19100
23340.13 23400
16024.90 16100
20954.22 21000
17187.45 17200
9661.02 9700
6600.16 6700
3534.79 3600
961.43 1000
31928.35 32000
39202.37 39300
24048.67 24100
26934.64 27000
17845.17 17900
22785.89 22800
14945.90 15000
8789.90 8800
6357.10 6400
3632.20 3700
1512.78 1600
1533.70 1600
1274.69 1300
1144.02 1200
1090.44 1100
826.38 900
1172.66 1200
1016.41 1100
996.01 1000
1045.71 1100
1457.14 1500
1858.10 1900
1853.37 1900
29455.94 29500
31419.86 31500
37499.46 37500
37356.78 37400
22651.69 22700
23092.10 23100
24188.29 24200
24168.18 24200
17065.83 17100
17445.24 17500
22664.40 22700
21818.80 21900
17258.54 17300
17505.60 17600
7460.87 7500
10430.41 10500
6453.24 6500
6663.28 6700
2845.41 2900
3434.35 3500
1605.42 1700
1332.24 1400
1085.92 1100
1098.89 1100
850.67 900
1080.24 1100
987.78 1000
880.07 900
997.57 1000
1102.05 1200
1095.22 1100
1166.08 1200
1282.58 1300
29641.98 29700
30174.43 30200
37802.09 37900
39549.98 39600
23316.38 23400
21769.82 21800
23998.78 24000
25168.22 25200
16614.68 16700
17064.54 17100
22783.75 22800
21976.98 22000
17022.18 17100
18053.51 18100
8827.50 8900
9228.69 9300
8289.25 8300
7853.65 7900
3657.81 3700
4309.40 4400
1449.02 1500
1401.79 1500
1483.35 1500
29150.88 29200
29714.39 29800
36441.86 36500
38083.27 38100
21201.09 21300
22465.75 22500
24897.97 24900
24507.63 24600
16019.94 16100
17109.82 17200
20857.97 20900
22764.40 22800
17241.95 17300
17142.99 17200
8350.02 8400
9305.42 9400
3426.20 3500
7489.61 7500
1110.08 1200
3761.33 3800
1014.88 1100
869.36 900
591.30 600
632.56 700
637.70 700
541.02 600
543.03 600
603.77 700
542.23 600
643.55 700
769.60 800
768.68 800
1131.60 1200
1525.13 1600
29207.72 29300
38551.14 38600
22118.28 22200
24455.00 24500
16942.03 17000
22139.86 22200
17889.38 17900
8918.03 9000
7463.58 7500
4031.21 4100
920.55 1000
1071.41 1100
708.57 800
660.11 700
663.70 700
529.26 600
522.68 600
606.66 700
598.05 600
600.79 700
650.92 700
658.46 700
755.62 800
496.32 500
29891.76 29900
30942.18 31000
35603.18 35700
38008.70 38100
23045.37 23100
23000.61 23100
23485.61 23500
25401.33 25500
15551.08 15600
17967.27 18000
21540.04 21600
23268.96 23300
16533.83 16600
17362.50 17400
8599.13 8600
9112.59 9200
8320.72 8400
7056.17 7100
3699.55 3700
4451.64 4500
1582.81 1600
1170.47 1200
962.55 1000
818.30 900
839.61 900
838.26 900
839.51 900
836.55 900
745.45 800
831.24 900
793.56 800
976.87 1000
1917.10 2000
1545.53 1600
1552.75 1600
1951.50 2000
15753.55 15800
25525.99 25600
30388.35 30400
38201.02 38300
37971.84 38000
18453.87 18500
23688.79 23700
23332.77 23400
25070.70 25100
17077.08 17100
18845.56 18900
19484.57 19500
22324.90 22400
17205.22 17300
16473.10 16500
8861.89 8900
8830.47 8900
8171.54 8200
7653.61 7700
3017.51 3100
3012.45 3100
1725.65 1800
15226.33 15300
24945.71 25000
37619.96 37700
19613.35 19700
23803.01 23900
17723.24 17800
20412.63 20500
17054.60 17100
6248.54 6300
6391.16 6400
3378.57 3400
31525.78 31600
32041.22 32100
37407.08 37500
38989.81 39000
23884.34 23900
23762.95 23800
24466.22 24500
24189.04 24200
17311.83 17400
17444.69 17500
15962.64 16000
20995.09 21000
16216.83 16300
17666.35 17700
9984.67 10000
10049.22 10100
6891.99 6900
7504.82 7600
4604.31 4700
3808.72 3900
1553.20 1600
1698.43 1700
1352.67 1400
924.30 1000
1067.69 1100
1034.64 1100
1120.27 1200
1026.14 1100
817.12 900
733.50 800
776.64 800
909.52 1000
809.15 900
891.12 900
975.72 1000
886.81 900
927.73 1000
867.36 900
1035.61 1100
1130.33 1200
1371.32 1400
660.05 700
30944.95 31000
39333.43 39400
23702.36 23800
25504.20 25600
18295.66 18300
23054.79 23100
14628.18 14700
8448.19 8500
5879.18 5900
3304.06 3400
1438.86 1500
29926.53 30000
37487.69 37500
22621.95 22700
25539.03 25600
17547.54 17600
21088.61 21100
17183.24 17200
7341.75 7400
6754.72 6800
3013.17 3100
30730.80 30800
40258.95 40300
23371.77 23400
25428.28 25500
17857.07 17900
22516.04 22600
17768.39 17800
9499.90 9500
5362.83 5400
3256.41 3300
1333.04 1400
1466.75 1500
1441.05 1500
1671.96 1700
1608.52 1700
18024.66 18100
29116.39 29200
29326.57 29400
32059.08 32100
38147.11 38200
38438.16 38500
38306.13 38400
23672.19 23700
23037.81 23100
23454.61 23500
23805.04 23900
26135.36 26200
25014.37 25100
18503.06 18600
16689.35 16700
18817.91 18900
20242.38 20300
23274.39 23300
22995.40 23000
17985.63 18000
17850.53 17900
17232.49 17300
4994.12 5000
10437.69 10500
9333.75 9400
2617.30 2700
7515.09 7600
8277.92 8300
3945.86 4000
2759.00 2800
3734.01 3800
1595.84 1600
903.50 1000
816.19 900
1560.86 1600
1144.56 1200
651.27 700
683.93 700
1087.33 1100
607.42 700
562.63 600
608.54 700
917.15 1000
590.52 600
949.13 1000
610.86 700
1051.53 1100
620.65 700
907.01 1000
580.77 600
671.82 700
661.51 700
1036.50 1100
1015.46 1100
1148.43 1200
784.87 800
1512.25 1600
1561.96 1600
16753.26 16800
29468.85 29500
29429.62 29500
38265.93 38300
38368.82 38400
22683.39 22700
22112.71 22200
24545.26 24600
24855.20 24900
16730.31 16800
15983.52 16000
21591.12 21600
21962.67 22000
16817.16 16900
17615.71 17700
8391.45 8400
9415.59 9500
6226.35 6300
7000.49 7100
3376.14 3400
3692.93 3700
1219.52 1300
1529.42 1600
1383.27 1400
1581.54 1600
29629.00 29700
37369.01 37400
22097.42 22100
25145.69 25200
17104.95 17200
21583.39 21600
18040.41 18100
7342.55 7400
6511.16 6600
3464.05 3500
30338.86 30400
31885.13 31900
36659.59 36700
39052.76 39100
22186.35 22200
23772.70 23800
24346.47 24400
24141.27 24200
16041.71 16100
17700.62 17800
21434.15 21500
22040.43 22100
17061.58 17100
17243.32 17300
10175.56 10200
8480.24 8500
7337.65 7400
7569.73 7600
3382.18 3400
4739.66 4800
1676.01 1700
1516.52 1600
1095.89 1100
972.48 1000
998.02 1000
1213.26 1300
1148.73 1200
1228.56 1300
1382.62 1400
1648.02 1700
1912.61 2000
1218.47 1300
1230.95 1300
1302.74 1400
30004.98 30100
29793.12 29800
31256.02 31300
29479.10 29500
30942.49 31000
38484.77 38500
37697.28 37700
37390.57 37400
37580.54 37600
39580.43 39600
22231.50 22300
22616.27 22700
24706.64 24800
22782.04 22800
23456.72 23500
21970.36 22000
22256.10 22300
24407.99 24500
25670.63 25700
25738.15 25800
16310.30 16400
18261.82 18300
15726.33 15800
16069.08 16100
17917.44 18000
21900.37 22000
22805.26 22900
22322.41 22400
22374.68 22400
22379.96 22400
15515.82 15600
16819.76 16900
17296.53 17300
18226.98 18300
17583.11 17600
8085.51 8100
8419.36 8500
8091.59 8100
9582.06 9600
10685.16 10700
7070.14 7100
7348.87 7400
7503.12 7600
7234.69 7300
7076.42 7100
2926.69 3000
3798.17 3800
4246.51 4300
4090.52 4100
3652.07 3700
987.03 1000
1501.46 1600
1313.77 1400
1058.54 1100
1257.47 1300
1397.51 1400
857.79 900
468.74 500
538.36 600
920.98 1000
506.05 600
1133.33 1200
879.62 900
649.63 700
819.77 900
1230.39 1300
833.15 900
930.31 1000
576.29 600
761.90 800
562.48 600
901.71 1000
569.12 600
953.12 1000
564.57 600
969.00 1000
506.13 600
788.43 800
873.12 900
532.33 600
790.03 800
863.58 900
639.53 700
962.50 1000
767.17 800
652.60 700
946.84 1000
1146.18 1200
979.85 1000
995.31 1000
1078.29 1100
1224.70 1300
1236.94 1300
1995.38 2000
1546.13 1600
29596.66 29600
31168.62 31200
31737.23 31800
32353.98 32400
36123.95 36200
39736.24 39800
37706.28 37800
38921.44 39000
22945.97 23000
24663.93 24700
23249.94 23300
24289.81 24300
23012.96 23100
25288.33 25300
24862.96 24900
24956.38 25000
17254.43 17300
16865.79 16900
17998.94 18000
18029.91 18100
18751.01 18800
20141.58 20200
22716.32 22800
22050.12 22100
16826.61 16900
17600.79 17700
16478.68 16500
17864.70 17900
8884.37 8900
8808.61 8900
9368.69 9400
9220.66 9300
7291.24 7300
7831.36 7900
7788.39 7800
7457.78 7500
3315.69 3400
3347.68 3400
3765.39 3800
3089.39 3100
29811.74 29900
37700.91 37800
22513.38 22600
25221.13 25300
16703.73 16800
22325.39 22400
12968.33 13000
7617.93 7700
7327.71 7400
3843.70 3900
906.80 1000
1402.48 1500
1465.05 1500
1382.50 1400
31322.70 31400
32222.43 32300
31080.15 31100
37119.88 37200
40106.00 40200
39595.08 39600
23434.43 23500
24191.98 24200
23594.43 23600
22542.76 22600
26073.68 26100
24674.82 24700
18980.57 19000
16724.70 16800
19503.69 19600
19041.15 19100
20279.18 20300
22434.55 22500
17927.20 18000
17171.91 17200
17486.73 17500
8309.02 8400
8680.76 8700
8597.29 8600
6814.79 6900
7010.15 7100
7352.40 7400
3079.61 3100
3513.52 3600
4432.16 4500
1499.80 1500
1271.37 1300
1124.34 1200
1060.51 1100
959.72 1000
981.46 1000
890.82 900
934.83 1000
957.26 1000
1041.67 1100
951.95 1000
1078.76 1100
1442.31 1500
1306.12 1400
1444.39 1500
27011.96 27100
30108.50 30200
39058.14 39100
37373.23 37400
22815.43 22900
23827.23 23900
24659.73 24700
25792.11 25800
16516.55 16600
17701.11 17800
22062.94 22100
21681.09 21700
16464.96 16500
17878.77 17900
7822.27 7900
8344.58 8400
7471.09 7500
6334.14 6400
3572.40 3600
4345.50 4400
1363.30 1400
1456.41 1500
970.03 1000
974.70 1000
1036.76 1100
812.99 900
896.73 900
978.37 1000
820.85 900
954.21 1000
1037.24 1100
1134.22 1200
1428.61 1500
1456.51 1500
1619.37 1700
1307.68 1400
31159.14 31200
31525.31 31600
31994.89 32000
36249.32 36300
38246.80 38300
39155.26 39200
22709.85 22800
23538.63 23600
23858.18 23900
22251.58 22300
25001.83 25100
24300.16 24400
17465.04 17500
16997.12 17000
17963.20 18000
19109.55 19200
22669.37 22700
22700.10 22800
16201.31 16300
17814.96 17900
17168.36 17200
8212.59 8300
10022.73 10100
8528.18 8600
7657.57 7700
8049.09 8100
7222.14 7300
2896.13 2900
3245.26 3300
3808.04 3900
1304.17 1400
1257.70 1300
1582.51 1600
1270.68 1300
1379.09 1400
1190.62 1200
28849.33 28900
30683.29 30700
37334.38 37400
39625.05 39700
20049.05 20100
21706.14 21800
24240.17 24300
24909.38 25000
13965.08 14000
18485.50 18500
21284.75 21300
22766.28 22800
15470.76 15500
17662.91 17700
8959.46 9000
8910.16 9000
4355.36 4400
7176.74 7200
3705.04 3800
970.38 1000
800.90 900
567.71 600
531.33 600
531.85 600
557.36 600
586.13 600
579.07 600
772.28 800
1364.47 1400
1270.11 1300
1198.86 1200
24856.62 24900
29492.38 29500
29025.78 29100
37392.80 37400
38436.97 38500
37783.60 37800
18894.24 18900
21968.96 22000
22555.43 22600
24260.49 24300
24991.72 25000
24050.63 24100
15922.02 16000
16181.06 16200
17115.91 17200
21501.31 21600
22018.92 22100
22229.01 22300
13179.19 13200
15959.29 16000
16188.21 16200
7700.07 7800
8012.34 8100
8912.00 9000
6605.37 6700
7034.09 7100
7150.64 7200
3516.18 3600
4307.28 4400
3539.16 3600
980.28 1000
970.69 1000
1152.02 1200
981.83 1000
873.33 900
1087.18 1100
731.11 800
742.99 800
583.03 600
602.07 700
654.03 700
562.38 600
614.67 700
719.76 800
604.07 700
536.11 600
575.86 600
599.21 600
578.88 600
610.28 700
634.16 700
587.24 600
580.82 600
538.22 600
595.65 600
493.40 500
531.58 600
597.53 600
675.60 700
529.82 600
598.21 600
615.44 700
633.83 700
582.41 600
623.25 700
611.28 700
597.24 600
649.35 700
676.77 700
665.29 700
631.01 700
691.67 700
639.73 700
966.64 1000
757.07 800
964.67 1000
1017.59 1100
1393.18 1400
1366.76 1400
1306.57 1400
32354.52 32400
38680.52 38700
24046.16 24100
24977.70 25000
17913.67 18000
22336.31 22400
17741.47 17800
9109.98 9200
7052.61 7100
4076.18 4100
1293.62 1300
1334.12 1400
1293.71 1300
27162.84 27200
37663.81 37700
22271.40 22300
24064.58 24100
17492.28 17500
22740.29 22800
18723.27 18800
5710.67 5800
6327.48 6400
3409.70 3500
2035.70 2100
1637.09 1700
1616.09 1700
12917.46 13000
15510.68 15600
23873.56 23900
29948.78 30000
29523.19 29600
38158.45 38200
37896.40 37900
37448.38 37500
19643.31 19700
22919.81 23000
22789.46 22800
24161.18 24200
24111.64 24200
24933.20 25000
17587.21 17600
17530.33 17600
16524.76 16600
22330.62 22400
22212.41 22300
22378.04 22400
16113.32 16200
17234.68 17300
18866.88 18900
7868.49 7900
8169.14 8200
8896.27 8900
4519.29 4600
7412.92 7500
6924.78 7000
1663.07 1700
2943.28 3000
3604.07 3700
988.84 1000
1020.85 1100
927.31 1000
610.16 700
633.98 700
692.17 700
635.59 700
606.41 700
547.55 600
552.17 600
547.47 600
622.16 700
652.23 700
662.84 700
639.71 700
620.15 700
838.40 900
30950.84 31000
31312.52 31400
39406.07 39500
40521.30 40600
24044.36 24100
25018.14 25100
26082.90 26100
25756.20 25800
16475.71 16500
18594.50 18600
22377.80 22400
21575.09 21600
17774.84 17800
18742.54 18800
8317.89 8400
9680.61 9700
7515.91 7600
7198.46 7200
1689.81 1700
4584.54 4600
3632.13 3700
1545.64 1600
1488.21 1500
1211.54 1300
1392.42 1400
850.48 900
1158.29 1200
940.17 1000
1126.69 1200
1041.65 1100
884.91 900
887.19 900
797.67 800
885.78 900
771.23 800
866.28 900
858.73 900
754.69 800
888.79 900
937.86 1000
886.77 900
818.45 900
947.13 1000
1131.59 1200
1089.74 1100
1162.81 1200
1259.36 1300
29865.50 29900
31402.69 31500
36919.60 37000
38467.56 38500
23044.87 23100
23809.60 23900
25198.22 25200
25398.48 25400
16535.32 16600
17318.85 17400
23337.29 23400
22105.05 22200
12006.80 12100
17432.61 17500
7805.32 7900
9940.94 10000
6057.65 6100
7321.82 7400
3254.45 3300
3655.48 3700
1451.53 1500
1520.39 1600
1303.09 1400
1431.38 1500
31142.24 31200
39298.84 39300
22475.67 22500
25033.96 25100
18761.86 18800
22613.27 22700
17190.06 17200
9087.50 9100
6273.01 6300
3589.18 3600
1640.25 1700
1547.51 1600
1080.17 1100
1130.52 1200
863.53 900
1041.72 1100
1024.87 1100
927.36 1000
950.41 1000
928.39 1000
1045.43 1100
1540.85 1600
1439.65 1500
1535.63 1600
32138.55 32200
31758.88 31800
35346.76 35400
39634.00 39700
23806.19 23900
23013.73 23100
23894.76 23900
25972.72 26000
15914.19 16000
17181.36 17200
21691.73 21700
22564.33 22600
15437.94 15500
17173.69 17200
10542.93 10600
8946.63 9000
4921.00 5000
8141.34 8200
4191.29 4200
1404.67 1500
1196.28 1200
938.24 1000
914.42 1000
756.90 800
761.25 800
812.49 900
798.85 800
808.13 900
789.09 800
938.33 1000
1408.79 1500
1194.49 1200
29136.89 29200
30332.36 30400
31622.21 31700
36432.61 36500
39220.90 39300
37934.02 38000
21738.81 21800
22692.10 22700
24058.63 24100
24324.53 24400
25320.60 25400
24630.52 24700
14122.46 14200
17867.41 17900
17798.80 17800
19296.72 19300
22833.24 22900
21237.46 21300
16900.33 17000
17768.44 17800
16670.39 16700
7120.69 7200
9082.17 9100
9173.90 9200
3662.36 3700
6692.22 6700
7469.86 7500
3159.86 3200
3323.66 3400
1360.82 1400
1507.63 1600
1489.35 1500
32461.84 32500
39272.73 39300
23906.21 24000
24990.97 25000
18156.10 18200
21331.64 21400
17155.26 17200
9219.61 9300
7628.72 7700
3365.44 3400
29792.64 29800
36854.10 36900
22284.10 22300
25183.28 25200
16970.29 17000
22367.78 22400
15739.64 15800
8414.28 8500
8031.17 8100
3451.97 3500
29613.68 29700
30409.10 30500
37516.39 37600
38000.45 38100
22629.36 22700
22522.12 22600
24448.37 24500
24737.37 24800
16816.69 16900
17121.37 17200
20389.83 20400
21402.06 21500
16768.51 16800
17186.62 17200
7313.91 7400
8187.22 8200
7202.12 7300
6736.92 6800
1908.41 2000
3035.72 3100
3345.16 3400
730.80 800
935.77 1000
1530.40 1600
1268.71 1300
1395.12 1400
28866.80 28900
30972.82 31000
37095.00 37100
39120.52 39200
20113.91 20200
23764.34 23800
23654.22 23700
24931.20 25000
16040.17 16100
16651.55 16700
21286.54 21300
21913.08 22000
15146.24 15200
17364.12 17400
8290.83 8300
8555.74 8600
5919.26 6000
7449.65 7500
2324.05 2400
3323.06 3400
3409.60 3500
1343.95 1400
1709.92 1800
1273.55 1300
1305.45 1400
1150.64 1200
1101.38 1200
1022.65 1100
932.43 1000
977.42 1000
866.59 900
935.76 1000
927.38 1000
940.53 1000
1067.37 1100
1007.74 1100
1245.45 1300
1327.61 1400
1350.85 1400
1603.82 1700
1546.25 1600
1453.11 1500
1548.58 1600
1519.20 1600
1211.98 1300
1398.33 1400
16485.72 16500
29014.93 29100
31407.56 31500
31525.09 31600
37989.36 38000
38855.38 38900
39946.25 40000
20220.69 20300
24074.97 24100
23712.96 23800
23532.78 23600
25619.10 25700
25863.87 25900
17147.50 17200
16055.95 16100
18561.49 18600
22059.31 22100
22360.07 22400
22974.08 23000
16993.09 17000
16024.80 16100
17706.75 17800
8725.57 8800
9096.14 9100
9794.82 9800
4489.84 4500
4546.42 4600
7298.83 7300
3604.88 3700
1214.94 1300
843.20 900
778.70 800
968.72 1000
1471.17 1500
1476.70 1500
28794.70 28800
30295.13 30300
37139.65 37200
38189.73 38200
23147.30 23200
24064.87 24100
23504.12 23600
26027.38 26100
18205.05 18300
16076.38 16100
22100.92 22200
22471.20 22500
17128.46 17200
17270.77 17300
7996.81 8000
9249.75 9300
7108.37 7200
6980.04 7000
3515.72 3600
3896.42 3900
1415.66 1500
1348.75 1400
1039.41 1100
890.78 900
852.46 900
839.90 900
818.71 900
800.67 900
799.06 800
873.53 900
930.91 1000
2106.23 2200
1897.58 1900
1690.82 1700
1710.67 1800
29868.41 29900
30309.18 30400
32114.65 32200
38471.31 38500
39526.67 39600
38536.32 38600
20187.24 20200
23504.30 23600
25070.53 25100
23047.07 23100
25584.35 25600
24700.97 24800
13102.90 13200
17867.68 17900
16651.82 16700
23262.25 23300
23439.49 23500
21309.96 21400
16407.39 16500
17578.24 17600
17230.50 17300
9155.95 9200
8533.79 8600
9530.54 9600
4095.44 4100
7224.89 7300
7957.56 8000
3997.03 4000
3616.70 3700
1070.72 1100
1387.05 1400
1149.46 1200
1291.26 1300
30204.28 30300
30953.96 31000
31227.62 31300
38146.77 38200
38458.33 38500
40281.86 40300
22993.97 23000
23248.34 23300
24077.25 24100
24322.42 24400
25415.88 25500
25101.54 25200
15476.60 15500
17466.33 17500
17406.61 17500
21299.72 21300
21306.88 21400
22392.67 22400
14427.33 14500
17105.65 17200
17223.57 17300
7804.82 7900
8656.51 8700
8504.82 8600
7282.29 7300
7016.92 7100
7246.28 7300
2311.46 2400
3750.81 3800
3736.58 3800
3720.27 3800
1539.27 1600
1849.74 1900
1496.85 1500
1344.16 1400
1062.66 1100
943.32 1000
1119.49 1200
958.19 1000
991.02 1000
959.11 1000
938.78 1000
1054.13 1100
938.43 1000
1048.22 1100
1018.23 1100
865.12 900
920.36 1000
1027.42 1100
1040.93 1100
968.02 1000
952.57 1000
1075.64 1100
1330.88 1400
1832.56 1900
1731.80 1800
2081.48 2100
1699.80 1700
29828.46 29900
38853.64 38900
21199.10 21200
24595.75 24600
16597.21 16600
21846.33 21900
17359.80 17400
9388.91 9400
4424.87 4500
29291.27 29300
30591.76 30600
35781.16 35800
37308.71 37400
22289.94 22300
23155.84 23200
22388.40 22400
25578.03 25600
15285.88 15300
16597.60 16600
20462.11 20500
19733.73 19800
17142.47 17200
17032.76 17100
8481.64 8500
9403.72 9500
7458.25 7500
7277.43 7300
2096.90 2100
3061.03 3100
3169.49 3200
749.40 800
870.65 900
1878.25 1900
1795.78 1800
1807.73 1900
1726.75 1800
29617.78 29700
30046.71 30100
38644.53 38700
38717.88 38800
20197.99 20200
20018.86 20100
24029.31 24100
24511.22 24600
12259.08 12300
17006.62 17100
21824.81 21900
21580.18 21600
15137.13 15200
16826.62 16900
8492.45 8500
8407.59 8500
5665.32 5700
7095.80 7100
3665.53 3700
3214.46 3300
912.35 1000
964.06 1000
1066.35 1100
743.55 800
992.54 1000
854.20 900
684.59 700
745.55 800
787.31 800
587.07 600
511.40 600
786.23 800
547.88 600
586.21 600
740.53 800
514.55 600
671.35 700
792.40 800
583.42 600
530.69 600
740.92 800
655.69 700
865.14 900
603.66 700
763.22 800
953.51 1000
784.29 800
1502.79 1600
1598.36 1600
1464.32 1500
30200.56 30300
31700.04 31800
35941.48 36000
38044.42 38100
24014.00 24100
23332.77 23400
24037.55 24100
24805.44 24900
17561.96 17600
17502.23 17600
20320.49 20400
22755.33 22800
17569.27 17600
17146.49 17200
8204.05 8300
9787.17 9800
7172.44 7200
7031.30 7100
2935.35 3000
3754.45 3800
1291.33 1300
1452.97 1500
1057.71 1100
1097.19 1100
831.74 900
996.10 1000
999.97 1000
775.73 800
1019.75 1100
912.92 1000
968.36 1000
1126.63 1200
1385.53 1400
30065.55 30100
39315.81 39400
24194.21 24200
25289.95 25300
17694.65 17700
22736.17 22800
16988.09 17000
9101.96 9200
8275.97 8300
4593.76 4600
1614.34 1700
1040.62 1100
936.49 1000
963.60 1000
765.01 800
815.89 900
690.87 700
719.76 800
737.93 800
785.37 800
909.30 1000
1055.72 1100
1311.78 1400
1412.29 1500
1397.60 1400
31679.88 31700
31147.59 31200
30900.61 31000
37874.82 37900
39068.84 39100
39668.62 39700
24627.68 24700
24462.88 24500
23923.57 24000
23640.37 23700
26296.72 26300
25536.94 25600
17667.61 17700
17743.72 17800
16909.27 17000
22040.86 22100
23457.24 23500
23195.87 23200
13301.01 13400
15847.58 15900
17707.22 17800
9642.84 9700
8955.80 9000
9027.67 9100
3087.10 3100
6354.42 6400
6915.14 7000
7642.18 7700
2001.92 2100
3043.84 3100
3454.33 3500
3497.07 3500
1198.38 1200
1560.60 1600
1209.23 1300
1555.17 1600
1514.11 1600
31462.92 31500
39895.81 39900
24363.29 24400
25534.75 25600
18685.69 18700
23053.56 23100
15779.70 15800
9177.60 9200
4171.36 4200
1429.54 1500
1301.65 1400
1447.58 1500
30753.21 30800
31447.03 31500
32346.63 32400
37615.36 37700
39353.63 39400
39221.08 39300
20939.73 21000
24025.04 24100
24753.68 24800
23045.99 23100
23377.94 23400
24642.22 24700
16637.23 16700
17460.74 17500
17631.91 17700
20853.70 20900
21256.38 21300
22531.41 22600
14018.19 14100
16801.52 16900
16944.79 17000
9417.63 9500
9374.08 9400
8601.61 8700
4477.13 4500
6871.74 6900
7547.68 7600
4330.27 4400
4083.01 4100
1321.02 1400
1574.88 1600
1436.84 1500
1114.12 1200
991.31 1000
1246.11 1300
1012.71 1100
895.30 900
981.75 1000
1016.49 1100
934.89 1000
1108.31 1200
1209.36 1300
1030.79 1100
975.97 1000
1082.77 1100
1093.81 1100
31283.14 31300
31185.79 31200
36076.90 36100
39895.45 39900
24234.00 24300
23095.79 23100
24890.10 24900
25718.95 25800
17896.88 17900
17218.45 17300
21173.52 21200
23799.32 23800
17600.61 17700
17676.18 17700
7611.83 7700
9264.13 9300
4872.99 4900
7013.82 7100
2186.73 2200
3422.59 3500
1472.94 1500
1184.67 1200
26346.82 26400
37322.53 37400
22433.27 22500
25045.35 25100
16166.90 16200
21246.87 21300
17597.05 17600
8398.84 8400
7153.62 7200
3003.91 3100
30894.99 30900
36345.84 36400
23407.90 23500
21840.12 21900
17173.37 17200
18297.90 18300
16447.58 16500
9223.15 9300
7654.36 7700
3100.95 3200
30585.96 30600
38716.09 38800
23951.26 24000
24454.09 24500
17441.21 17500
20466.84 20500
17158.60 17200
9187.22 9200
7406.22 7500
2073.34 2100
3509.20 3600
1207.30 1300
1189.07 1200
564.19 600
812.17 900
913.94 1000
884.31 900
730.59 800
831.25 900
812.10 900
831.48 900
745.73 800
920.33 1000
106.32 200
995.67 1000
1187.24 1200
29624.49 29700
39135.32 39200
15877.04 15900
23090.57 23100
17335.20 17400
21570.11 21600
17689.04 17700
3776.70 3800
1298.35 1300
1440.49 1500
1321.18 1400
22466.49 22500
27252.12 27300
37046.94 37100
37926.65 38000
19246.67 19300
23260.73 23300
24525.83 24600
24172.32 24200
16773.71 16800
16887.80 16900
22106.52 22200
22264.61 22300
11809.65 11900
16805.66 16900
8436.78 8500
8281.84 8300
5649.31 5700
6842.26 6900
3738.65 3800
3087.41 3100
905.24 1000
1239.43 1300
1190.74 1200
1355.34 1400
1306.67 1400
31957.05 32000
31689.00 31700
36008.66 36100
39601.32 39700
25378.29 25400
23272.94 23300
25108.30 25200
26041.31 26100
18266.56 18300
17876.07 17900
21074.18 21100
22772.08 22800
18767.82 18800
17438.90 17500
8509.27 8600
9939.28 10000
8486.61 8500
7020.38 7100
2123.60 2200
3616.76 3700
3733.93 3800
1477.25 1500
1392.89 1400
1069.78 1100
809.91 900
818.24 900
889.46 900
831.78 900
869.74 900
949.68 1000
952.12 1000
1151.01 1200
1560.75 1600
1353.09 1400
1467.16 1500
28138.27 28200
37677.71 37700
22247.58 22300
24868.36 24900
14364.26 14400
21190.78 21200
17737.30 17800
8887.53 8900
7493.87 7500
3950.94 4000
2045.83 2100
1686.06 1700
17555.92 17600
31938.21 32000
30886.77 30900
37975.60 38000
39350.00 39400
23705.08 23800
23752.60 23800
21163.93 21200
25607.26 25700
17576.93 17600
16210.17 16300
21941.76 22000
22252.07 22300
15901.25 16000
17172.00 17200
9678.55 9700
9184.01 9200
4678.76 4700
7567.38 7600
3749.27 3800
1403.75 1500
2056.44 2100
15220.43 15300
26673.35 26700
38201.61 38300
17261.83 17300
24126.58 24200
14025.62 14100
20850.43 20900
16636.17 16700
9076.70 9100
7598.37 7600
3179.72 3200
1514.48 1600
1413.54 1500
1379.71 1400
30035.47 30100
38649.55 38700
22856.79 22900
24523.08 24600
18289.37 18300
22522.97 22600
16320.80 16400
9152.27 9200
5426.98 5500
3420.32 3500
1286.98 1300
1054.87 1100
1249.88 1300
922.42 1000
947.70 1000
853.48 900
856.01 900
876.14 900
823.34 900
759.90 800
858.00 900
964.57 1000
1242.52 1300
1518.13 1600
1413.18 1500
1787.83 1800
1437.61 1500
1792.16 1800
12091.08 12100
27151.74 27200
29698.65 29700
30470.46 30500
36665.10 36700
37613.20 37700
38634.33 38700
21754.93 21800
23166.29 23200
22935.07 23000
24074.04 24100
24998.46 25000
25487.72 25500
16577.48 16600
17556.74 17600
17018.82 17100
21825.97 21900
21051.31 21100
22533.31 22600
14866.39 14900
15993.43 16000
17037.73 17100
7942.74 8000
8744.65 8800
7975.83 8000
7043.81 7100
6896.01 6900
7865.14 7900
2187.73 2200
3762.93 3800
3554.25 3600
2995.71 3000
964.93 1000
962.77 1000
759.43 800
826.65 900
947.71 1000
546.55 600
644.56 700
609.41 700
629.66 700
704.31 800
536.77 600
727.25 800
511.01 600
546.13 600
543.60 600
518.26 600
490.86 500
496.81 500
533.85 600
626.37 700
532.05 600
502.58 600
569.94 600
624.50 700
656.13 700
591.46 600
764.15 800
800.22 900
316.26 400
1514.79 1600
1473.53 1500
32540.94 32600
35792.81 35800
22640.30 22700
25123.06 25200
17402.05 17500
21757.07 21800
16742.38 16800
9050.91 9100
7541.03 7600
4073.88 4100
1808.72 1900
1787.90 1800
15327.31 15400
26892.07 26900
27874.04 27900
31294.70 31300
37625.29 37700
37384.83 37400
38261.82 38300
17619.87 17700
21877.60 21900
24171.64 24200
25622.91 25700
24047.32 24100
25096.49 25100
12370.92 12400
15413.63 15500
18360.87 18400
21381.97 21400
21368.64 21400
21641.00 21700
15177.66 15200
16215.67 16300
17813.32 17900
8515.86 8600
8186.59 8200
7827.65 7900
7078.56 7100
7098.12 7100
7210.59 7300
2752.55 2800
3854.42 3900
3978.74 4000
1035.67 1100
1069.94 1100
820.34 900
864.45 900
605.53 700
584.46 600
578.98 600
557.49 600
665.15 700
594.74 600
514.13 600
617.20 700
625.92 700
583.32 600
634.68 700
641.59 700
665.35 700
1013.97 1100
29786.33 29800
38975.93 39000
23344.30 23400
24953.90 25000
15687.65 15700
22161.04 22200
17673.93 17700
8395.94 8400
7982.61 8000
3456.72 3500
1470.68 1500
2029.60 2100
15404.67 15500
26057.08 26100
30228.75 30300
37558.07 37600
38065.74 38100
18175.85 18200
22662.97 22700
23913.36 24000
24224.65 24300
13101.24 13200
17028.65 17100
18653.57 18700
21717.34 21800
13052.31 13100
16713.49 16800
8076.65 8100
7917.83 8000
7989.95 8000
6839.33 6900
4441.85 4500
4140.57 4200
1177.26 1200
858.95 900
898.04 900
1108.15 1200
560.11 600
597.62 600
589.14 600
596.06 600
562.34 600
659.36 700
605.74 700
548.07 600
593.09 600
594.65 600
547.62 600
509.02 600
574.46 600
567.52 600
578.91 600
595.92 600
631.30 700
643.45 700
735.81 800
634.68 700
578.47 600
827.63 900
892.97 900
815.82 900
916.90 1000
978.07 1000
1685.09 1700
1536.29 1600
1422.21 1500
1422.01 1500
1290.35 1300
30638.74 30700
31743.61 31800
31165.72 31200
38882.65 38900
39937.18 40000
38758.94 38800
23234.53 23300
24264.35 24300
23459.86 23500
23851.84 23900
24868.74 24900
25747.07 25800
16015.93 16100
17083.93 17100
16973.10 17000
19867.47 19900
21029.93 21100
22443.64 22500
16417.65 16500
17343.56 17400
16748.68 16800
9136.33 9200
10006.54 10100
9019.36 9100
4455.43 4500
6224.64 6300
7604.82 7700
2514.56 2600
3493.42 3500
1475.90 1500
1605.04 1700
1073.00 1100
1185.17 1200
977.52 1000
960.02 1000
1041.76 1100
878.05 900
995.14 1000
1068.99 1100
1206.80 1300
1786.48 1800
1578.68 1600
27139.04 27200
37951.84 38000
20166.35 20200
24394.94 24400
14807.55 14900
22002.94 22100
9232.21 9300
6294.33 6300
6594.16 6600
4401.96 4500
766.08 800
926.63 1000
923.98 1000
708.93 800
492.05 500
620.36 700
531.94 600
563.49 600
570.97 600
585.60 600
592.89 600
583.81 600
608.36 700
561.51 600
824.07 900
1518.62 1600
1409.08 1500
1500.17 1600
15378.35 15400
29505.45 29600
38447.06 38500
21759.79 21800
24060.30 24100
18450.86 18500
22940.35 23000
18227.93 18300
7162.67 7200
6705.05 6800
4425.56 4500
1373.20 1400
1508.71 1600
31665.76 31700
39965.49 40000
24357.03 24400
25526.65 25600
18470.00 18500
21350.70 21400
17558.44 17600
6669.61 6700
6691.20 6700
3595.01 3600
31948.57 32000
38067.66 38100
23690.34 23700
25249.23 25300
17660.56 17700
23594.84 23600
17450.82 17500
9576.66 9600
7036.53 7100
3826.23 3900
1363.71 1400
1413.42 1500
1143.14 1200
1040.59 1100
870.60 900
1099.35 1100
969.45 1000
921.98 1000
977.15 1000
1105.30 1200
1253.95 1300
1589.11 1600
1448.92 1500
1365.40 1400
31845.53 31900
31367.11 31400
36579.39 36600
39542.42 39600
24931.40 25000
23294.36 23300
25332.65 25400
25957.17 26000
18675.24 18700
18047.51 18100
18131.40 18200
23841.01 23900
15768.50 15800
17237.33 17300
10630.29 10700
8966.10 9000
5252.70 5300
7932.75 8000
4543.68 4600
3271.07 3300
1332.82 1400
1596.26 1600
1316.85 1400
1005.99 1100
944.49 1000
1029.09 1100
920.51 1000
927.79 1000
905.82 1000
913.45 1000
943.56 1000
1337.55 1400
1600.39 1700
2000.11 2100
1802.07 1900
28080.22 28100
31377.76 31400
31168.69 31200
39606.36 39700
37802.67 37900
40635.22 40700
21076.00 21100
25367.83 25400
24084.84 24100
24777.32 24800
25559.83 25600
24127.61 24200
17454.03 17500
18552.31 18600
18353.07 18400
19910.25 20000
22666.61 22700
21607.47 21700
16894.36 16900
16733.05 16800
17926.28 18000
9571.28 9600
9658.33 9700
9110.17 9200
7587.73 7600
7321.88 7400
8006.14 8100
3052.03 3100
4575.62 4600
3719.17 3800
991.95 1000
851.30 900
604.75 700
660.58 700
478.89 500
603.38 700
630.04 700
625.15 700
574.01 600
820.25 900
29741.80 29800
39247.69 39300
22496.41 22500
24691.30 24700
17385.63 17400
22251.66 22300
16909.38 17000
8054.62 8100
7190.04 7200
4000.79 4100
1031.04 1100
868.64 900
647.19 700
613.56 700
553.15 600
127.24 200
543.39 600
681.96 700
592.23 600
551.68 600
654.29 700
686.29 700
746.54 800
1553.74 1600
1532.83 1600
1590.60 1600
28644.73 28700
37995.77 38000
23314.93 23400
24891.24 24900
16110.61 16200
21755.32 21800
17658.02 17700
9027.82 9100
6265.01 6300
3467.08 3500
1274.11 1300
1250.14 1300
1038.65 1100
1171.92 1200
819.82 900
784.61 800
829.50 900
762.18 800
881.80 900
865.46 900
984.22 1000
