19822.86 19900
1217.62 1300
26681.66 26700
1742.02 1800
1903.14 2000
2057.33 2100
757.09 800
660.82 700
689.68 700
25039.20 25100
17374.88 17400
23511.70 23600
23500.77 23600
1515.59 1600
1173.23 1200
1540.68 1600
758.69 800
726.56 800
700.40 800
26055.24 26100
1879.89 1900
23768.11 23800
1731.72 1800
715.16 800
813.44 900
770.21 800
729.31 800
28934.04 29000
19016.81 19100
24264.68 24300
25762.88 25800
25426.11 25500
1852.45 1900
1715.01 1800
1929.21 2000
1198.68 1200
24127.87 24200
1576.87 1600
25952.61 26000
1719.44 1800
689.26 700
763.07 800
638.52 700
26499.73 26500
19572.62 19600
20099.65 20100
23668.11 23700
24107.26 24200
1135.52 1200
1941.91 2000
1143.81 1200
1625.54 1700
1076.60 1100
771.18 800
777.80 800
1080.87 1100
23537.60 23600
25166.64 25200
26104.61 26200
1821.82 1900
2220.15 2300
1662.84 1700
847.19 900
754.86 800
727.37 800
23744.84 23800
26045.10 26100
1861.81 1900
1674.39 1700
802.05 900
643.71 700
724.83 800
730.86 800
729.88 800
23490.56 23500
23558.91 23600
23674.45 23700
25458.90 25500
26129.99 26200
1888.25 1900
1595.94 1600
1620.06 1700
1950.18 2000
1545.71 1600
758.61 800
642.69 700
763.61 800
19914.72 20000
19226.87 19300
19464.76 19500
26159.67 26200
25693.41 25700
1750.22 1800
1721.70 1800
1121.22 1200
1457.98 1500
1458.17 1500
800.47 900
28996.53 29000
20243.09 20300
23693.87 23700
25725.43 25800
1903.59 2000
1650.08 1700
1539.25 1600
734.51 800
752.49 800
684.61 700
800.28 900
745.66 800
673.76 700
25525.47 25600
25867.80 25900
1763.86 1800
1740.24 1800
702.34 800
681.21 700
727.51 800
23057.96 23100
23735.73 23800
26201.05 26300
1771.17 1800
1653.31 1700
1726.96 1800
1695.22 1700
20255.62 20300
1236.07 1300
1140.07 1200
1110.35 1200
18718.99 18800
23000.30 23100
23365.35 23400
24024.06 24100
26493.09 26500
2180.02 2200
1622.97 1700
1918.28 2000
1553.61 1600
1212.13 1300
685.31 700
733.09 800
714.33 800
713.23 800
715.41 800
649.65 700
23658.58 23700
24109.61 24200
25639.02 25700
25878.34 25900
1709.49 1800
1823.83 1900
1884.57 1900
1718.63 1800
1727.13 1800
696.68 700
722.36 800
741.12 800
686.72 700
20757.18 20800
25635.86 25700
1862.69 1900
1298.66 1300
796.08 800
705.89 800
816.66 900
1054.03 1100
649.01 700
19688.83 19700
24207.52 24300
23857.94 23900
26219.08 26300
1802.74 1900
1616.99 1700
1716.70 1800
1226.16 1300
25394.19 25400
25157.49 25200
1557.20 1600
1810.73 1900
1694.40 1700
1901.75 2000
718.92 800
707.70 800
821.71 900
26745.75 26800
23940.64 24000
25805.84 25900
1845.72 1900
1700.66 1800
1707.24 1800
666.06 700
660.73 700
717.71 800
696.84 700
26287.24 26300
23818.50 23900
26505.05 26600
1748.22 1800
1627.48 1700
733.94 800
659.65 700
19723.43 19800
23666.89 23700
1126.66 1200
1601.76 1700
20339.00 20400
19635.66 19700
1234.79 1300
1530.61 1600
163.38 200
1087.91 1100
872.38 900
20768.37 20800
18298.13 18300
19728.29 19800
24151.93 24200
23913.91 24000
25504.18 25600
1747.15 1800
1557.25 1600
1565.96 1600
1159.46 1200
720.75 800
745.20 800
730.79 800
22924.91 23000
25384.01 25400
1775.95 1800
1717.72 1800
1685.09 1700
728.52 800
645.10 700
23865.27 23900
24117.12 24200
24727.29 24800
1648.71 1700
1544.46 1600
1661.94 1700
20149.73 20200
25862.45 25900
1739.07 1800
1149.34 1200
721.68 800
700.02 800
24228.53 24300
1761.71 1800
718.89 800
823.85 900
942.30 1000
721.25 800
738.46 800
1029.73 1100
721.04 800
726.69 800
684.59 700
1805.39 1900
26372.26 26400
23915.23 24000
23874.97 23900
25815.08 25900
26050.62 26100
2099.55 2100
1840.67 1900
1641.27 1700
1683.99 1700
947.12 1000
701.28 800
1089.83 1100
1082.15 1100
749.17 800
842.04 900
23949.75 24000
26165.87 26200
26347.20 26400
26544.94 26600
1809.87 1900
2046.87 2100
2155.70 2200
1604.85 1700
759.28 800
666.84 700
721.62 800
608.34 700
660.00 700
19071.56 19100
25315.78 25400
1821.77 1900
1282.03 1300
690.51 700
725.93 800
679.97 700
677.89 700
705.96 800
19316.13 19400
19790.82 19800
23584.94 23600
24188.81 24200
22923.61 23000
26199.26 26200
1863.28 1900
1123.82 1200
1159.31 1200
1661.78 1700
1611.61 1700
1861.85 1900
1700.37 1800
1012.02 1100
993.43 1000
23464.46 23500
25851.83 25900
2080.15 2100
1565.14 1600
20271.26 20300
23774.45 23800
23849.41 23900
1631.81 1700
1529.72 1600
1515.04 1600
1311.85 1400
