3092.52 3100
9195.31 9200
24371.36 24400
26136.06 26200
27290.66 27300
26373.94 26400
25531.36 25600
27561.22 27600
26265.10 26300
27038.38 27100
28546.75 28600
12544.21 12600
19426.31 19500
19489.15 19500
20824.12 20900
36289.46 36300
35161.01 35200
36821.27 36900
38721.40 38800
36519.52 36600
35259.81 35300
35431.52 35500
11610.74 11700
15104.10 15200
17530.90 17600
26235.59 26300
26176.39 26200
26929.82 27000
24721.26 24800
24913.36 25000
24981.03 25000
11125.34 11200
13668.93 13700
23046.66 23100
34140.89 34200
33690.58 33700
36205.18 36300
34526.19 34600
34483.79 34500
34076.45 34100
34029.69 34100
34377.05 34400
8855.23 8900
15677.66 15700
22164.07 22200
24591.60 24600
25927.89 26000
27654.76 27700
25906.17 26000
26415.62 26500
25520.56 25600
13743.56 13800
35993.73 36000
37050.55 37100
34443.94 34500
34888.77 34900
36132.43 36200
34420.04 34500
34514.28 34600
35726.08 35800
34505.19 34600
11781.51 11800
14763.22 14800
15150.53 15200
24584.70 24600
27374.97 27400
27924.36 28000
29392.10 29400
28912.81 29000
27962.38 28000
26415.34 26500
31856.37 31900
35490.91 35500
37161.34 37200
37315.33 37400
39951.55 40000
37167.77 37200
36161.60 36200
38050.69 38100
36350.36 36400
36289.03 36300
36221.08 36300
16805.82 16900
25042.54 25100
27854.18 27900
32693.20 32700
32924.91 33000
34254.70 34300
33174.76 33200
36208.79 36300
35022.34 35100
34049.46 34100
35659.93 35700
21948.39 22000
26906.47 27000
29088.69 29100
28281.42 28300
27381.13 27400
27598.81 27600
26207.67 26300
27672.54 27700
27433.74 27500
27308.87 27400
26626.38 26700
564.95 600
660.88 700
608.76 700
572.09 600
639.02 700
521.43 600
702.97 800
640.09 700
527.57 600
687.83 700
547.27 600
635.97 700
541.12 600
602.75 700
589.96 600
563.12 600
689.75 700
594.98 600
507.96 600
676.36 700
520.33 600
614.16 700
615.94 700
476.80 500
693.72 700
551.24 600
683.91 700
511.26 600
695.97 700
616.88 700
504.94 600
576.92 600
609.01 700
535.75 600
636.04 700
612.42 700
544.59 600
19968.87 20000
22485.83 22500
24621.08 24700
26425.40 26500
27259.57 27300
27874.99 27900
27125.34 27200
26649.12 26700
27402.28 27500
27291.82 27300
26613.65 26700
27720.17 27800
31105.34 31200
31418.77 31500
33905.97 34000
34489.07 34500
35208.90 35300
36887.94 36900
36764.06 36800
36941.22 37000
35324.66 35400
37121.80 37200
36588.39 36600
36645.53 36700
36148.58 36200
14160.33 14200
14911.88 15000
16786.42 16800
24336.65 24400
24657.35 24700
24986.93 25000
25519.66 25600
26631.60 26700
26371.32 26400
24948.64 25000
25011.68 25100
25811.62 25900
32111.64 32200
33894.49 33900
33683.35 33700
34711.59 34800
34890.04 34900
36301.62 36400
35144.41 35200
34848.51 34900
35360.25 35400
34276.33 34300
34245.44 34300
33769.58 33800
34738.22 34800
2457.34 2500
19786.88 19800
21694.10 21700
23727.57 23800
25472.40 25500
25761.54 25800
25619.36 25700
26240.59 26300
26740.38 26800
26445.26 26500
27039.08 27100
26334.58 26400
26314.42 26400
26280.36 26300
22264.92 22300
26790.41 26800
28707.27 28800
34556.15 34600
35842.44 35900
36682.85 36700
34941.44 35000
37401.49 37500
35728.34 35800
36200.84 36300
35200.43 35300
35169.15 35200
35632.44 35700
13551.92 13600
15676.11 15700
20912.38 21000
23672.75 23700
25977.78 26000
27601.16 27700
27672.78 27700
28630.12 28700
27683.49 27700
27021.71 27100
26923.03 27000
26708.99 26800
28847.47 28900
34302.28 34400
35948.60 36000
36233.70 36300
37508.92 37600
36795.76 36800
37573.92 37600
37901.85 38000
37542.17 37600
37708.27 37800
36954.86 37000
36378.09 36400
36618.29 36700
37452.17 37500
9757.64 9800
17298.84 17300
17586.57 17600
26189.82 26200
28661.46 28700
34687.36 34700
34770.78 34800
35202.89 35300
34575.05 34600
35490.94 35500
35155.71 35200
35342.16 35400
36759.01 36800
12135.19 12200
14949.77 15000
24749.51 24800
26839.21 26900
27436.32 27500
28012.63 28100
28108.80 28200
26674.74 26700
28061.37 28100
27160.03 27200
26587.91 26600
26708.18 26800
26501.92 26600
569.83 600
770.81 800
500.17 600
696.14 700
534.31 600
642.22 700
519.11 600
603.13 700
596.72 600
623.08 700
579.21 600
531.82 600
558.37 600
536.03 600
619.58 700
625.61 700
590.52 600
491.35 500
611.10 700
510.45 600
583.81 600
439.20 500
635.54 700
564.76 600
560.11 600
557.07 600
621.57 700
461.13 500
465.07 500
497.66 500
663.26 700
506.95 600
448.03 500
570.09 600
668.87 700
516.64 600
13300.01 13400
14655.61 14700
17504.15 17600
25021.53 25100
25756.33 25800
27251.11 27300
27298.59 27300
26899.75 26900
24602.62 24700
26022.51 26100
26680.47 26700
26028.40 26100
28715.28 28800
27913.95 28000
26829.10 26900
26406.70 26500
26036.76 26100
26632.37 26700
19139.02 19200
21181.29 21200
26249.07 26300
32984.80 33000
33532.23 33600
34373.83 34400
35244.48 35300
35967.53 36000
35844.34 35900
36345.96 36400
38004.84 38100
36789.88 36800
35642.87 35700
35841.91 35900
36318.86 36400
35615.19 35700
35444.41 35500
35559.54 35600
35506.78 35600
5528.74 5600
12643.53 12700
17597.18 17600
17959.37 18000
25060.77 25100
26100.29 26200
26040.94 26100
26555.51 26600
25688.61 25700
25521.74 25600
26019.18 26100
25744.67 25800
24335.71 24400
25962.75 26000
25520.54 25600
24771.36 24800
24523.31 24600
26734.03 26800
27728.10 27800
29789.87 29800
32038.35 32100
33196.16 33200
35325.42 35400
33967.53 34000
36172.98 36200
35977.70 36000
35707.07 35800
36026.40 36100
35079.56 35100
34209.59 34300
33971.56 34000
34808.11 34900
35553.01 35600
34318.24 34400
34182.58 34200
34215.35 34300
9160.47 9200
19158.13 19200
21418.02 21500
21592.77 21600
21983.81 22000
22395.81 22400
25545.26 25600
26790.19 26800
27374.27 27400
26360.65 26400
27565.00 27600
25216.84 25300
25336.58 25400
25451.93 25500
26310.77 26400
26071.60 26100
28436.47 28500
25836.01 25900
25636.45 25700
18284.47 18300
19822.08 19900
24120.05 24200
26131.09 26200
25902.66 26000
27262.19 27300
32848.83 32900
33734.23 33800
34324.41 34400
35184.45 35200
35290.91 35300
34813.63 34900
36220.53 36300
34163.73 34200
34333.52 34400
34262.65 34300
35316.19 35400
34497.74 34500
34610.59 34700
10982.62 11000
17915.45 18000
26124.13 26200
28024.83 28100
27051.06 27100
27617.10 27700
27322.38 27400
28759.48 28800
29005.23 29100
28136.77 28200
26248.49 26300
26605.22 26700
26851.32 26900
27708.39 27800
28225.30 28300
26773.88 26800
27221.73 27300
26443.70 26500
16187.57 16200
20706.60 20800
21557.84 21600
30355.59 30400
31343.05 31400
37221.16 37300
36692.16 36700
36594.71 36600
36058.24 36100
38915.54 39000
38196.36 38200
38004.04 38100
37896.71 37900
37507.51 37600
36434.22 36500
36603.44 36700
38486.58 38500
36152.47 36200
36210.22 36300
28244.10 28300
27653.68 27700
28094.36 28100
32949.15 33000
33594.10 33600
34863.90 34900
35784.09 35800
36250.37 36300
35685.02 35700
34964.87 35000
34458.00 34500
34911.93 35000
34766.57 34800
34225.51 34300
35188.99 35200
34494.10 34500
33809.33 33900
34050.92 34100
33976.28 34000
13766.50 13800
19041.19 19100
22850.23 22900
25595.94 25600
27057.77 27100
27749.98 27800
28725.62 28800
28079.71 28100
27496.60 27500
28468.28 28500
28623.61 28700
28254.92 28300
26898.02 26900
27030.33 27100
27061.87 27100
28308.66 28400
27883.65 27900
27917.55 28000
26697.08 26700
535.44 600
613.35 700
568.05 600
616.09 700
501.92 600
541.39 600
633.12 700
541.25 600
577.75 600
568.20 600
563.47 600
594.92 600
618.60 700
544.96 600
567.92 600
616.27 700
615.91 700
589.29 600
549.28 600
586.36 600
627.34 700
558.22 600
563.43 600
558.69 600
23212.81 23300
24387.29 24400
24927.35 25000
27326.49 27400
27205.21 27300
27892.88 27900
25986.39 26000
26393.04 26400
26181.19 26200
25767.52 25800
25836.21 25900
13625.52 13700
20290.19 20300
31943.71 32000
32812.09 32900
33706.76 33800
33762.40 33800
34282.51 34300
37037.20 37100
35479.29 35500
35891.34 35900
35199.67 35200
36615.44 36700
10577.30 10600
23160.34 23200
24528.59 24600
26227.46 26300
25945.51 26000
25164.17 25200
25088.24 25100
25335.11 25400
25940.42 26000
26003.96 26100
24679.41 24700
24849.69 24900
16812.94 16900
20544.42 20600
25546.66 25600
32547.75 32600
32498.18 32500
32644.13 32700
34471.05 34500
36088.48 36100
35274.75 35300
36096.50 36100
34350.27 34400
34548.04 34600
10210.18 10300
22060.53 22100
24876.84 24900
27048.12 27100
26254.91 26300
26243.94 26300
25614.59 25700
25619.24 25700
25875.96 25900
25665.40 25700
25247.84 25300
16053.31 16100
19798.81 19800
31674.82 31700
32322.91 32400
35676.39 35700
34119.20 34200
34359.23 34400
35929.70 36000
34847.34 34900
34709.57 34800
34277.49 34300
34435.64 34500
10618.49 10700
24280.38 24300
25744.48 25800
27184.44 27200
28289.78 28300
27869.15 27900
27248.82 27300
28154.51 28200
27152.28 27200
28076.76 28100
26664.29 26700
26772.56 26800
19527.63 19600
28946.64 29000
34849.49 34900
36577.31 36600
37957.34 38000
38168.56 38200
37373.71 37400
37187.06 37200
37084.07 37100
38776.09 38800
37351.04 37400
36278.90 36300
17882.87 17900
24706.89 24800
32221.71 32300
33826.49 33900
34931.92 35000
35234.88 35300
34396.74 34400
35394.18 35400
35885.83 35900
35467.32 35500
34192.78 34200
34310.37 34400
7457.20 7500
24581.00 24600
25332.91 25400
26407.29 26500
27985.14 28000
28401.69 28500
28763.01 28800
26752.64 26800
26549.57 26600
27349.38 27400
26579.46 26600
27065.71 27100
27433.00 27500
592.45 600
643.04 700
710.56 800
600.16 700
531.74 600
624.88 700
600.30 700
740.99 800
675.50 700
652.84 700
573.60 600
655.58 700
688.22 700
526.12 600
522.52 600
618.27 700
581.71 600
679.21 700
577.28 600
739.12 800
623.33 700
522.28 600
673.67 700
652.24 700
624.50 700
597.66 600
613.89 700
533.15 600
647.22 700
18595.35 18600
21742.71 21800
24943.35 25000
24931.85 25000
26560.07 26600
26959.66 27000
26917.99 27000
26252.87 26300
26750.85 26800
11204.15 11300
24367.82 24400
34663.81 34700
36632.73 36700
36037.19 36100
35881.00 35900
36276.11 36300
35411.61 35500
35619.61 35700
17438.56 17500
24700.95 24800
25373.12 25400
25455.49 25500
25251.91 25300
25841.47 25900
25591.37 25600
24684.47 24700
24689.93 24700
17865.97 17900
32441.64 32500
32426.39 32500
33062.46 33100
34672.57 34700
34723.73 34800
35665.68 35700
35876.18 35900
34690.49 34700
13809.74 13900
16798.48 16800
20995.66 21000
26336.44 26400
25725.78 25800
25732.85 25800
25597.39 25600
25895.58 25900
34100.49 34200
34865.24 34900
35447.01 35500
33997.86 34000
38051.87 38100
36290.32 36300
34347.82 34400
34183.13 34200
34998.98 35000
11155.99 11200
22579.06 22600
24850.55 24900
27063.47 27100
27154.49 27200
26666.28 26700
27646.37 27700
27438.35 27500
27477.31 27500
37719.85 37800
38144.00 38200
36688.45 36700
37465.65 37500
37788.53 37800
36874.15 36900
37316.87 37400
38301.90 38400
36119.34 36200
24744.07 24800
30547.77 30600
31589.84 31600
32846.69 32900
35721.64 35800
36572.69 36600
35170.76 35200
34962.29 35000
35634.99 35700
27217.39 27300
28668.39 28700
28664.93 28700
28092.68 28100
27963.77 28000
26614.12 26700
27358.13 27400
27254.38 27300
27517.87 27600
469.23 500
484.05 500
530.96 600
459.90 500
432.19 500
4325.87 4400
5083.54 5100
5937.47 6000
14904.74 15000
15845.48 15900
22642.09 22700
25743.12 25800
27142.57 27200
27297.55 27300
26993.74 27000
26770.74 26800
26856.26 26900
27661.65 27700
27373.13 27400
28340.74 28400
26454.52 26500
27020.81 27100
27474.99 27500
25263.01 25300
32356.17 32400
33918.41 34000
34015.62 34100
34985.79 35000
35328.50 35400
36655.98 36700
36480.80 36500
37647.78 37700
36737.61 36800
36618.86 36700
35381.40 35400
37625.81 37700
36122.95 36200
35533.21 35600
6783.94 6800
13574.66 13600
19864.21 19900
20564.02 20600
25054.96 25100
26439.67 26500
26356.84 26400
24198.41 24200
26237.37 26300
25821.84 25900
26457.67 26500
25629.19 25700
24499.91 24500
26127.77 26200
26078.63 26100
25706.44 25800
18420.50 18500
30530.70 30600
32195.50 32200
32828.13 32900
34678.40 34700
35475.74 35500
35416.21 35500
34377.14 34400
35695.31 35700
37208.93 37300
34379.59 34400
34879.46 34900
36435.71 36500
36410.67 36500
35289.03 35300
4467.59 4500
5735.88 5800
10389.32 10400
13012.69 13100
15999.15 16000
25491.70 25500
24635.73 24700
21242.05 21300
27072.05 27100
26549.26 26600
26723.98 26800
26476.70 26500
25731.58 25800
27280.04 27300
25446.48 25500
26467.27 26500
26141.61 26200
24435.76 24500
31792.45 31800
33227.03 33300
34939.18 35000
35151.82 35200
35875.65 35900
34880.57 34900
35512.74 35600
35012.28 35100
34850.95 34900
35811.43 35900
35666.34 35700
34255.98 34300
34726.88 34800
34480.10 34500
17138.96 17200
20994.37 21000
24425.13 24500
26211.87 26300
27779.85 27800
27949.08 28000
27341.64 27400
27778.97 27800
27499.78 27500
26743.62 26800
27971.80 28000
27751.32 27800
27873.79 27900
27272.57 27300
26776.35 26800
35000.10 35100
37208.50 37300
37091.47 37100
37265.89 37300
37437.18 37500
38085.63 38100
36239.34 36300
37695.55 37700
38682.36 38700
38577.77 38600
36460.50 36500
36140.07 36200
37976.99 38000
38012.08 38100
36908.06 37000
32580.48 32600
32426.96 32500
34115.75 34200
33645.10 33700
33525.82 33600
34805.91 34900
35039.45 35100
36504.00 36600
35203.10 35300
35080.05 35100
36671.91 36700
35789.27 35800
35192.68 35200
34888.26 34900
36167.55 36200
24478.99 24500
24684.84 24700
25754.69 25800
26979.47 27000
27973.92 28000
27599.02 27600
26510.70 26600
27500.96 27600
28198.08 28200
29170.83 29200
27448.56 27500
27585.76 27600
27763.15 27800
27482.69 27500
27653.53 27700
16189.32 16200
21666.26 21700
26540.06 26600
27140.02 27200
26028.54 26100
26607.44 26700
25777.41 25800
26674.96 26700
26347.51 26400
25158.09 25200
25984.70 26000
27887.65 27900
25240.71 25300
26196.72 26200
20656.34 20700
32500.88 32600
34370.04 34400
35384.98 35400
37688.96 37700
38473.60 38500
35894.28 35900
36740.87 36800
37499.08 37500
37886.00 37900
36405.41 36500
36627.35 36700
35411.48 35500
36036.24 36100
12524.03 12600
18914.83 19000
24277.51 24300
23846.80 23900
25401.37 25500
25296.66 25300
25034.33 25100
26743.95 26800
27235.01 27300
26214.79 26300
25489.11 25500
24738.77 24800
24317.06 24400
24492.38 24500
24847.73 24900
30035.37 30100
32611.16 32700
35038.81 35100
34717.23 34800
35915.82 36000
36259.60 36300
34832.48 34900
34396.92 34400
35221.69 35300
35777.87 35800
35478.88 35500
34319.08 34400
34849.03 34900
15149.55 15200
20357.34 20400
24699.46 24700
24932.60 25000
27426.59 27500
26046.24 26100
26188.21 26200
26952.39 27000
28339.62 28400
25710.63 25800
26359.08 26400
25349.71 25400
25549.09 25600
22023.24 22100
21444.15 21500
28495.83 28500
29752.14 29800
36005.81 36100
36859.34 36900
36627.54 36700
35683.48 35700
34986.58 35000
37359.45 37400
35001.45 35100
34697.46 34700
34192.91 34200
35857.67 35900
17550.30 17600
17948.36 18000
25522.80 25600
25343.43 25400
26104.15 26200
26784.61 26800
27664.79 27700
28768.31 28800
29549.32 29600
28530.28 28600
26997.33 27000
26218.22 26300
26706.89 26800
34364.82 34400
35806.45 35900
37245.60 37300
37634.39 37700
38360.10 38400
37359.13 37400
37970.31 38000
36425.59 36500
37486.04 37500
37138.16 37200
36416.49 36500
38147.42 38200
36831.18 36900
36370.95 36400
18599.95 18600
28863.76 28900
33205.34 33300
34049.04 34100
35143.34 35200
34293.67 34300
35323.41 35400
35907.32 36000
34839.65 34900
36435.68 36500
34134.98 34200
34240.66 34300
35656.84 35700
36445.75 36500
12139.74 12200
25574.17 25600
25812.77 25900
27219.40 27300
27592.90 27600
28099.41 28100
26648.66 26700
27638.35 27700
27093.13 27100
27865.34 27900
28172.86 28200
28919.80 29000
28461.23 28500
660.56 700
559.40 600
571.10 600
610.83 700
638.18 700
639.39 700
602.32 700
593.13 600
650.80 700
571.84 600
644.95 700
631.52 700
544.12 600
629.22 700
602.43 700
567.12 600
691.35 700
599.65 600
537.59 600
662.54 700
592.42 600
571.05 600
600.72 700
593.71 600
714.66 800
575.12 600
507.35 600
589.12 600
685.63 700
651.03 700
6543.73 6600
6715.03 6800
21133.50 21200
23777.77 23800
25905.54 26000
27139.72 27200
26945.89 27000
28238.38 28300
26886.44 26900
25734.63 25800
27500.17 27600
31784.79 31800
35183.15 35200
37121.82 37200
36267.46 36300
36751.16 36800
35739.13 35800
38585.13 38600
36368.21 36400
36324.54 36400
3784.99 3800
13162.06 13200
22996.71 23000
26046.80 26100
26647.11 26700
25941.20 26000
26100.50 26200
26632.57 26700
24379.26 24400
25453.79 25500
27873.70 27900
34490.19 34500
35123.43 35200
35555.98 35600
35445.13 35500
33123.86 33200
36478.49 36500
36110.32 36200
34743.06 34800
25130.56 25200
26132.56 26200
26452.48 26500
26455.92 26500
27627.94 27700
26688.25 26700
27256.87 27300
25661.62 25700
25619.81 25700
13712.70 13800
21318.85 21400
33555.30 33600
34614.66 34700
34749.69 34800
35458.11 35500
36276.47 36300
36034.71 36100
36402.37 36500
21985.64 22000
25708.52 25800
26778.58 26800
27743.34 27800
28294.04 28300
27930.79 28000
27830.84 27900
26951.60 27000
17376.16 17400
34066.38 34100
34944.40 35000
37147.96 37200
36652.14 36700
37954.31 38000
35973.19 36000
37762.39 37800
37286.97 37300
6843.08 6900
20299.56 20300
32003.89 32100
33638.75 33700
33898.96 33900
34352.73 34400
35267.17 35300
35837.77 35900
35081.29 35100
34047.92 34100
12613.39 12700
25235.36 25300
26609.98 26700
27115.18 27200
29100.34 29200
28698.13 28700
27972.63 28000
27202.47 27300
26927.59 27000
472.90 500
533.40 600
460.58 500
601.64 700
578.09 600
645.66 700
585.86 600
495.50 500
593.46 600
616.00 700
575.99 600
641.19 700
606.20 700
625.46 700
587.49 600
645.02 700
580.89 600
542.12 600
559.35 600
583.63 600
532.24 600
647.82 700
502.24 600
571.95 600
615.54 700
594.23 600
627.01 700
3542.03 3600
5464.53 5500
20895.26 20900
21640.68 21700
26025.22 26100
26758.07 26800
28060.26 28100
26972.50 27000
27441.31 27500
26205.72 26300
26750.58 26800
26976.06 27000
26746.35 26800
26379.06 26400
27090.10 27100
25949.48 26000
28655.88 28700
25351.21 25400
27288.16 27300
26129.83 26200
19811.85 19900
22726.97 22800
29729.85 29800
30487.37 30500
35772.82 35800
36334.54 36400
36605.14 36700
37700.49 37800
37391.52 37400
37390.48 37400
37569.63 37600
37335.21 37400
37478.51 37500
36320.44 36400
37634.44 37700
36604.83 36700
34853.92 34900
36043.19 36100
35138.15 35200
36093.95 36100
7617.96 7700
13530.49 13600
22997.60 23000
23908.05 24000
24068.03 24100
25087.45 25100
25010.23 25100
26482.20 26500
25807.29 25900
26890.30 26900
25757.86 25800
24215.14 24300
24129.60 24200
26102.01 26200
27437.37 27500
27610.01 27700
25574.14 25600
25264.98 25300
25843.38 25900
20862.62 20900
23922.94 24000
29142.50 29200
32178.82 32200
33833.80 33900
35521.31 35600
34412.84 34500
35277.92 35300
36113.60 36200
34615.08 34700
35197.90 35200
35339.56 35400
35151.53 35200
33582.77 33600
34176.50 34200
35391.41 35400
35386.02 35400
36699.36 36700
34126.46 34200
34476.86 34500
18821.35 18900
20128.31 20200
21485.17 21500
23353.83 23400
23086.19 23100
25262.11 25300
26056.31 26100
26900.88 27000
26482.69 26500
26785.77 26800
25962.98 26000
26024.48 26100
26454.90 26500
24976.70 25000
25460.37 25500
25276.19 25300
25909.93 26000
25126.66 25200
24908.79 25000
26846.09 26900
27685.71 27700
29757.38 29800
30955.94 31000
33241.13 33300
33349.52 33400
33570.92 33600
34729.90 34800
36283.15 36300
35969.07 36000
36957.87 37000
35133.21 35200
35042.21 35100
36713.19 36800
36583.98 36600
35704.64 35800
34988.32 35000
34429.43 34500
35071.02 35100
34973.73 35000
34566.26 34600
18143.71 18200
22487.81 22500
23572.40 23600
26527.27 26600
26107.78 26200
28914.94 29000
28861.99 28900
29186.47 29200
28712.35 28800
28475.71 28500
27344.83 27400
28811.38 28900
27289.37 27300
27206.77 27300
29058.62 29100
27678.08 27700
27172.88 27200
26551.07 26600
26477.85 26500
27907.59 28000
23889.81 23900
28536.66 28600
29397.28 29400
30996.69 31000
33664.56 33700
34552.09 34600
34996.30 35000
35437.96 35500
37265.13 37300
37128.16 37200
37512.44 37600
38571.36 38600
36237.94 36300
37217.68 37300
36504.43 36600
38835.62 38900
38559.13 38600
36998.13 37000
36502.62 36600
38761.46 38800
6870.36 6900
29103.29 29200
29817.74 29900
33616.95 33700
35270.45 35300
35079.98 35100
35313.54 35400
34616.44 34700
34253.18 34300
36970.15 37000
36541.99 36600
35938.46 36000
33891.34 33900
35228.64 35300
34601.33 34700
34527.46 34600
34316.06 34400
33816.53 33900
34581.81 34600
35229.06 35300
34410.74 34500
17359.71 17400
19347.03 19400
24361.92 24400
25198.75 25200
26404.58 26500
26900.82 27000
26108.83 26200
27109.23 27200
27909.34 28000
26809.30 26900
28147.58 28200
28548.75 28600
27765.63 27800
28344.78 28400
27532.53 27600
27492.60 27500
27382.40 27400
27981.51 28000
26329.35 26400
27298.77 27300
11539.16 11600
21110.03 21200
22399.51 22400
26019.23 26100
27413.75 27500
26034.88 26100
26800.28 26900
27264.41 27300
27493.43 27500
28044.67 28100
27589.85 27600
28005.13 28100
35606.61 35700
35276.88 35300
36264.63 36300
36639.20 36700
36265.41 36300
35317.43 35400
35889.65 35900
35460.06 35500
9740.88 9800
20506.41 20600
25133.05 25200
24806.18 24900
26190.63 26200
25567.65 25600
25801.29 25900
24790.69 24800
24894.67 24900
31502.54 31600
35510.59 35600
35171.93 35200
35050.15 35100
36449.46 36500
36144.05 36200
34648.07 34700
34277.37 34300
36559.15 36600
34333.99 34400
15631.82 15700
16865.32 16900
21873.63 21900
23711.22 23800
23592.70 23600
25008.76 25100
26686.09 26700
26686.98 26700
25810.99 25900
25763.69 25800
29183.80 29200
36496.42 36500
36929.33 37000
35457.66 35500
35203.02 35300
34617.19 34700
34689.33 34700
36738.73 36800
35498.14 35500
34537.33 34600
17475.88 17500
17839.13 17900
17910.24 18000
21648.01 21700
24368.88 24400
24041.32 24100
26849.17 26900
27999.91 28000
27887.75 27900
27427.08 27500
30458.76 30500
37052.83 37100
36459.56 36500
35619.30 35700
36915.85 37000
38216.23 38300
37041.46 37100
36622.21 36700
36529.85 36600
36943.14 37000
18101.12 18200
29802.76 29900
32340.67 32400
34063.58 34100
34612.98 34700
36127.80 36200
35128.37 35200
35598.16 35600
36081.71 36100
34160.32 34200
28387.09 28400
27532.45 27600
29531.61 29600
27797.38 27800
27528.19 27600
27566.36 27600
27424.37 27500
27892.88 27900
26532.58 26600
26742.65 26800
630.46 700
569.05 600
613.36 700
629.07 700
558.93 600
527.28 600
569.31 600
13712.41 13800
22576.21 22600
24833.65 24900
25051.52 25100
24540.74 24600
25742.78 25800
26457.02 26500
25843.80 25900
26289.24 26300
25482.33 25500
26780.36 26800
25851.80 25900
26679.89 26700
26052.68 26100
26574.87 26600
26268.73 26300
25731.52 25800
23924.04 24000
28009.22 28100
28735.52 28800
36999.32 37000
36440.15 36500
36648.71 36700
36652.66 36700
35623.98 35700
38102.34 38200
36377.37 36400
36159.44 36200
35983.01 36000
36588.98 36600
35123.51 35200
36218.86 36300
36007.26 36100
36999.14 37000
18624.04 18700
21944.40 22000
22945.94 23000
23569.15 23600
25463.24 25500
26089.47 26100
25355.70 25400
27070.44 27100
26638.24 26700
25277.85 25300
25881.62 25900
25828.98 25900
24952.27 25000
25115.27 25200
26821.91 26900
24441.93 24500
24853.15 24900
22844.41 22900
24795.18 24800
25930.59 26000
31716.67 31800
34204.13 34300
35356.99 35400
35509.02 35600
34815.22 34900
34760.74 34800
37050.39 37100
36145.27 36200
35424.89 35500
35208.49 35300
35472.37 35500
35203.36 35300
35383.56 35400
35045.64 35100
3688.85 3700
9799.70 9800
11450.49 11500
13960.95 14000
25556.43 25600
25865.34 25900
26471.84 26500
24953.07 25000
27217.85 27300
26638.94 26700
25696.51 25700
25744.50 25800
27185.21 27200
25134.21 25200
25560.53 25600
25849.98 25900
25384.58 25400
25262.30 25300
17522.01 17600
27464.67 27500
28313.90 28400
28943.77 29000
33315.27 33400
34073.58 34100
34967.15 35000
35330.26 35400
34984.25 35000
36295.97 36300
35504.95 35600
35791.70 35800
35505.33 35600
34280.77 34300
36108.09 36200
34587.64 34600
34679.15 34700
7302.75 7400
17455.52 17500
24139.04 24200
25030.35 25100
26314.99 26400
27705.15 27800
27682.98 27700
28029.77 28100
28780.45 28800
27636.93 27700
27255.58 27300
26453.22 26500
27557.39 27600
26168.40 26200
27763.48 27800
27236.83 27300
26530.88 26600
27452.14 27500
10665.63 10700
28845.52 28900
29294.08 29300
33467.88 33500
35032.80 35100
38210.18 38300
37419.16 37500
35962.00 36000
38046.86 38100
38795.73 38800
36866.36 36900
37652.89 37700
37850.19 37900
38266.19 38300
37416.74 37500
36756.44 36800
39110.10 39200
19357.91 19400
20762.83 20800
27978.43 28000
32433.68 32500
35090.85 35100
34869.90 34900
35478.12 35500
36858.76 36900
36364.85 36400
35626.21 35700
35748.86 35800
34368.76 34400
34338.20 34400
34238.02 34300
37040.33 37100
34991.11 35000
3002.94 3100
15042.47 15100
21844.94 21900
22775.60 22800
26224.54 26300
26816.38 26900
27940.59 28000
27658.63 27700
27386.60 27400
27995.08 28000
29105.75 29200
28552.48 28600
28005.59 28100
26887.96 26900
27547.65 27600
26487.17 26500
26704.75 26800
4261.91 4300
12369.79 12400
20331.75 20400
21716.69 21800
23466.96 23500
25348.32 25400
26270.57 26300
27536.94 27600
27103.85 27200
25616.41 25700
25732.23 25800
26003.37 26100
10527.80 10600
28087.33 28100
35752.16 35800
36600.47 36700
37848.20 37900
36284.50 36300
37026.42 37100
35687.93 35700
36120.67 36200
36207.26 36300
35518.73 35600
5880.03 5900
6626.16 6700
22875.70 22900
24696.87 24700
20647.59 20700
25054.00 25100
25804.87 25900
25400.60 25500
26180.31 26200
25841.84 25900
26208.25 26300
26447.15 26500
25144.39 25200
25355.53 25400
26448.94 26500
31479.68 31500
35509.37 35600
35514.27 35600
34701.06 34800
34369.58 34400
36150.61 36200
35948.00 36000
34920.54 35000
35463.69 35500
23465.42 23500
23643.83 23700
24948.58 25000
25768.08 25800
27741.62 27800
25808.21 25900
24998.95 25000
26296.40 26300
27311.33 27400
25439.47 25500
26320.49 26400
14935.10 15000
26122.28 26200
28877.18 28900
32446.10 32500
32348.80 32400
34825.10 34900
36042.19 36100
35894.36 35900
35618.08 35700
34927.15 35000
35991.13 36000
4976.08 5000
14586.25 14600
24864.46 24900
26776.36 26800
28948.43 29000
28588.66 28600
28523.03 28600
25972.56 26000
27043.60 27100
26310.61 26400
27937.37 28000
27253.53 27300
20290.68 20300
25434.40 25500
33079.28 33100
33524.21 33600
37340.03 37400
38178.20 38200
39007.76 39100
37965.11 38000
37324.83 37400
38042.79 38100
36415.02 36500
8258.27 8300
21577.97 21600
32462.44 32500
34857.69 34900
33714.08 33800
36330.40 36400
34912.31 35000
33928.41 34000
34076.22 34100
35005.58 35100
34197.46 34200
35330.85 35400
7261.57 7300
10821.46 10900
14925.63 15000
23184.40 23200
26612.89 26700
28959.35 29000
27836.97 27900
28933.72 29000
27903.53 28000
27197.76 27200
27686.80 27700
26835.49 26900
506.13 600
445.24 500
561.10 600
485.31 500
510.39 600
436.68 500
496.18 500
499.06 500
532.01 600
471.01 500
430.98 500
15750.28 15800
24688.04 24700
25301.24 25400
26031.32 26100
27963.87 28000
25069.51 25100
27658.72 27700
27565.51 27600
26117.50 26200
25301.21 25400
26393.41 26400
26384.18 26400
25719.76 25800
26530.75 26600
13470.18 13500
21884.26 21900
30559.12 30600
31963.26 32000
35270.75 35300
35216.38 35300
36676.80 36700
37200.52 37300
37468.55 37500
35799.81 35800
34989.41 35000
36343.48 36400
38091.62 38100
37921.50 38000
35259.91 35300
9001.13 9100
17953.82 18000
20970.44 21000
23901.66 24000
23647.53 23700
25293.78 25300
25428.46 25500
25358.97 25400
25098.61 25100
24092.08 24100
25186.38 25200
24835.10 24900
24470.67 24500
24555.91 24600
25017.17 25100
12145.92 12200
23114.67 23200
28281.33 28300
28923.74 29000
29989.41 30000
32719.95 32800
34968.14 35000
36245.20 36300
35542.23 35600
35360.89 35400
34992.08 35000
33834.71 33900
33872.23 33900
35044.34 35100
35727.49 35800
4000.00 4000
13944.58 14000
24900.05 25000
26655.61 26700
26712.49 26800
26844.02 26900
26926.11 27000
25760.38 25800
25988.63 26000
25773.21 25800
27551.56 27600
25891.89 25900
25407.80 25500
16437.53 16500
20400.73 20500
28150.82 28200
29227.91 29300
34170.31 34200
34314.11 34400
35433.61 35500
36199.71 36200
36668.22 36700
35565.66 35600
34392.52 34400
36836.91 36900
34228.06 34300
34369.18 34400
34560.69 34600
7967.65 8000
19458.47 19500
22027.06 22100
23206.17 23300
23858.67 23900
25760.93 25800
26507.07 26600
27969.29 28000
28726.13 28800
27454.74 27500
27290.47 27300
26119.21 26200
26275.24 26300
26823.65 26900
26919.78 27000
26780.28 26800
14143.58 14200
21886.89 21900
21546.60 21600
31989.41 32000
36617.04 36700
38202.25 38300
36764.19 36800
38326.34 38400
36370.12 36400
36756.50 36800
36924.69 37000
38108.50 38200
38796.52 38800
36733.53 36800
36692.03 36700
26362.70 26400
28123.37 28200
29662.64 29700
29416.68 29500
31654.89 31700
32027.76 32100
34307.07 34400
37182.90 37200
35447.59 35500
34835.39 34900
36193.78 36200
33690.26 33700
33981.27 34000
34180.72 34200
34699.54 34700
4760.20 4800
13961.79 14000
23439.66 23500
25295.96 25300
27180.86 27200
27135.11 27200
27856.61 27900
28104.09 28200
27401.24 27500
28394.22 28400
27040.63 27100
26825.78 26900
27087.54 27100
27719.93 27800
26680.87 26700
26815.25 26900
636.16 700
650.01 700
647.08 700
601.53 700
647.73 700
492.35 500
702.66 800
589.44 600
558.89 600
539.68 600
644.16 700
572.01 600
506.37 600
638.06 700
482.56 500
443.17 500
423.00 500
581.78 600
658.85 700
594.39 600
548.27 600
336.05 400
6304.36 6400
18669.68 18700
21931.94 22000
26894.83 26900
26282.08 26300
26478.45 26500
26744.59 26800
28371.84 28400
26102.24 26200
25870.69 25900
28549.46 28600
26041.17 26100
26875.39 26900
25733.04 25800
27086.55 27100
26536.27 26600
26771.72 26800
27863.20 27900
29580.21 29600
30949.71 31000
34138.37 34200
35206.44 35300
36900.28 37000
37175.79 37200
36861.44 36900
36509.62 36600
37896.31 37900
36479.50 36500
36532.78 36600
35699.91 35700
36167.46 36200
5647.67 5700
16550.74 16600
23808.16 23900
25238.25 25300
25278.55 25300
25553.31 25600
25253.51 25300
25214.07 25300
24528.57 24600
27015.93 27100
26150.54 26200
26496.77 26500
27120.45 27200
25369.60 25400
25347.89 25400
13747.88 13800
21005.86 21100
31380.33 31400
31734.24 31800
32731.76 32800
35294.99 35300
34435.64 34500
35264.02 35300
36072.14 36100
35280.93 35300
35795.37 35800
34493.32 34500
35948.31 36000
35881.38 35900
34190.48 34200
5765.56 5800
17459.05 17500
17483.97 17500
24018.07 24100
26957.33 27000
26371.76 26400
27003.49 27100
25869.42 25900
25260.76 25300
26970.07 27000
25315.95 25400
26380.16 26400
26274.87 26300
25739.95 25800
24989.74 25000
28464.92 28500
32201.46 32300
33085.19 33100
33811.77 33900
35450.20 35500
36744.62 36800
35698.04 35700
35551.82 35600
37665.95 37700
35821.62 35900
37235.04 37300
34392.50 34400
34682.21 34700
34722.58 34800
34252.76 34300
20969.84 21000
23870.53 23900
24633.22 24700
26216.44 26300
27213.75 27300
28039.36 28100
28886.14 28900
29005.79 29100
28284.58 28300
28136.73 28200
26974.00 27000
28495.30 28500
27665.76 27700
27266.03 27300
27933.78 28000
31017.94 31100
30737.33 30800
33975.50 34000
36025.48 36100
38113.14 38200
36599.05 36600
38174.52 38200
38945.78 39000
37248.77 37300
37762.55 37800
38711.95 38800
36412.35 36500
37718.10 37800
37134.68 37200
37894.84 37900
19955.22 20000
21996.49 22000
21980.92 22000
34216.55 34300
34885.42 34900
35333.19 35400
35522.69 35600
35071.62 35100
35538.11 35600
34898.18 34900
36057.17 36100
35396.71 35400
34663.49 34700
35150.30 35200
34918.97 35000
3375.80 3400
8495.14 8500
15291.45 15300
15618.26 15700
27572.05 27600
26574.96 26600
27740.60 27800
28068.08 28100
27929.93 28000
27866.79 27900
28780.21 28800
26592.40 26600
28404.75 28500
26665.78 26700
28902.72 29000
533.64 600
16810.10 16900
18599.46 18600
19217.21 19300
20310.23 20400
25448.07 25500
26466.92 26500
26619.53 26700
27413.50 27500
27642.26 27700
27631.11 27700
26791.33 26800
27921.85 28000
25623.04 25700
26895.39 26900
26766.56 26800
26894.22 26900
26267.51 26300
25739.60 25800
25908.26 26000
10910.55 11000
15302.59 15400
21086.36 21100
29037.33 29100
31787.51 31800
36258.20 36300
38060.11 38100
37178.77 37200
37551.02 37600
37671.37 37700
37987.29 38000
36688.72 36700
36521.99 36600
35387.96 35400
36601.02 36700
35333.31 35400
35497.87 35500
37511.82 37600
35736.07 35800
15397.58 15400
21043.38 21100
22056.39 22100
23169.88 23200
23245.08 23300
22858.41 22900
25800.42 25900
25799.19 25800
25973.49 26000
25162.92 25200
26061.53 26100
26701.38 26800
24430.26 24500
25214.41 25300
24936.36 25000
24353.66 24400
24668.05 24700
25405.16 25500
24730.01 24800
19848.30 19900
20892.09 20900
23149.81 23200
31458.47 31500
31998.45 32000
33654.80 33700
35844.38 35900
35647.27 35700
35326.54 35400
35635.72 35700
34352.52 34400
35545.81 35600
35470.46 35500
35921.65 36000
34512.24 34600
35213.75 35300
35465.71 35500
35555.39 35600
35184.62 35200
6278.48 6300
7417.97 7500
9788.88 9800
16027.24 16100
18017.45 18100
21482.00 21500
24937.42 25000
25480.19 25500
25862.49 25900
26958.04 27000
28119.28 28200
25140.21 25200
25497.36 25500
27092.36 27100
25134.09 25200
25714.03 25800
26028.98 26100
25227.55 25300
25047.41 25100
25306.86 25400
26106.45 26200
12021.32 12100
15619.75 15700
16354.09 16400
21375.24 21400
22325.49 22400
22451.93 22500
27484.61 27500
32569.35 32600
36200.94 36300
33723.12 33800
36201.27 36300
35213.04 35300
37008.95 37100
35841.68 35900
37278.16 37300
34923.61 35000
36113.88 36200
35034.21 35100
34676.67 34700
8493.16 8500
13537.25 13600
13425.88 13500
19220.66 19300
25798.34 25800
28192.09 28200
22595.14 22600
27544.49 27600
27800.04 27900
27543.05 27600
27532.84 27600
26441.10 26500
26862.10 26900
26707.60 26800
27734.03 27800
26483.52 26500
26821.04 26900
26504.18 26600
12067.71 12100
29896.15 29900
32085.23 32100
32679.28 32700
33592.04 33600
37396.55 37400
37586.09 37600
37142.35 37200
37484.67 37500
37462.06 37500
38257.44 38300
37870.48 37900
36933.40 37000
36678.25 36700
38038.18 38100
35952.95 36000
36235.26 36300
36295.76 36300
36141.06 36200
24213.98 24300
26762.27 26800
28066.45 28100
32727.29 32800
34550.69 34600
33962.70 34000
34198.18 34200
35334.66 35400
34519.82 34600
36398.52 36400
35593.64 35600
36505.71 36600
36787.39 36800
34482.09 34500
34776.50 34800
35797.55 35800
34508.12 34600
34891.87 34900
16186.27 16200
18805.77 18900
19456.36 19500
21614.98 21700
25580.42 25600
27045.93 27100
28165.51 28200
27465.89 27500
28181.60 28200
27511.04 27600
27505.18 27600
27888.18 27900
27493.21 27500
27039.73 27100
27528.70 27600
26904.46 27000
27280.61 27300
28164.55 28200
548.42 600
578.46 600
550.07 600
563.34 600
623.67 700
549.03 600
595.94 600
629.38 700
589.74 600
544.27 600
548.34 600
614.25 700
618.19 700
605.26 700
567.42 600
549.63 600
513.88 600
599.40 600
695.19 700
645.16 700
9504.02 9600
21092.45 21100
21499.62 21500
22944.24 23000
23842.96 23900
27599.19 27600
27962.92 28000
27221.46 27300
26258.28 26300
28154.87 28200
26127.27 26200
26267.38 26300
25318.61 25400
26224.49 26300
26284.34 26300
26311.89 26400
21915.45 22000
24521.33 24600
30901.79 31000
30731.25 30800
35534.61 35600
35819.03 35900
36230.27 36300
37146.85 37200
36520.36 36600
35700.13 35800
37474.50 37500
35788.66 35800
36206.59 36300
35907.83 36000
35087.69 35100
37017.07 37100
35500.30 35600
5979.81 6000
20175.79 20200
20798.81 20800
21860.38 21900
22889.22 22900
22733.17 22800
23155.70 23200
24538.24 24600
25576.86 25600
25606.86 25700
26859.62 26900
25874.81 25900
24373.92 24400
25015.59 25100
25472.90 25500
25468.58 25500
24645.09 24700
18988.83 19000
25399.85 25400
32630.48 32700
33356.20 33400
33931.74 34000
34897.94 34900
35217.59 35300
36263.84 36300
36328.58 36400
34093.03 34100
34539.83 34600
34082.94 34100
35038.97 35100
35431.02 35500
33940.98 34000
35680.39 35700
34434.60 34500
2959.06 3000
15846.09 15900
17508.33 17600
24327.27 24400
24170.90 24200
25368.75 25400
26302.74 26400
27306.95 27400
26147.80 26200
27081.34 27100
26528.10 26600
26350.83 26400
26407.17 26500
26132.56 26200
26248.67 26300
24917.53 25000
25779.95 25800
24570.22 24600
25343.39 25400
32367.03 32400
33081.14 33100
35948.74 36000
37426.09 37500
35611.50 35700
35470.56 35500
34630.04 34700
34860.11 34900
35355.43 35400
34325.90 34400
37412.87 37500
34684.91 34700
36613.01 36700
34836.43 34900
34128.59 34200
25473.32 25500
25464.67 25500
27432.51 27500
27167.46 27200
26725.88 26800
27414.17 27500
28505.29 28600
28175.24 28200
27925.88 28000
28246.54 28300
27018.47 27100
28500.11 28600
28784.53 28800
27439.80 27500
27457.87 27500
26377.27 26400
27235.88 27300
11302.94 11400
26520.04 26600
35587.92 35600
36342.35 36400
36633.35 36700
35405.59 35500
37574.05 37600
37672.65 37700
37834.36 37900
39072.59 39100
37177.18 37200
36903.39 37000
37374.10 37400
36153.12 36200
36713.92 36800
37787.32 37800
38978.87 39000
19741.76 19800
30334.19 30400
36183.48 36200
34676.67 34700
35655.81 35700
36217.01 36300
36004.55 36100
35737.55 35800
34908.98 35000
36469.14 36500
35059.96 35100
37892.49 37900
36095.39 36100
35173.39 35200
36548.21 36600
34277.33 34300
10472.19 10500
11256.99 11300
22710.02 22800
24345.81 24400
27419.41 27500
28116.76 28200
28326.18 28400
27371.16 27400
28290.52 28300
27221.41 27300
29961.05 30000
27435.77 27500
28049.84 28100
27927.18 28000
27108.00 27200
26518.66 26600
7747.27 7800
18063.55 18100
23572.19 23600
25342.93 25400
25666.32 25700
26980.63 27000
26167.72 26200
26386.32 26400
27710.00 27800
28277.98 28300
27955.06 28000
26975.97 27000
25353.94 25400
26993.31 27000
25730.58 25800
26289.41 26300
26409.63 26500
34889.38 34900
34581.40 34600
36703.70 36800
36102.69 36200
36030.69 36100
37133.98 37200
36166.23 36200
35944.68 36000
36570.16 36600
35403.10 35500
34615.96 34700
36361.82 36400
36483.27 36500
4036.91 4100
20273.89 20300
22737.74 22800
25901.78 26000
25473.12 25500
25401.94 25500
26121.34 26200
26921.45 27000
26513.27 26600
25957.34 26000
25206.80 25300
25397.34 25400
24497.78 24500
24669.91 24700
26698.34 26700
26604.43 26700
29727.32 29800
31882.38 31900
34076.37 34100
35146.66 35200
33512.37 33600
36324.05 36400
36027.86 36100
34627.06 34700
36213.83 36300
33778.67 33800
35501.79 35600
35713.19 35800
36705.70 36800
34907.12 35000
35361.44 35400
9666.06 9700
24602.11 24700
25259.70 25300
25761.87 25800
26275.54 26300
26065.47 26100
27549.64 27600
26215.02 26300
27550.88 27600
26466.22 26500
25327.38 25400
26271.83 26300
27460.59 27500
25473.88 25500
26160.59 26200
34506.44 34600
35043.38 35100
35278.72 35300
36098.79 36100
35968.60 36000
36367.47 36400
35957.29 36000
34609.27 34700
35761.21 35800
35901.03 36000
35012.85 35100
35386.07 35400
36626.41 36700
34344.79 34400
36156.69 36200
4616.29 4700
20081.53 20100
23940.19 24000
26449.09 26500
26822.60 26900
27732.98 27800
28350.09 28400
27173.31 27200
27570.24 27600
27457.73 27500
28582.42 28600
28632.84 28700
27828.55 27900
28822.74 28900
29392.13 29400
28133.31 28200
28984.24 29000
30272.05 30300
31230.59 31300
36610.89 36700
36588.09 36600
36843.52 36900
36772.97 36800
37935.67 38000
37969.64 38000
39892.62 39900
39073.22 39100
37729.14 37800
36862.04 36900
38342.14 38400
36828.73 36900
27657.85 27700
29462.08 29500
32882.76 32900
35006.95 35100
35764.34 35800
35487.51 35500
36078.52 36100
35578.91 35600
35111.76 35200
33989.79 34000
36236.61 36300
34480.93 34500
34369.75 34400
36112.63 36200
35779.44 35800
9703.54 9800
16200.60 16300
20017.01 20100
23096.15 23100
26269.39 26300
26444.77 26500
27305.88 27400
28742.88 28800
28468.53 28500
27696.54 27700
27342.53 27400
28196.32 28200
28886.17 28900
27199.19 27200
27193.54 27200
550.15 600
555.10 600
13107.54 13200
16377.92 16400
17215.36 17300
23061.01 23100
22952.34 23000
24265.97 24300
26121.89 26200
26971.30 27000
27089.95 27100
27000.20 27100
27349.69 27400
27760.06 27800
27076.29 27100
26380.40 26400
32521.82 32600
34458.77 34500
35948.99 36000
37144.66 37200
34757.17 34800
37202.03 37300
36423.92 36500
35824.12 35900
36425.20 36500
34867.30 34900
35317.28 35400
35543.79 35600
37531.36 37600
35342.24 35400
36336.58 36400
10602.33 10700
17518.54 17600
18811.52 18900
19275.70 19300
22885.55 22900
24029.73 24100
25284.55 25300
25944.66 26000
26631.80 26700
26717.27 26800
26752.77 26800
26201.80 26300
26847.99 26900
25395.48 25400
26229.22 26300
22873.44 22900
32284.94 32300
33839.28 33900
36413.24 36500
36761.96 36800
34534.92 34600
34887.37 34900
35974.01 36000
35427.99 35500
35036.08 35100
34511.00 34600
34352.74 34400
34931.60 35000
35737.10 35800
34861.21 34900
10360.81 10400
11318.48 11400
14275.96 14300
23741.98 23800
24093.36 24100
24858.50 24900
26627.68 26700
27072.14 27100
25921.87 26000
27833.51 27900
26037.23 26100
26999.64 27000
26484.02 26500
25886.95 25900
25153.30 25200
24705.50 24800
30818.48 30900
34148.22 34200
35194.84 35200
35426.87 35500
35734.82 35800
35405.52 35500
36369.86 36400
35624.97 35700
34661.47 34700
34168.87 34200
35696.60 35700
34692.01 34700
34682.47 34700
34886.83 34900
8320.81 8400
12406.28 12500
21844.32 21900
26183.17 26200
27633.14 27700
27871.66 27900
27776.66 27800
29052.83 29100
25845.07 25900
29843.76 29900
28519.52 28600
28902.82 29000
27357.23 27400
27519.88 27600
26692.86 26700
23125.98 23200
26010.27 26100
34517.97 34600
36833.59 36900
37940.93 38000
37429.49 37500
38023.04 38100
38103.18 38200
38902.78 39000
38952.67 39000
36617.89 36700
36742.32 36800
36081.19 36100
35880.44 35900
37800.79 37900
23285.82 23300
27416.90 27500
32498.30 32500
34911.07 35000
35570.27 35600
35453.86 35500
36081.26 36100
35031.37 35100
36596.70 36600
36008.03 36100
34805.08 34900
33703.06 33800
33871.76 33900
36494.84 36500
35670.18 35700
15358.29 15400
18848.28 18900
24506.30 24600
25888.75 25900
26877.34 26900
26937.89 27000
27581.04 27600
27119.58 27200
27244.93 27300
28629.45 28700
27818.28 27900
27575.65 27600
27841.89 27900
27041.56 27100
26788.42 26800
15569.10 15600
18553.08 18600
26442.54 26500
26528.96 26600
27328.89 27400
27726.47 27800
27036.05 27100
27038.26 27100
25258.24 25300
27192.26 27200
25697.46 25700
25905.43 26000
23416.04 23500
26924.62 27000
35845.13 35900
35542.75 35600
37231.57 37300
37410.25 37500
38134.22 38200
36763.01 36800
37001.52 37100
35007.55 35100
35467.03 35500
37220.05 37300
20384.49 20400
24109.80 24200
24620.19 24700
25955.91 26000
26693.98 26700
25329.13 25400
25838.83 25900
27159.11 27200
26492.08 26500
24445.38 24500
26335.09 26400
24749.60 24800
27095.01 27100
33068.23 33100
35807.85 35900
35803.47 35900
35323.17 35400
36201.34 36300
35341.51 35400
36321.25 36400
35551.90 35600
34658.20 34700
35264.36 35300
36197.85 36200
23266.77 23300
24012.00 24100
26946.96 27000
25606.14 25700
26055.17 26100
26560.69 26600
26705.55 26800
27101.91 27200
27235.22 27300
26613.84 26700
25529.08 25600
26471.92 26500
19513.22 19600
27038.06 27100
34998.23 35000
35192.43 35200
34710.77 34800
35411.19 35500
35833.24 35900
35636.02 35700
35839.83 35900
36292.68 36300
35507.35 35600
35815.37 35900
7551.15 7600
16389.61 16400
21952.77 22000
27718.19 27800
27651.19 27700
28762.68 28800
27618.81 27700
28130.57 28200
28870.19 28900
28431.09 28500
26804.20 26900
27070.79 27100
26779.08 26800
21727.42 21800
31987.00 32000
34236.17 34300
35090.05 35100
34925.47 35000
36331.92 36400
37765.74 37800
37436.09 37500
38732.62 38800
37431.62 37500
36536.27 36600
36245.19 36300
34042.10 34100
34561.63 34600
36071.60 36100
35802.04 35900
37723.99 37800
35331.26 35400
34492.34 34500
34822.32 34900
34995.15 35000
35948.34 36000
34208.40 34300
34873.86 34900
11293.71 11300
16520.91 16600
23863.40 23900
24251.51 24300
26023.98 26100
26562.10 26600
27833.68 27900
27693.83 27700
29293.42 29300
29334.77 29400
27731.70 27800
27806.24 27900
13103.34 13200
18101.60 18200
20700.80 20800
26279.73 26300
25994.05 26000
25730.28 25800
26350.91 26400
26799.90 26800
26599.63 26600
26083.64 26100
26610.15 26700
26231.82 26300
25689.30 25700
19443.97 19500
31824.64 31900
33885.57 33900
34907.40 35000
36290.52 36300
36195.46 36200
36266.52 36300
36292.51 36300
36031.12 36100
34757.77 34800
35868.54 35900
37085.77 37100
35750.03 35800
35160.35 35200
20168.01 20200
24123.83 24200
24931.59 25000
24989.69 25000
24849.99 24900
26165.83 26200
25283.46 25300
25633.33 25700
25988.61 26000
26027.71 26100
25434.64 25500
26891.64 26900
25320.38 25400
29300.58 29400
33975.74 34000
35128.08 35200
35557.82 35600
36102.19 36200
36510.11 36600
35204.60 35300
34965.88 35000
35641.19 35700
35053.17 35100
35690.45 35700
34685.23 34700
33685.27 33700
36025.21 36100
20130.91 20200
23849.24 23900
26453.54 26500
25214.57 25300
26480.58 26500
26778.21 26800
26421.46 26500
26427.05 26500
27156.60 27200
27510.31 27600
26785.36 26800
27246.26 27300
25425.07 25500
26339.13 26400
33247.05 33300
33543.10 33600
33921.79 34000
33940.56 34000
36046.08 36100
35729.04 35800
36373.98 36400
35415.30 35500
36470.00 36500
35700.70 35800
35662.27 35700
35126.56 35200
36717.76 36800
35448.64 35500
13758.93 13800
16607.67 16700
20481.43 20500
27306.63 27400
27065.48 27100
27666.85 27700
26979.11 27000
29382.38 29400
28068.79 28100
28599.39 28600
27184.34 27200
28551.71 28600
26637.11 26700
28066.84 28100
23067.21 23100
35660.24 35700
35761.40 35800
35507.27 35600
37010.78 37100
38353.96 38400
37456.63 37500
38986.62 39000
39545.08 39600
36604.37 36700
38162.84 38200
36906.60 37000
36998.30 37000
36507.81 36600
8839.96 8900
23061.85 23100
23490.42 23500
28594.22 28600
31321.73 31400
34976.61 35000
34886.31 34900
34991.84 35000
35962.79 36000
34380.53 34400
35296.02 35300
35129.64 35200
35242.61 35300
34425.28 34500
11884.29 11900
14505.72 14600
21893.95 21900
27059.93 27100
27569.51 27600
27919.76 28000
26839.98 26900
28049.82 28100
27778.47 27800
26929.48 27000
26520.33 26600
26658.92 26700
28631.76 28700
26929.22 27000
540.89 600
629.27 700
444.91 500
464.75 500
920.36 1000
443.54 500
739.83 800
468.75 500
540.02 600
750.41 800
445.01 500
471.41 500
769.93 800
17839.05 17900
22093.66 22100
26675.33 26700
25929.88 26000
27443.34 27500
28168.06 28200
25475.01 25500
26728.52 26800
27227.59 27300
25958.11 26000
26509.53 26600
26750.84 26800
18280.50 18300
24900.40 25000
31098.27 31100
33625.13 33700
35354.34 35400
34678.58 34700
35233.05 35300
36964.88 37000
36622.44 36700
38567.53 38600
35280.73 35300
35797.54 35800
6926.39 7000
24680.53 24700
25602.90 25700
25609.10 25700
25906.76 26000
26285.81 26300
25138.01 25200
25924.69 26000
24514.63 24600
25951.82 26000
24495.56 24500
26264.45 26300
25623.91 25700
16085.29 16100
23913.76 24000
27679.36 27700
32551.43 32600
33703.17 33800
34325.27 34400
35468.62 35500
35022.06 35100
36689.77 36700
35745.51 35800
35209.56 35300
35707.61 35800
24015.86 24100
24135.77 24200
24751.94 24800
26467.62 26500
26165.54 26200
26505.27 26600
24764.66 24800
25230.62 25300
27546.74 27600
26474.29 26500
26423.28 26500
17603.02 17700
25121.49 25200
32677.14 32700
33103.75 33200
37180.88 37200
34229.70 34300
37321.55 37400
37588.29 37600
37175.64 37200
33999.56 34000
35859.79 35900
35682.42 35700
23703.07 23800
24485.07 24500
26244.89 26300
26526.32 26600
27901.08 28000
28453.98 28500
28735.47 28800
29097.22 29100
27411.52 27500
26657.38 26700
26419.24 26500
28018.95 28100
21664.06 21700
33770.87 33800
34184.63 34200
36164.47 36200
36199.02 36200
38183.02 38200
38821.38 38900
39322.69 39400
38397.40 38400
36866.54 36900
37367.25 37400
37772.23 37800
25716.08 25800
26404.19 26500
33093.38 33100
33306.02 33400
35306.68 35400
36080.93 36100
36991.35 37000
35122.38 35200
34508.82 34600
36124.89 36200
35148.85 35200
34173.99 34200
13584.74 13600
15783.08 15800
26112.70 26200
26071.55 26100
27972.76 28000
28568.42 28600
27777.89 27800
26680.95 26700
27706.43 27800
26710.98 26800
27834.70 27900
26935.19 27000
12603.91 12700
18180.58 18200
18149.21 18200
21005.52 21100
23236.51 23300
22524.41 22600
25928.64 26000
27814.75 27900
26933.56 27000
24963.44 25000
26448.29 26500
26525.92 26600
27290.01 27300
25862.28 25900
25926.68 26000
25024.61 25100
31412.49 31500
31244.30 31300
33130.88 33200
33499.52 33500
33149.99 33200
35173.83 35200
35351.14 35400
34807.41 34900
35475.51 35500
35281.10 35300
36347.87 36400
35988.19 36000
35101.09 35200
36945.87 37000
35997.14 36000
4062.82 4100
3844.47 3900
7630.39 7700
10651.19 10700
18085.02 18100
24667.00 24700
25804.37 25900
25944.69 26000
26593.78 26600
24919.89 25000
25121.82 25200
25001.14 25100
25264.43 25300
25995.56 26000
24465.34 24500
24972.54 25000
26474.97 26500
14269.44 14300
20519.30 20600
25538.42 25600
31662.16 31700
33847.91 33900
34659.89 34700
35986.64 36000
35587.56 35600
35840.25 35900
35819.01 35900
34660.59 34700
34284.13 34300
35125.35 35200
36323.66 36400
34186.72 34200
34229.31 34300
16105.58 16200
18334.77 18400
20552.18 20600
20458.82 20500
24073.85 24100
24428.53 24500
25615.53 25700
26640.75 26700
26351.49 26400
26284.57 26300
26960.71 27000
26700.72 26800
25449.68 25500
25181.34 25200
18204.80 18300
22829.60 22900
29514.38 29600
32420.13 32500
33327.49 33400
33951.99 34000
34191.67 34200
35135.95 35200
35542.06 35600
34160.19 34200
34702.94 34800
34574.26 34600
34690.95 34700
34283.89 34300
35269.86 35300
34358.25 34400
13981.99 14000
17962.26 18000
22369.84 22400
25315.83 25400
26902.99 27000
27245.80 27300
28646.55 28700
28088.31 28100
27148.33 27200
28652.00 28700
27398.95 27400
26520.75 26600
27438.69 27500
27844.83 27900
26969.40 27000
26745.18 26800
18025.09 18100
19388.75 19400
20517.00 20600
29457.54 29500
31510.48 31600
36274.75 36300
37979.24 38000
37372.11 37400
38068.08 38100
37837.53 37900
37908.42 38000
36608.52 36700
37640.71 37700
36523.58 36600
36391.51 36400
38710.58 38800
22543.94 22600
23198.70 23200
29837.38 29900
31960.62 32000
33074.86 33100
34374.08 34400
36120.13 36200
35140.42 35200
35244.01 35300
34449.90 34500
35880.17 35900
34315.09 34400
33918.24 34000
34030.02 34100
35479.70 35500
16219.52 16300
16933.97 17000
20075.56 20100
23026.36 23100
23424.39 23500
25971.79 26000
27269.46 27300
27806.13 27900
27479.95 27500
27311.72 27400
27422.79 27500
28055.24 28100
27279.97 27300
27003.63 27100
563.04 600
586.98 600
514.31 600
520.95 600
651.35 700
570.47 600
623.68 700
560.55 600
522.31 600
625.67 700
566.94 600
574.42 600
611.28 700
578.09 600
568.04 600
590.17 600
4830.15 4900
4812.96 4900
15830.35 15900
15808.72 15900
24192.19 24200
25485.99 25500
26711.22 26800
26415.70 26500
26719.52 26800
27590.47 27600
27688.63 27700
26604.54 26700
26274.44 26300
27295.48 27300
27635.45 27700
27180.48 27200
26219.83 26300
26010.78 26100
14880.67 14900
20654.39 20700
29760.64 29800
32802.01 32900
34104.26 34200
35869.53 35900
36981.19 37000
36442.45 36500
37104.19 37200
37000.21 37100
36410.01 36500
38300.04 38400
34840.27 34900
35344.72 35400
36273.56 36300
37508.42 37600
35548.24 35600
35483.39 35500
12791.63 12800
18005.74 18100
19400.23 19500
20396.16 20400
22445.84 22500
23808.50 23900
24797.21 24800
26431.35 26500
26132.88 26200
26510.94 26600
28032.96 28100
25557.30 25600
26041.04 26100
25132.85 25200
24551.70 24600
24885.67 24900
25617.66 25700
9395.99 9400
20465.30 20500
27915.82 28000
34422.97 34500
35132.34 35200
37319.07 37400
36262.09 36300
34719.29 34800
35770.36 35800
35070.87 35100
34164.40 34200
36395.72 36400
34096.50 34100
35553.29 35600
35255.96 35300
35023.21 35100
34323.42 34400
34279.11 34300
11202.03 11300
15499.14 15500
19701.98 19800
24051.84 24100
24863.16 24900
24914.66 25000
25955.85 26000
25153.37 25200
26056.99 26100
26915.60 27000
27043.98 27100
27423.71 27500
26821.73 26900
26029.82 26100
25179.77 25200
24780.96 24800
26659.36 26700
18629.88 18700
30260.25 30300
34071.46 34100
35801.25 35900
36466.56 36500
35502.78 35600
33505.42 33600
35892.47 35900
35065.03 35100
36441.57 36500
35884.58 35900
34590.15 34600
33928.46 34000
35951.49 36000
35129.17 35200
35032.60 35100
35750.06 35800
34654.60 34700
12133.99 12200
15278.11 15300
15998.05 16000
22498.20 22500
22260.16 22300
23410.60 23500
26228.36 26300
27820.21 27900
27662.30 27700
27234.25 27300
29107.23 29200
29008.87 29100
27495.69 27500
28355.55 28400
28951.74 29000
28982.92 29000
27599.05 27600
22476.31 22500
32185.76 32200
33513.22 33600
35209.52 35300
38275.88 38300
36983.39 37000
39809.98 39900
38071.37 38100
35662.53 35700
37875.30 37900
38235.35 38300
37499.53 37500
36952.50 37000
36486.79 36500
37121.66 37200
36335.67 36400
36660.26 36700
37485.13 37500
11154.31 11200
13336.93 13400
17491.29 17500
26563.05 26600
28189.56 28200
29052.31 29100
31150.81 31200
33238.98 33300
34622.23 34700
34457.08 34500
34383.91 34400
35422.03 35500
35229.10 35300
35271.59 35300
34825.25 34900
34204.81 34300
34025.71 34100
34815.53 34900
14232.84 14300
24742.56 24800
27607.56 27700
28725.40 28800
28580.13 28600
26043.26 26100
27786.48 27800
27653.15 27700
27782.47 27800
27530.11 27600
26997.72 27000
26011.43 26100
26993.81 27000
28604.06 28700
27662.06 27700
26344.82 26400
26638.07 26700
27681.51 27700
586.59 600
703.91 800
521.97 600
612.59 700
580.54 600
698.84 700
576.59 600
611.25 700
509.26 600
570.09 600
652.59 700
606.85 700
633.66 700
602.06 700
598.93 600
648.47 700
571.81 600
567.44 600
620.89 700
577.85 600
625.77 700
674.34 700
708.78 800
556.26 600
716.72 800
580.48 600
733.63 800
3146.85 3200
21359.41 21400
24597.86 24600
24708.35 24800
25431.28 25500
24867.79 24900
26113.62 26200
25797.84 25800
25585.74 25600
26361.92 26400
26222.57 26300
28027.40 28100
25604.64 25700
27854.81 27900
27167.51 27200
27813.85 27900
27624.19 27700
25978.03 26000
12026.67 12100
34861.12 34900
34776.66 34800
36694.92 36700
36992.33 37000
35410.00 35500
36572.83 36600
36181.02 36200
35857.60 35900
36440.90 36500
37207.35 37300
35953.40 36000
36533.16 36600
35810.62 35900
37639.13 37700
37223.43 37300
36821.39 36900
7733.37 7800
15006.99 15100
16791.58 16800
22166.95 22200
22141.97 22200
24838.04 24900
24997.88 25000
25325.83 25400
24500.99 24600
26002.32 26100
25702.40 25800
26167.40 26200
25796.52 25800
25774.38 25800
25915.81 26000
24415.38 24500
24675.91 24700
23496.57 23500
33483.73 33500
34044.93 34100
35495.24 35500
36366.36 36400
34838.80 34900
34762.89 34800
37785.49 37800
36259.07 36300
34113.59 34200
34020.71 34100
35843.46 35900
33605.98 33700
35589.09 35600
34858.67 34900
34981.63 35000
36614.44 36700
4861.78 4900
21219.72 21300
22753.63 22800
24055.71 24100
24195.64 24200
24416.43 24500
24328.08 24400
25589.54 25600
25804.96 25900
26582.40 26600
26128.21 26200
25473.35 25500
25872.11 25900
25632.50 25700
26035.68 26100
26327.46 26400
26677.77 26700
25213.01 25300
24839.66 24900
33977.13 34000
35792.18 35800
35703.57 35800
35185.65 35200
36035.07 36100
33749.15 33800
37018.07 37100
34402.33 34500
35192.58 35200
35852.90 35900
35612.87 35700
35270.43 35300
35321.45 35400
34926.81 35000
35387.71 35400
35770.21 35800
15838.60 15900
19828.81 19900
24230.43 24300
25299.09 25300
27092.10 27100
27983.04 28000
26727.41 26800
28663.21 28700
27963.55 28000
28176.39 28200
27453.94 27500
27615.31 27700
28136.77 28200
27660.45 27700
26726.71 26800
27858.10 27900
28233.16 28300
23741.30 23800
33902.17 34000
36392.41 36400
35795.90 35800
36995.50 37000
37115.23 37200
38508.65 38600
37324.67 37400
38118.09 38200
36047.31 36100
39028.63 39100
38348.59 38400
37731.12 37800
37652.15 37700
37593.67 37600
36631.46 36700
39184.66 39200
8911.93 9000
10741.37 10800
20343.94 20400
24228.11 24300
33856.41 33900
34652.03 34700
34767.11 34800
34203.13 34300
34522.82 34600
35366.02 35400
35434.42 35500
34503.04 34600
36292.36 36300
36175.14 36200
35092.05 35100
34617.82 34700
34219.92 34300
9107.56 9200
18914.07 19000
26129.98 26200
27269.36 27300
26858.63 26900
27446.73 27500
28861.85 28900
28473.59 28500
28672.05 28700
27668.77 27700
26383.86 26400
28787.62 28800
26915.56 27000
28147.96 28200
26363.37 26400
28796.17 28800
667.06 700
563.81 600
501.13 600
533.08 600
577.01 600
618.59 700
576.05 600
595.79 600
557.61 600
704.21 800
522.70 600
562.48 600
576.25 600
491.52 500
478.44 500
579.69 600
6966.58 7000
10115.80 10200
14733.61 14800
27091.13 27100
26913.68 27000
27070.22 27100
27278.67 27300
26758.59 26800
27023.89 27100
25417.61 25500
27143.18 27200
18805.22 18900
27025.71 27100
27681.89 27700
30343.48 30400
33878.80 33900
34412.14 34500
35871.83 35900
36962.10 37000
35313.45 35400
35273.13 35300
18621.92 18700
19275.45 19300
24158.04 24200
24998.07 25000
25548.44 25600
26064.70 26100
24919.95 25000
25096.66 25100
22289.81 22300
31125.97 31200
32444.59 32500
34816.77 34900
36267.34 36300
34886.50 34900
34413.56 34500
33912.65 34000
34075.35 34100
34793.36 34800
13057.13 13100
23148.16 23200
24498.51 24500
26800.23 26900
27256.56 27300
26251.29 26300
27907.35 28000
24957.39 25000
25878.31 25900
26379.75 26400
18026.45 18100
28618.67 28700
33050.89 33100
35544.93 35600
35943.71 36000
34698.46 34700
35747.34 35800
35457.67 35500
35232.27 35300
34337.17 34400
21434.21 21500
23913.12 24000
28341.74 28400
27846.88 27900
28076.65 28100
27748.33 27800
26760.74 26800
27558.61 27600
28916.01 29000
26672.37 26700
19693.24 19700
31849.66 31900
35155.22 35200
35498.72 35500
37667.37 37700
37669.53 37700
38476.53 38500
38132.90 38200
36771.32 36800
36654.08 36700
33017.25 33100
33501.37 33600
34878.71 34900
36150.26 36200
34352.10 34400
34394.50 34400
35025.06 35100
33904.50 34000
35804.47 35900
35376.29 35400
15971.40 16000
21226.78 21300
21145.79 21200
26055.74 26100
25838.23 25900
26116.85 26200
28032.31 28100
28907.07 29000
28167.73 28200
27701.86 27800
7066.57 7100
9305.86 9400
11218.20 11300
12377.04 12400
18993.73 19000
27620.22 27700
26215.83 26300
27368.05 27400
26674.00 26700
26884.60 26900
26071.57 26100
26428.16 26500
14624.56 14700
16607.75 16700
35166.84 35200
35400.51 35500
35304.57 35400
36509.13 36600
37683.33 37700
35451.55 35500
35105.53 35200
35402.86 35500
35359.95 35400
7447.66 7500
18135.51 18200
21302.52 21400
26086.82 26100
27073.63 27100
25510.87 25600
25653.24 25700
26764.73 26800
25966.18 26000
24641.05 24700
25870.00 25900
24883.93 24900
19151.76 19200
20934.50 21000
25589.37 25600
33695.58 33700
34751.47 34800
36419.57 36500
37388.38 37400
36884.08 36900
34135.66 34200
33924.71 34000
34988.31 35000
5161.80 5200
26686.49 26700
26910.92 27000
27177.64 27200
26333.61 26400
27315.52 27400
25564.26 25600
25705.34 25800
25360.52 25400
26729.39 26800
25028.06 25100
25115.67 25200
19720.02 19800
23110.84 23200
26560.28 26600
27075.20 27100
35429.40 35500
35461.06 35500
36669.21 36700
36385.31 36400
35878.71 35900
36399.10 36400
38031.19 38100
27587.39 27600
26330.04 26400
28527.87 28600
26743.39 26800
28458.25 28500
28455.02 28500
29440.64 29500
26596.74 26600
27151.65 27200
27133.94 27200
26994.99 27000
20006.07 20100
29196.84 29200
31193.85 31200
32679.47 32700
34760.48 34800
36516.75 36600
37731.77 37800
37787.52 37800
38718.78 38800
38258.57 38300
38496.79 38500
15956.68 16000
30595.40 30600
35613.45 35700
35925.31 36000
35575.82 35600
34306.47 34400
34591.19 34600
34298.87 34300
35628.50 35700
34644.99 34700
34216.50 34300
4447.05 4500
18101.60 18200
26511.32 26600
26172.82 26200
28781.59 28800
27222.06 27300
28515.22 28600
28171.34 28200
28246.74 28300
29231.76 29300
27345.27 27400
26379.48 26400
9154.22 9200
19465.72 19500
24499.19 24500
20610.79 20700
26315.34 26400
27867.73 27900
26106.84 26200
26982.76 27000
27371.88 27400
27616.55 27700
19802.41 19900
23941.11 24000
32083.80 32100
33717.59 33800
35948.33 36000
36628.26 36700
35634.86 35700
37000.58 37100
36522.41 36600
35330.20 35400
8888.52 8900
13228.21 13300
18456.82 18500
21926.12 22000
26363.48 26400
26962.29 27000
24104.91 24200
25701.81 25800
25542.54 25600
24858.45 24900
25072.05 25100
18184.75 18200
21316.17 21400
25558.09 25600
26009.02 26100
32475.17 32500
34042.56 34100
34935.56 35000
34737.70 34800
34453.97 34500
34304.87 34400
22729.39 22800
22526.87 22600
26175.79 26200
26320.61 26400
26320.28 26400
25447.14 25500
25555.49 25600
26128.57 26200
25618.09 25700
4913.04 5000
17953.14 18000
20480.72 20500
25625.40 25700
34054.33 34100
35813.86 35900
36793.02 36800
34852.09 34900
35104.53 35200
36050.18 36100
34413.76 34500
14959.75 15000
18258.21 18300
24700.81 24800
25765.01 25800
29393.94 29400
28007.54 28100
27604.11 27700
27005.78 27100
26606.97 26700
26896.21 26900
20561.07 20600
26540.10 26600
33724.98 33800
36654.83 36700
37872.05 37900
38771.41 38800
36431.78 36500
37450.33 37500
37696.49 37700
36329.77 36400
28337.62 28400
29661.22 29700
30139.69 30200
32127.18 32200
36789.70 36800
35531.36 35600
35342.07 35400
33821.00 33900
34069.64 34100
34737.41 34800
21431.45 21500
25578.05 25600
26173.15 26200
26678.58 26700
26376.92 26400
26745.99 26800
28717.85 28800
26867.93 26900
27945.56 28000
27839.40 27900
526.90 600
557.75 600
603.84 700
651.51 700
665.42 700
655.35 700
649.66 700
660.05 700
638.53 700
560.99 600
654.51 700
600.55 700
572.30 600
629.93 700
697.37 700
553.46 600
542.29 600
656.82 700
647.08 700
642.94 700
648.67 700
683.75 700
21490.65 21500
23112.75 23200
26038.31 26100
27115.40 27200
27301.41 27400
27305.62 27400
27301.50 27400
26033.86 26100
27650.57 27700
26199.49 26200
26319.13 26400
26652.37 26700
13066.71 13100
26427.39 26500
28243.35 28300
30931.22 31000
36930.94 37000
38004.14 38100
34656.23 34700
37296.09 37300
36995.20 37000
36486.41 36500
37104.57 37200
36333.63 36400
10124.84 10200
18950.66 19000
23292.84 23300
24836.39 24900
26399.77 26400
25512.62 25600
27866.29 27900
26497.80 26500
24857.47 24900
25092.06 25100
25332.23 25400
24636.41 24700
23046.61 23100
24924.51 25000
27207.35 27300
29676.66 29700
35231.55 35300
35917.67 36000
35644.68 35700
36518.32 36600
33888.55 33900
35605.07 35700
33997.71 34000
35479.80 35500
17561.43 17600
22738.75 22800
24732.61 24800
25182.02 25200
25968.64 26000
26563.09 26600
24368.89 24400
26742.54 26800
26508.04 26600
25196.87 25200
25147.35 25200
25906.53 26000
20655.67 20700
29464.27 29500
31507.36 31600
34471.58 34500
35482.57 35500
34960.01 35000
36408.13 36500
37521.61 37600
35849.15 35900
34782.79 34800
35415.89 35500
36237.26 36300
15898.16 15900
16881.80 16900
21915.05 22000
24655.02 24700
25793.62 25800
26897.12 26900
27667.45 27700
27537.57 27600
27074.48 27100
28323.20 28400
27284.11 27300
26670.24 26700
30766.81 30800
32833.54 32900
33121.24 33200
37018.24 37100
38849.83 38900
36902.05 37000
36011.07 36100
36583.34 36600
37681.24 37700
37495.64 37500
36412.31 36500
36677.37 36700
21037.34 21100
29442.61 29500
29928.53 30000
34954.14 35000
33916.30 34000
35425.16 35500
34626.52 34700
35767.77 35800
35041.25 35100
34138.16 34200
34535.75 34600
34639.80 34700
16975.87 17000
27554.39 27600
28581.77 28600
28447.28 28500
28398.54 28400
27977.41 28000
28394.94 28400
26837.85 26900
27906.10 28000
27884.27 27900
27307.33 27400
26802.38 26900
673.85 700
647.75 700
615.12 700
701.15 800
696.54 700
664.63 700
16240.94 16300
23700.29 23800
24382.15 24400
25000.50 25100
26213.71 26300
27459.85 27500
26070.24 26100
28212.21 28300
26547.93 26600
26713.47 26800
27163.91 27200
31808.44 31900
36777.05 36800
36225.27 36300
36997.71 37000
37340.35 37400
35868.92 35900
36816.91 36900
35692.81 35700
35086.67 35100
36560.61 36600
35402.01 35500
36680.40 36700
35288.78 35300
8810.39 8900
12669.97 12700
23918.22 24000
25361.04 25400
25400.96 25500
25402.27 25500
25806.38 25900
26087.87 26100
25768.78 25800
25356.90 25400
26932.44 27000
25430.47 25500
26419.01 26500
25697.32 25700
35189.32 35200
34595.20 34600
35620.06 35700
36238.93 36300
35524.80 35600
35890.69 35900
34271.65 34300
34718.95 34800
36348.71 36400
34396.61 34400
34382.06 34400
34361.75 34400
5736.21 5800
12003.77 12100
18569.52 18600
26554.60 26600
26935.03 27000
26222.71 26300
27521.71 27600
27099.03 27100
26768.73 26800
26934.23 27000
26683.63 26700
26432.62 26500
25085.44 25100
25681.01 25700
17292.81 17300
33938.48 34000
33114.47 33200
34873.58 34900
35667.07 35700
36094.42 36100
35349.31 35400
34687.66 34700
34498.95 34500
36671.01 36700
34591.08 34600
35099.24 35100
36041.08 36100
13944.70 14000
15696.73 15700
23643.04 23700
25790.10 25800
26836.84 26900
26269.37 26300
27247.34 27300
27907.83 28000
27762.45 27800
27761.07 27800
28318.66 28400
26768.22 26800
34673.45 34700
35522.15 35600
35763.02 35800
36380.08 36400
36503.64 36600
37742.08 37800
37740.97 37800
39308.62 39400
35901.28 36000
37721.40 37800
36634.68 36700
36504.58 36600
36695.79 36700
5443.33 5500
13727.65 13800
25528.91 25600
35446.92 35500
34910.00 35000
36479.72 36500
35810.78 35900
36115.23 36200
35012.25 35100
36231.83 36300
35503.78 35600
34955.58 35000
35352.49 35400
35217.16 35300
14521.62 14600
20639.01 20700
23218.33 23300
24286.14 24300
26645.01 26700
28273.78 28300
27901.40 28000
27814.59 27900
27707.16 27800
26471.52 26500
26230.54 26300
27771.00 27800
27826.64 27900
618.16 700
685.56 700
591.80 600
589.35 600
570.85 600
596.59 600
702.42 800
465.03 500
691.48 700
446.29 500
632.25 700
506.22 600
620.94 700
475.25 500
682.84 700
618.49 700
617.62 700
590.25 600
18415.88 18500
17670.78 17700
22689.38 22700
26965.28 27000
26435.23 26500
27969.69 28000
26766.94 26800
27070.60 27100
24212.64 24300
32357.98 32400
34785.46 34800
36278.07 36300
37796.33 37800
34978.90 35000
35692.32 35700
35419.57 35500
23517.33 23600
23978.34 24000
25455.38 25500
25760.15 25800
26161.33 26200
24159.12 24200
24895.24 24900
25622.94 25700
20820.85 20900
23608.12 23700
33769.48 33800
35025.68 35100
34663.06 34700
35241.38 35300
35820.59 35900
35356.75 35400
26155.95 26200
26501.12 26600
26576.57 26600
27669.22 27700
25876.91 25900
26270.16 26300
25223.51 25300
25457.19 25500
19024.69 19100
22788.60 22800
31304.18 31400
35841.63 35900
34714.36 34800
35628.76 35700
35476.48 35500
36469.39 36500
26377.43 26400
28382.55 28400
27793.45 27800
27330.53 27400
27447.92 27500
27237.21 27300
26938.68 27000
26734.92 26800
20477.28 20500
22308.49 22400
37630.69 37700
36965.82 37000
38380.41 38400
36621.69 36700
38019.98 38100
38421.13 38500
35071.01 35100
36265.39 36300
34720.65 34800
36574.97 36600
34838.99 34900
36623.05 36700
34351.68 34400
34354.91 34400
7284.04 7300
9718.46 9800
20592.27 20600
26377.33 26400
27860.59 27900
28411.76 28500
28179.57 28200
28708.95 28800
27361.02 27400
663.14 700
615.77 700
574.72 600
556.39 600
627.66 700
631.78 700
693.44 700
623.53 700
704.23 800
757.79 800
626.47 700
590.22 600
2529.67 2600
5725.53 5800
15896.57 15900
19542.26 19600
23302.33 23400
25047.05 25100
26747.48 26800
27627.52 27700
26293.96 26300
26505.42 26600
26692.56 26700
27211.68 27300
27962.85 28000
26081.26 26100
25840.14 25900
26773.44 26800
16173.80 16200
26235.65 26300
30994.61 31000
32255.06 32300
32320.64 32400
33832.42 33900
34107.27 34200
36877.47 36900
37165.68 37200
36132.50 36200
37002.35 37100
35045.02 35100
35796.86 35800
36289.68 36300
35704.12 35800
2693.69 2700
11602.59 11700
15914.55 16000
22370.95 22400
23360.68 23400
26027.01 26100
25098.87 25100
26905.32 27000
25604.17 25700
24498.99 24500
26003.96 26100
25555.96 25600
25728.17 25800
25584.99 25600
17151.69 17200
23256.50 23300
28948.06 29000
28799.27 28800
33162.55 33200
35560.03 35600
36256.39 36300
35362.12 35400
34647.32 34700
35106.56 35200
34826.54 34900
33885.09 33900
34671.52 34700
34531.51 34600
34238.48 34300
8785.02 8800
14173.86 14200
14914.25 15000
22969.84 23000
25168.02 25200
25836.03 25900
25633.53 25700
26530.71 26600
25060.59 25100
27361.98 27400
26178.19 26200
25082.05 25100
25601.99 25700
27985.86 28000
22590.14 22600
27862.48 27900
29845.98 29900
32406.86 32500
35307.68 35400
35529.66 35600
34178.69 34200
36194.66 36200
35410.03 35500
35413.27 35500
33988.91 34000
35578.51 35600
34435.30 34500
34780.46 34800
34643.68 34700
6073.48 6100
7477.73 7500
14652.40 14700
14579.30 14600
27679.44 27700
28133.52 28200
28335.20 28400
29553.83 29600
27769.91 27800
28564.30 28600
28379.57 28400
26401.82 26500
28386.24 28400
26213.17 26300
27727.40 27800
27226.19 27300
27484.56 27500
26504.97 26600
30563.73 30600
30981.32 31000
31274.24 31300
32943.39 33000
34891.21 34900
37213.41 37300
35643.51 35700
36925.10 37000
37520.18 37600
36922.00 37000
39088.47 39100
37360.13 37400
35987.51 36000
36609.36 36700
15903.76 16000
35759.94 35800
35715.56 35800
35419.13 35500
34444.62 34500
33967.86 34000
34780.42 34800
35180.25 35200
34289.07 34300
36600.84 36700
35424.65 35500
34746.71 34800
37149.25 37200
34461.69 34500
34431.27 34500
7039.21 7100
11567.58 11600
17316.30 17400
20868.56 20900
20361.01 20400
21532.79 21600
25819.85 25900
27196.49 27200
27611.73 27700
27876.50 27900
28622.88 28700
28262.83 28300
27447.45 27500
28126.33 28200
27364.28 27400
26554.27 26600
618.35 700
595.05 600
638.09 700
642.59 700
698.02 700
600.65 700
789.49 800
548.87 600
607.08 700
601.11 700
656.88 700
612.33 700
582.54 600
647.07 700
618.57 700
637.07 700
645.91 700
9379.77 9400
12769.81 12800
13236.91 13300
21800.61 21900
24700.67 24800
25270.30 25300
27656.47 27700
29252.44 29300
25937.61 26000
26484.10 26500
25849.17 25900
26394.49 26400
26165.26 26200
11542.92 11600
17733.57 17800
17876.86 17900
25909.36 26000
29628.32 29700
34589.37 34600
35764.29 35800
37898.08 37900
36567.73 36600
36818.02 36900
35445.49 35500
35492.93 35500
35306.54 35400
3783.56 3800
7930.50 8000
11367.25 11400
12770.70 12800
16304.06 16400
22095.50 22100
23900.18 24000
24982.01 25000
25057.20 25100
24941.39 25000
24547.85 24600
24970.79 25000
24720.75 24800
24883.75 24900
16732.36 16800
17070.43 17100
23917.04 24000
27722.90 27800
31461.08 31500
32337.33 32400
35957.04 36000
34387.10 34400
35388.83 35400
35176.20 35200
34419.56 34500
34676.58 34700
34214.26 34300
12526.89 12600
14037.51 14100
15466.48 15500
17158.75 17200
18660.27 18700
19747.82 19800
27197.75 27200
25738.45 25800
25759.31 25800
25645.30 25700
25380.04 25400
16256.85 16300
17921.66 18000
32658.62 32700
33994.06 34000
34134.98 34200
34276.38 34300
34273.65 34300
34964.56 35000
34211.28 34300
34287.57 34300
34659.12 34700
36225.74 36300
34676.74 34700
11464.12 11500
16237.62 16300
17763.26 17800
22504.41 22600
23012.21 23100
26240.98 26300
28087.79 28100
27681.99 27700
27934.01 28000
27346.19 27400
26540.36 26600
26649.05 26700
28228.64 28300
14060.58 14100
20052.87 20100
27081.92 27100
36391.49 36400
36918.02 37000
37624.78 37700
37871.22 37900
36363.14 36400
37103.06 37200
36251.81 36300
36880.95 36900
37329.44 37400
37233.97 37300
11196.01 11200
19431.18 19500
24657.63 24700
24887.88 24900
26373.35 26400
32355.18 32400
34548.01 34600
36328.16 36400
35786.92 35800
35341.21 35400
34262.25 34300
33910.88 34000
34191.03 34200
6959.12 7000
12066.39 12100
18532.52 18600
24457.36 24500
27676.40 27700
28112.07 28200
28066.89 28100
26920.75 27000
27681.64 27700
27425.25 27500
27052.79 27100
27262.45 27300
26874.11 26900
594.53 600
641.94 700
712.39 800
490.10 500
581.12 600
542.43 600
644.15 700
620.34 700
572.51 600
584.84 600
647.95 700
645.50 700
657.32 700
588.53 600
584.73 600
662.46 700
731.40 800
635.39 700
515.41 600
650.80 700
722.30 800
586.78 600
598.26 600
570.59 600
616.83 700
598.51 600
620.97 700
626.69 700
558.35 600
576.35 600
634.06 700
683.99 700
667.71 700
788.69 800
613.30 700
522.46 600
552.68 600
656.73 700
665.42 700
593.11 600
592.19 600
657.19 700
527.42 600
625.85 700
594.69 600
616.85 700
583.04 600
617.64 700
608.32 700
646.26 700
669.71 700
3306.16 3400
9903.21 10000
15159.67 15200
20333.61 20400
26519.11 26600
26484.98 26500
27244.13 27300
28329.01 28400
28111.55 28200
27416.10 27500
27681.97 27700
27346.41 27400
28336.34 28400
25953.53 26000
25254.78 25300
31874.82 31900
33892.32 33900
35598.29 35600
36582.76 36600
36203.34 36300
37183.84 37200
36964.46 37000
35828.83 35900
37560.07 37600
37617.60 37700
37543.70 37600
35363.23 35400
35824.11 35900
35362.72 35400
8104.96 8200
18671.49 18700
19642.97 19700
25109.38 25200
26357.27 26400
27906.09 28000
25391.79 25400
26511.20 26600
27285.03 27300
26191.33 26200
26485.83 26500
24317.97 24400
25070.31 25100
24592.77 24600
23814.03 23900
27372.31 27400
31638.69 31700
34379.38 34400
34924.19 35000
34956.16 35000
35861.39 35900
36642.22 36700
35481.96 35500
35633.63 35700
34627.01 34700
34723.76 34800
37312.97 37400
34329.67 34400
6127.67 6200
7510.60 7600
20220.29 20300
20817.32 20900
26294.81 26300
27003.88 27100
26921.94 27000
26227.81 26300
26170.12 26200
26232.59 26300
26942.25 27000
24975.86 25000
24779.20 24800
25980.01 26000
26979.85 27000
30780.56 30800
31319.13 31400
33366.13 33400
33176.09 33200
34254.71 34300
36471.52 36500
36104.84 36200
34461.41 34500
37057.70 37100
35819.68 35900
37224.82 37300
35138.13 35200
34396.76 34400
35584.65 35600
5711.77 5800
7562.62 7600
18525.74 18600
19755.20 19800
27435.21 27500
28194.15 28200
27745.37 27800
28587.08 28600
26384.61 26400
27491.08 27500
28543.63 28600
28161.00 28200
27049.34 27100
27855.97 27900
26319.55 26400
27817.40 27900
13321.25 13400
24822.65 24900
32270.67 32300
33420.30 33500
36376.25 36400
35979.44 36000
37885.94 37900
38420.22 38500
38376.79 38400
37522.59 37600
37784.06 37800
38139.21 38200
36768.74 36800
36874.74 36900
27346.61 27400
29908.71 30000
28579.93 28600
35905.05 36000
34393.59 34400
35130.92 35200
35502.64 35600
35080.59 35100
34753.27 34800
34186.16 34200
34649.60 34700
33816.54 33900
35358.69 35400
36060.78 36100
20674.25 20700
24577.68 24600
25159.11 25200
26928.41 27000
27621.70 27700
28939.59 29000
29162.65 29200
27733.91 27800
26652.03 26700
29074.50 29100
29444.76 29500
27443.12 27500
28091.45 28100
29309.47 29400
727.25 800
544.29 600
607.01 700
549.11 600
687.39 700
648.37 700
629.99 700
553.63 600
609.26 700
739.77 800
848.28 900
546.94 600
515.58 600
716.67 800
792.81 800
447.88 500
668.83 700
681.49 700
437.85 500
932.48 1000
596.19 600
711.29 800
671.25 700
11203.13 11300
12214.78 12300
21884.53 21900
23307.11 23400
23837.97 23900
24887.53 24900
24942.00 25000
25345.30 25400
26327.69 26400
27066.35 27100
25557.10 25600
27328.61 27400
26485.76 26500
26527.04 26600
26058.98 26100
26059.30 26100
24674.92 24700
32171.53 32200
33326.56 33400
37293.52 37300
37249.87 37300
36784.60 36800
36237.95 36300
35771.71 35800
36005.69 36100
36565.88 36600
34947.71 35000
36056.66 36100
36558.14 36600
38240.60 38300
36819.34 36900
35482.38 35500
35492.50 35500
3438.37 3500
5890.75 5900
7083.69 7100
8674.47 8700
14315.70 14400
20424.88 20500
22708.43 22800
23552.74 23600
25554.42 25600
25122.33 25200
25492.09 25500
25231.26 25300
26737.98 26800
25949.51 26000
26815.08 26900
26301.24 26400
26290.60 26300
25207.61 25300
21429.00 21500
30362.96 30400
27914.03 28000
35358.71 35400
36268.17 36300
37557.19 37600
34402.12 34500
34371.56 34400
35492.59 35500
35663.29 35700
36113.57 36200
35213.30 35300
34190.73 34200
35442.74 35500
33845.15 33900
34198.37 34200
34580.71 34600
14492.26 14500
19531.74 19600
21748.94 21800
23881.51 23900
24666.32 24700
24890.12 24900
25725.24 25800
26131.51 26200
26984.79 27000
26609.78 26700
26748.20 26800
26686.93 26700
25295.79 25300
27154.35 27200
26760.78 26800
24975.79 25000
25779.24 25800
29484.21 29500
29823.66 29900
31558.31 31600
35323.69 35400
35357.96 35400
36215.49 36300
36393.03 36400
36505.62 36600
35720.34 35800
36226.67 36300
34909.44 35000
35928.44 36000
35010.85 35100
35594.82 35600
35055.29 35100
35905.73 36000
34504.02 34600
8235.08 8300
16535.91 16600
16832.38 16900
19660.53 19700
20528.86 20600
25025.81 25100
27155.00 27200
27476.83 27500
29239.96 29300
28607.36 28700
27898.43 27900
28157.26 28200
28004.53 28100
27614.12 27700
26441.35 26500
27428.49 27500
27521.89 27600
19782.52 19800
24725.14 24800
28633.60 28700
36396.99 36400
36994.74 37000
38131.16 38200
36492.78 36500
36448.18 36500
36243.55 36300
37712.93 37800
38996.45 39000
36170.40 36200
37623.81 37700
36542.41 36600
35993.72 36000
35933.84 36000
39353.56 39400
15713.28 15800
26663.71 26700
31326.93 31400
34746.67 34800
34427.04 34500
35108.22 35200
33815.78 33900
34933.06 35000
35502.48 35600
35294.28 35300
36414.81 36500
36080.96 36100
35201.18 35300
36302.85 36400
34203.22 34300
34396.98 34400
12587.41 12600
23425.06 23500
25029.78 25100
25805.25 25900
26141.01 26200
27645.61 27700
28384.45 28400
27442.77 27500
27380.57 27400
27504.24 27600
26827.21 26900
27456.14 27500
27358.01 27400
28048.77 28100
27571.47 27600
26588.84 26600
592.75 600
518.54 600
526.53 600
560.69 600
571.42 600
522.75 600
670.22 700
596.24 600
489.22 500
556.81 600
644.14 700
560.61 600
554.46 600
637.44 700
605.83 700
2045.21 2100
19462.11 19500
21854.22 21900
23932.02 24000
24682.94 24700
25408.80 25500
26973.29 27000
26139.45 26200
27487.28 27500
28742.22 28800
27083.07 27100
27171.69 27200
28388.77 28400
26004.45 26100
25957.57 26000
29055.27 29100
30620.18 30700
33555.22 33600
36934.20 37000
35851.17 35900
36658.11 36700
35525.59 35600
35336.72 35400
37574.54 37600
36080.62 36100
36629.99 36700
35681.23 35700
36513.95 36600
37536.16 37600
12096.87 12100
19283.89 19300
19477.58 19500
21746.49 21800
22964.01 23000
23445.81 23500
24430.44 24500
26370.11 26400
24335.91 24400
26768.88 26800
25728.22 25800
25213.71 25300
25098.77 25100
24544.51 24600
19983.88 20000
29750.04 29800
33507.72 33600
34229.46 34300
34964.57 35000
35905.73 36000
36669.11 36700
34586.64 34600
34453.01 34500
34150.39 34200
35019.93 35100
34725.75 34800
34811.85 34900
34615.04 34700
2976.52 3000
16924.67 17000
24289.12 24300
24020.11 24100
25462.05 25500
25226.02 25300
25015.08 25100
26073.77 26100
27512.83 27600
27436.98 27500
25866.57 25900
25529.21 25600
26224.27 26300
25307.24 25400
21427.46 21500
30659.91 30700
28640.74 28700
35221.59 35300
35091.82 35100
35959.64 36000
35220.71 35300
36370.21 36400
35330.36 35400
35107.71 35200
36338.42 36400
35643.05 35700
35446.08 35500
34924.52 35000
17582.36 17600
25103.45 25200
25309.94 25400
26158.87 26200
26385.40 26400
28618.03 28700
29288.43 29300
29291.79 29300
28392.12 28400
26859.25 26900
27715.81 27800
28238.00 28300
26604.86 26700
31878.16 31900
35380.76 35400
35269.91 35300
37406.74 37500
37782.01 37800
35602.93 35700
37390.01 37400
37332.59 37400
36926.08 37000
38221.15 38300
37036.66 37100
35937.90 36000
37727.95 37800
36910.93 37000
12152.16 12200
24059.75 24100
33901.23 34000
34036.25 34100
34749.43 34800
35494.45 35500
34875.29 34900
36080.61 36100
35135.46 35200
35865.70 35900
35413.23 35500
34913.17 35000
35412.21 35500
34577.97 34600
7959.09 8000
8438.63 8500
27046.57 27100
27349.76 27400
28350.78 28400
27859.22 27900
28402.09 28500
28991.23 29000
27726.46 27800
27739.70 27800
27854.25 27900
27326.59 27400
26405.87 26500
26858.87 26900
26372.12 26400
542.58 600
607.48 700
572.89 600
513.10 600
538.54 600
555.20 600
701.72 800
21083.57 21100
23118.42 23200
25162.67 25200
25196.84 25200
26647.88 26700
26051.32 26100
27504.33 27600
26737.12 26800
27231.93 27300
26457.33 26500
27362.38 27400
25344.50 25400
26296.91 26300
25633.84 25700
11056.86 11100
30691.50 30700
34182.69 34200
34858.82 34900
35914.39 36000
36612.48 36700
38068.54 38100
35890.47 35900
35404.80 35500
36889.47 36900
36293.87 36300
37002.88 37100
37057.17 37100
35886.68 35900
35347.49 35400
16831.29 16900
19497.01 19500
21741.93 21800
22637.90 22700
23246.39 23300
23801.96 23900
26181.30 26200
26239.51 26300
25085.73 25100
25290.51 25300
25802.81 25900
24460.90 24500
25463.86 25500
22486.05 22500
33072.74 33100
34166.88 34200
33608.74 33700
35858.68 35900
34946.75 35000
35999.54 36000
35314.98 35400
33664.86 33700
35272.08 35300
34485.80 34500
35023.85 35100
35368.90 35400
34315.69 34400
34652.25 34700
5583.37 5600
11937.27 12000
14572.41 14600
16608.56 16700
17632.75 17700
23584.70 23600
24106.18 24200
25261.61 25300
25557.73 25600
25750.45 25800
25561.53 25600
25381.11 25400
27024.94 27100
26642.22 26700
25321.82 25400
25375.52 25400
12765.63 12800
14935.64 15000
34644.12 34700
34859.87 34900
36340.84 36400
36096.79 36100
35508.89 35600
35090.01 35100
34252.10 34300
34290.38 34300
35661.80 35700
34605.11 34700
36442.09 36500
35026.71 35100
34434.49 34500
9161.89 9200
19503.76 19600
24348.88 24400
24160.18 24200
24066.69 24100
25985.47 26000
27208.74 27300
28195.48 28200
28159.26 28200
28071.37 28100
27923.36 28000
27668.48 27700
28133.29 28200
26658.28 26700
18208.75 18300
27775.02 27800
30222.66 30300
35763.01 35800
37560.46 37600
36355.35 36400
37649.18 37700
37751.51 37800
37727.97 37800
37168.93 37200
38809.02 38900
37351.83 37400
36184.93 36200
37469.01 37500
36662.45 36700
14741.17 14800
19043.86 19100
24242.65 24300
27052.65 27100
32013.93 32100
33167.74 33200
34605.08 34700
35426.41 35500
35239.02 35300
35371.24 35400
35322.78 35400
34556.12 34600
33862.48 33900
33605.33 33700
34876.76 34900
25766.41 25800
25952.55 26000
27295.86 27300
28361.98 28400
28256.26 28300
27656.28 27700
27663.77 27700
26436.91 26500
28439.88 28500
27991.51 28000
26261.07 26300
26582.83 26600
27273.34 27300
26956.19 27000
26399.58 26400
414.86 500
463.98 500
531.11 600
501.10 600
471.16 500
461.75 500
477.34 500
7048.42 7100
8690.40 8700
15886.95 15900
23125.28 23200
26161.90 26200
25833.49 25900
26652.03 26700
27601.11 27700
27308.53 27400
27351.17 27400
26648.02 26700
25817.76 25900
26352.46 26400
26582.23 26600
26072.25 26100
24438.06 24500
28955.16 29000
29888.75 29900
33912.45 34000
29015.61 29100
34404.66 34500
35987.56 36000
37131.61 37200
35942.79 36000
37190.67 37200
35016.10 35100
37022.27 37100
37756.90 37800
37039.81 37100
35555.49 35600
35224.38 35300
10431.29 10500
11887.36 11900
13074.10 13100
18486.90 18500
19770.50 19800
21158.19 21200
21551.62 21600
26093.61 26100
24880.06 24900
25978.56 26000
25690.03 25700
25440.67 25500
24651.33 24700
25181.52 25200
25580.08 25600
21575.67 21600
28741.70 28800
33693.33 33700
33593.13 33600
33638.41 33700
34548.30 34600
34412.37 34500
34293.89 34300
34177.02 34200
36409.96 36500
34714.09 34800
35077.85 35100
35286.68 35300
34542.57 34600
34265.23 34300
34509.42 34600
4274.52 4300
8045.33 8100
9795.47 9800
16420.12 16500
17771.48 17800
18617.91 18700
19252.75 19300
20693.43 20700
24475.41 24500
26668.39 26700
25845.55 25900
26034.31 26100
26333.78 26400
26337.86 26400
25490.79 25500
25223.30 25300
26374.43 26400
25254.69 25300
23872.11 23900
23542.85 23600
30765.11 30800
32372.14 32400
33170.92 33200
36037.25 36100
34870.90 34900
36032.35 36100
34441.09 34500
34665.84 34700
34197.35 34200
36882.93 36900
34212.70 34300
34994.23 35000
35361.73 35400
35373.57 35400
5076.51 5100
12363.83 12400
13257.17 13300
18567.28 18600
24476.22 24500
25503.53 25600
27023.21 27100
27016.72 27100
27945.37 28000
27740.13 27800
26994.09 27000
27079.57 27100
26527.70 26600
29021.27 29100
27043.14 27100
26810.01 26900
27793.82 27800
27794.56 27800
31441.97 31500
34489.86 34500
36100.74 36200
35452.09 35500
36426.24 36500
38882.82 38900
39367.46 39400
36289.53 36300
36954.16 37000
38807.48 38900
36838.05 36900
37597.02 37600
39302.42 39400
36425.06 36500
36466.75 36500
3586.15 3600
16394.79 16400
22222.68 22300
27319.61 27400
31969.89 32000
32869.57 32900
35093.66 35100
34876.03 34900
34143.06 34200
35859.75 35900
34436.73 34500
35444.63 35500
34970.23 35000
34633.91 34700
35185.65 35200
34481.16 34500
35783.95 35800
11405.86 11500
13101.51 13200
14964.30 15000
20029.57 20100
26143.91 26200
28595.01 28600
26215.81 26300
27687.58 27700
29406.97 29500
28064.04 28100
27264.63 27300
28077.13 28100
27746.97 27800
27773.18 27800
26708.88 26800
26570.96 26600
595.01 600
584.98 600
541.85 600
603.10 700
555.65 600
575.24 600
678.36 700
536.84 600
603.37 700
595.83 600
606.22 700
549.22 600
531.24 600
620.73 700
23208.44 23300
26446.76 26500
26227.54 26300
26793.58 26800
25892.69 25900
26304.14 26400
26830.96 26900
25619.12 25700
25692.89 25700
27237.93 27300
17310.28 17400
23041.61 23100
26303.94 26400
30553.34 30600
33168.51 33200
34676.64 34700
36864.46 36900
36584.47 36600
36236.81 36300
35932.56 36000
24762.72 24800
24861.00 24900
24886.43 24900
25124.33 25200
26360.11 26400
24531.91 24600
25182.00 25200
26178.47 26200
24878.18 24900
24711.62 24800
19962.58 20000
23372.31 23400
24475.62 24500
31216.48 31300
33526.76 33600
34128.36 34200
34302.26 34400
37107.78 37200
35510.12 35600
35501.38 35600
23160.82 23200
24137.56 24200
26746.59 26800
27127.72 27200
26142.78 26200
25751.07 25800
26398.92 26400
25386.31 25400
25119.38 25200
25660.87 25700
12955.48 13000
14437.66 14500
19178.93 19200
28383.11 28400
31127.48 31200
34295.39 34300
35927.14 36000
36497.58 36500
35366.82 35400
35163.79 35200
24889.83 24900
27982.73 28000
28733.59 28800
26904.76 27000
26515.10 26600
29100.01 29200
26480.46 26500
27370.28 27400
26752.55 26800
26793.41 26800
14577.07 14600
21405.96 21500
26401.01 26500
26968.51 27000
36777.05 36800
38640.27 38700
38295.86 38300
38931.47 39000
38888.30 38900
37411.28 37500
31458.66 31500
33202.73 33300
33474.10 33500
33443.71 33500
33823.20 33900
34749.16 34800
33947.19 34000
34326.82 34400
34237.45 34300
34124.08 34200
7485.94 7500
9004.86 9100
18862.40 18900
24423.94 24500
27378.25 27400
28348.93 28400
28030.50 28100
27953.91 28000
27970.89 28000
27041.54 27100
27774.82 27800
498.49 500
529.67 600
538.00 600
535.33 600
628.74 700
524.17 600
473.76 500
614.31 700
453.10 500
530.01 600
529.75 600
569.73 600
719.81 800
583.98 600
507.75 600
651.92 700
613.49 700
601.69 700
3555.20 3600
21246.82 21300
22041.83 22100
26754.50 26800
27664.75 27700
26726.70 26800
26141.60 26200
27857.56 27900
27358.82 27400
26450.38 26500
26997.40 27000
18907.75 19000
25264.71 25300
29423.98 29500
35038.17 35100
35957.41 36000
36599.97 36600
37366.56 37400
35039.90 35100
37518.39 37600
36000.03 36100
36285.39 36300
35536.96 35600
1898.26 1900
4073.19 4100
15908.58 16000
17036.89 17100
25967.44 26000
24972.91 25000
26264.13 26300
25770.59 25800
25006.28 25100
25912.84 26000
26043.08 26100
24604.96 24700
24867.94 24900
24787.04 24800
25932.99 26000
27160.43 27200
29159.31 29200
29501.62 29600
28780.45 28800
34690.31 34700
35686.72 35700
35274.45 35300
34597.31 34600
34318.58 34400
34545.08 34600
34473.03 34500
11507.90 11600
21687.73 21700
27716.95 27800
27603.71 27700
26514.90 26600
25239.94 25300
26655.36 26700
25294.78 25300
25945.92 26000
25311.98 25400
25763.36 25800
27433.68 27500
30906.61 31000
32663.00 32700
33592.33 33600
34615.04 34700
35248.83 35300
36055.95 36100
36243.15 36300
37344.49 37400
35110.23 35200
34180.71 34200
34365.81 34400
20474.53 20500
22306.66 22400
27938.43 28000
30428.22 30500
27021.33 27100
29196.90 29200
28037.58 28100
26579.94 26600
27127.37 27200
27951.79 28000
28145.88 28200
26584.88 26600
14247.92 14300
24037.53 24100
29204.67 29300
31585.60 31600
36820.82 36900
37096.85 37100
37154.60 37200
38962.87 39000
39806.72 39900
38802.74 38900
36135.38 36200
36850.91 36900
25522.39 25600
34929.33 35000
36064.31 36100
36681.13 36700
36206.87 36300
35072.63 35100
35447.24 35500
36653.57 36700
34349.22 34400
34555.19 34600
34259.76 34300
4742.90 4800
21849.28 21900
23800.35 23900
26296.73 26300
27386.41 27400
27056.66 27100
28777.77 28800
27680.35 27700
28567.45 28600
28552.24 28600
26616.25 26700
28570.52 28600
18003.58 18100
25381.00 25400
25610.83 25700
26392.78 26400
27313.72 27400
28967.78 29000
26460.02 26500
26175.59 26200
26090.56 26100
27448.68 27500
26596.69 26600
27493.13 27500
26798.08 26800
27046.34 27100
27131.51 27200
30769.84 30800
32693.54 32700
32474.77 32500
36198.56 36200
35262.08 35300
35902.00 36000
37214.67 37300
36665.15 36700
36613.02 36700
37623.31 37700
37216.52 37300
37012.32 37100
35228.94 35300
37430.08 37500
36990.41 37000
13793.01 13800
22637.19 22700
24264.29 24300
25297.92 25300
25226.21 25300
25936.08 26000
26632.27 26700
25890.06 25900
25343.54 25400
27525.93 27600
24928.05 25000
26112.77 26200
26420.96 26500
25670.58 25700
19754.66 19800
32546.81 32600
32516.01 32600
33036.81 33100
35094.81 35100
35864.52 35900
35371.28 35400
36270.77 36300
37131.96 37200
35390.90 35400
36898.38 36900
35736.82 35800
34527.56 34600
34145.24 34200
35745.44 35800
6256.19 6300
7762.63 7800
13815.34 13900
15203.15 15300
24414.29 24500
25526.00 25600
26152.66 26200
27109.04 27200
25188.74 25200
26268.22 26300
26608.78 26700
27133.66 27200
25875.23 25900
24670.70 24700
25987.42 26000
26282.96 26300
24898.41 24900
24605.47 24700
28963.51 29000
29440.08 29500
31811.76 31900
33403.37 33500
32917.66 33000
33791.26 33800
34766.01 34800
35952.39 36000
35821.57 35900
35041.44 35100
35058.58 35100
36324.33 36400
34537.01 34600
34431.89 34500
22767.86 22800
23991.22 24000
26876.28 26900
26046.04 26100
26391.93 26400
27272.79 27300
26889.23 26900
27595.04 27600
27324.60 27400
26903.29 27000
28709.82 28800
26920.59 27000
27393.90 27400
28787.85 28800
27722.32 27800
29065.81 29100
31180.08 31200
31819.85 31900
34190.02 34200
37230.65 37300
35808.24 35900
37208.76 37300
37898.47 37900
38953.02 39000
37531.76 37600
38301.96 38400
37721.40 37800
37155.66 37200
38069.92 38100
37421.15 37500
11878.41 11900
17187.04 17200
30361.89 30400
30611.00 30700
35288.82 35300
36505.71 36600
33826.09 33900
35932.39 36000
35202.27 35300
35844.45 35900
35064.42 35100
35159.17 35200
34440.26 34500
34444.54 34500
34253.65 34300
23547.10 23600
24030.55 24100
25844.93 25900
26348.06 26400
27940.03 28000
28286.39 28300
27827.05 27900
28357.89 28400
29684.52 29700
27389.04 27400
28437.16 28500
27353.22 27400
26328.60 26400
27575.16 27600
26627.53 26700
536.58 600
585.40 600
576.96 600
605.11 700
608.12 700
536.32 600
571.68 600
567.72 600
448.69 500
522.93 600
627.23 700
505.22 600
572.34 600
589.30 600
614.43 700
529.90 600
638.41 700
546.73 600
569.64 600
512.93 600
538.75 600
510.41 600
660.77 700
552.67 600
621.34 700
16002.94 16100
20366.43 20400
20434.01 20500
25884.89 25900
25150.74 25200
25758.06 25800
25964.13 26000
27138.20 27200
28182.43 28200
27786.70 27800
26011.17 26100
26409.06 26500
25759.37 25800
25487.57 25500
24406.10 24500
27663.78 27700
33663.06 33700
35633.23 35700
38164.57 38200
37007.39 37100
34759.32 34800
36087.21 36100
36299.11 36300
35710.02 35800
36958.09 37000
36575.66 36600
35114.25 35200
35688.24 35700
37822.20 37900
5806.66 5900
8036.53 8100
20985.95 21000
22818.12 22900
25097.83 25100
25136.38 25200
25529.99 25600
27164.23 27200
26315.81 26400
26437.21 26500
26424.49 26500
25646.73 25700
25492.69 25500
25013.16 25100
27034.44 27100
25564.11 25600
24257.48 24300
25655.84 25700
29066.23 29100
29332.40 29400
34793.36 34800
36358.67 36400
34817.83 34900
36061.27 36100
35388.28 35400
36018.88 36100
34261.42 34300
34798.41 34800
35220.40 35300
35468.77 35500
34113.16 34200
15286.71 15300
21467.33 21500
25974.81 26000
26028.05 26100
25969.01 26000
26379.63 26400
27368.97 27400
27117.97 27200
25553.84 25600
25986.34 26000
28110.22 28200
25515.65 25600
25289.36 25300
25282.68 25300
25804.61 25900
21369.96 21400
25499.35 25500
31553.66 31600
31917.19 32000
36026.85 36100
36703.97 36800
36264.85 36300
35837.85 35900
35496.14 35500
36157.32 36200
34340.87 34400
34876.96 34900
36315.60 36400
35444.62 35500
36570.32 36600
17331.30 17400
21041.81 21100
26103.00 26200
26981.65 27000
27104.60 27200
26429.93 26500
28627.31 28700
28942.44 29000
28607.84 28700
28295.98 28300
27266.19 27300
26780.48 26800
28390.67 28400
26768.06 26800
27840.23 27900
20241.21 20300
27185.93 27200
30975.87 31000
37465.09 37500
36908.01 37000
38308.69 38400
37009.54 37100
38053.80 38100
36919.55 37000
36428.37 36500
38285.20 38300
37641.35 37700
38018.83 38100
37798.87 37800
37288.50 37300
6264.95 6300
30390.78 30400
30934.02 31000
31613.77 31700
32136.77 32200
35115.57 35200
35223.96 35300
34875.53 34900
34861.57 34900
35139.26 35200
33731.38 33800
35544.26 35600
33761.61 33800
34002.80 34100
36012.14 36100
36053.40 36100
12956.65 13000
17732.72 17800
20040.71 20100
27604.71 27700
27615.98 27700
27714.35 27800
28778.67 28800
26661.61 26700
26840.52 26900
29971.72 30000
29262.43 29300
27437.50 27500
27059.18 27100
27011.53 27100
28712.14 28800
26710.77 26800
27413.76 27500
27687.58 27700
26777.14 26800
27778.37 27800
26278.07 26300
26606.71 26700
26899.04 26900
17220.54 17300
21063.85 21100
32265.34 32300
32086.99 32100
34754.69 34800
36551.24 36600
36780.59 36800
37788.38 37800
35255.31 35300
19049.21 19100
21865.39 21900
25597.22 25600
24902.83 25000
25958.17 26000
26696.11 26700
25303.01 25400
24791.12 24800
24923.79 25000
16633.10 16700
18662.15 18700
31905.44 32000
32417.79 32500
33423.08 33500
35561.90 35600
35579.77 35600
34211.29 34300
34056.83 34100
28066.01 28100
26556.87 26600
26462.02 26500
25879.10 25900
27184.36 27200
26045.35 26100
24721.59 24800
26205.91 26300
25070.49 25100
27562.24 27600
30189.44 30200
34446.92 34500
34062.70 34100
36350.75 36400
37350.46 37400
34460.25 34500
36844.41 36900
10561.89 10600
12350.79 12400
16183.69 16200
27188.57 27200
27724.16 27800
27607.92 27700
26633.32 26700
27594.37 27600
27408.76 27500
16888.46 16900
17909.26 18000
36058.28 36100
38002.32 38100
38014.84 38100
37283.80 37300
35975.85 36000
36201.01 36300
36557.62 36600
11329.24 11400
32589.40 32600
32369.46 32400
34659.60 34700
35766.72 35800
36442.79 36500
33811.54 33900
35396.20 35400
34013.93 34100
14886.08 14900
15780.92 15800
22357.87 22400
24438.74 24500
24791.70 24800
27974.43 28000
26929.81 27000
27585.88 27600
26383.90 26400
697.46 700
640.08 700
645.51 700
605.60 700
607.10 700
607.29 700
597.60 600
645.10 700
640.04 700
744.95 800
613.44 700
12381.65 12400
20554.42 20600
24712.45 24800
25324.32 25400
26015.91 26100
26446.24 26500
27152.51 27200
25906.56 26000
27869.25 27900
27669.37 27700
25404.77 25500
25894.24 25900
26003.70 26100
21967.96 22000
22959.13 23000
28172.81 28200
35725.59 35800
33998.49 34000
35343.60 35400
36324.40 36400
38553.21 38600
36846.00 36900
36142.28 36200
37813.76 37900
36019.25 36100
35484.69 35500
3964.86 4000
4953.46 5000
12275.52 12300
24552.60 24600
25349.43 25400
26187.84 26200
26755.78 26800
26043.34 26100
26612.13 26700
26335.10 26400
25528.98 25600
25614.20 25700
25190.51 25200
24876.53 24900
25003.29 25100
17071.17 17100
20136.01 20200
25698.23 25700
33357.06 33400
34994.60 35000
35535.49 35600
35404.17 35500
35425.08 35500
36141.76 36200
33763.20 33800
34824.53 34900
35844.20 35900
35443.21 35500
22821.53 22900
22657.03 22700
25799.06 25800
25151.34 25200
25714.08 25800
26406.45 26500
28402.35 28500
26338.14 26400
26452.14 26500
26147.51 26200
25140.50 25200
25005.08 25100
19492.12 19500
33685.26 33700
34473.07 34500
34068.22 34100
34524.05 34600
34980.35 35000
35092.28 35100
35929.16 36000
35552.41 35600
35909.83 36000
35165.14 35200
35610.01 35700
34632.99 34700
12419.32 12500
12418.77 12500
25320.47 25400
26583.41 26600
28158.95 28200
29258.41 29300
29153.33 29200
27514.61 27600
27952.33 28000
27622.25 27700
26556.25 26600
27982.57 28000
26703.12 26800
27573.43 27600
32874.66 32900
33444.21 33500
34667.78 34700
37038.11 37100
38409.93 38500
37914.49 38000
38060.37 38100
37854.50 37900
36767.43 36800
38040.14 38100
36434.45 36500
36517.01 36600
15757.59 15800
18612.61 18700
25189.48 25200
35583.89 35600
35899.88 35900
36535.61 36600
36478.01 36500
35091.17 35100
36411.58 36500
34713.80 34800
34597.51 34600
34893.44 34900
34420.81 34500
10213.49 10300
14637.56 14700
21347.52 21400
26428.75 26500
26500.78 26600
28454.09 28500
27793.28 27800
28127.95 28200
28304.84 28400
28685.38 28700
26746.05 26800
26549.44 26600
26516.08 26600
619.28 700
602.19 700
659.05 700
620.96 700
643.32 700
634.41 700
539.67 600
675.72 700
628.82 700
7067.09 7100
16216.86 16300
16915.63 17000
19517.46 19600
24718.81 24800
25899.96 25900
27544.30 27600
27391.83 27400
25851.10 25900
26019.88 26100
26402.33 26500
26346.00 26400
25891.46 25900
25993.46 26000
25575.70 25600
26918.55 27000
28171.96 28200
33193.83 33200
36449.46 36500
36263.85 36300
38100.32 38200
34988.84 35000
36432.97 36500
36856.45 36900
35726.77 35800
35531.09 35600
36698.60 36700
13865.59 13900
20021.39 20100
20557.70 20600
22119.37 22200
22155.33 22200
24520.41 24600
25393.51 25400
24585.07 24600
24602.39 24700
25915.65 26000
24992.88 25000
25409.94 25500
24926.62 25000
27934.21 28000
28672.37 28700
32584.96 32600
33521.03 33600
36377.35 36400
37492.09 37500
34946.69 35000
34150.18 34200
35580.78 35600
36076.17 36100
35306.17 35400
35135.82 35200
35203.87 35300
4421.99 4500
6709.70 6800
7035.20 7100
23265.43 23300
23696.60 23700
24326.83 24400
26589.04 26600
26116.46 26200
27047.67 27100
25101.80 25200
25872.13 25900
26016.90 26100
26492.83 26500
25674.59 25700
27173.41 27200
25618.27 25700
14240.32 14300
19407.76 19500
22532.96 22600
31593.65 31600
31851.23 31900
35230.58 35300
36231.00 36300
36169.91 36200
35801.41 35900
34952.05 35000
34648.75 34700
35032.17 35100
35755.32 35800
13560.63 13600
24626.54 24700
25694.58 25700
27810.49 27900
28415.56 28500
27073.08 27100
27802.79 27900
27466.71 27500
26779.71 26800
27592.99 27600
26839.35 26900
27063.94 27100
11644.68 11700
28153.12 28200
30021.58 30100
31839.27 31900
34652.32 34700
35589.79 35600
37258.90 37300
37287.98 37300
38254.04 38300
38258.84 38300
36091.65 36100
37672.60 37700
36399.98 36400
7847.04 7900
22666.25 22700
31061.58 31100
34450.93 34500
34929.99 35000
35424.08 35500
35959.71 36000
33965.42 34000
34134.03 34200
34179.47 34200
34979.19 35000
33878.42 33900
35766.83 35800
10173.12 10200
17392.78 17400
21410.20 21500
22715.68 22800
27114.38 27200
28055.70 28100
28942.69 29000
26706.39 26800
27984.32 28000
27813.78 27900
26924.74 27000
26991.66 27000
587.05 600
686.34 700
653.73 700
532.78 600
549.76 600
511.15 600
511.32 600
586.96 600
670.28 700
650.63 700
734.65 800
638.20 700
534.67 600
588.73 600
520.40 600
555.56 600
623.26 700
601.58 700
669.20 700
580.47 600
650.75 700
611.14 700
